byte offset: 0
first index: 0
index count: 10170
topology: trianglelist
format: DXGI_FORMAT_R16_UINT

0 1 2
1 0 3
3 4 1
4 3 5
2 6 0
6 2 7
7 8 6
8 7 9
9 10 8
10 9 11
11 12 10
12 11 13
13 14 12
14 13 15
5 15 4
15 5 14
16 17 18
17 16 19
19 20 17
20 19 21
21 22 20
22 21 23
23 24 22
24 23 25
25 26 24
26 25 27
27 28 26
28 27 29
29 30 28
30 29 31
18 31 16
31 18 30
32 33 34
33 32 35
36 34 33
34 36 37
38 37 36
37 38 39
40 39 38
39 40 41
42 41 40
41 42 43
44 43 42
43 44 45
46 35 32
35 46 47
48 47 46
47 48 49
50 51 52
52 53 50
53 52 54
54 55 53
55 54 56
57 55 56
58 59 60
59 58 61
58 62 61
62 58 63
62 63 64
60 59 65
66 67 68
67 66 69
70 71 72
71 70 73
74 75 76
75 74 77
78 79 80
79 78 81
82 83 84
83 82 85
84 86 82
86 84 87
87 88 86
88 87 89
89 90 88
90 89 91
92 90 91
90 92 93
94 93 92
93 94 95
96 95 94
95 96 97
98 97 96
97 98 99
98 100 99
100 98 101
101 102 100
102 101 103
103 104 102
104 103 105
105 106 104
106 105 107
108 106 107
106 108 109
110 109 108
109 110 111
112 111 110
111 112 113
83 113 112
113 83 85
114 115 116
115 114 117
116 118 114
118 116 119
119 120 118
120 119 121
121 122 120
122 121 123
124 122 123
122 124 125
126 125 124
125 126 127
128 127 126
127 128 129
130 129 128
129 130 131
130 132 131
132 130 133
133 134 132
134 133 135
135 136 134
136 135 137
137 138 136
138 137 139
140 138 139
138 140 141
142 141 140
141 142 143
144 143 142
143 144 145
115 145 144
145 115 117
146 147 148
147 146 149
148 150 146
150 148 151
151 152 150
152 151 153
153 154 152
154 153 155
156 154 155
154 156 157
158 157 156
157 158 159
160 159 158
159 160 161
162 161 160
161 162 163
162 164 163
164 162 165
165 166 164
166 165 167
167 168 166
168 167 169
169 170 168
170 169 171
172 170 171
170 172 173
174 173 172
173 174 175
176 175 174
175 176 177
147 177 176
177 147 149
178 179 180
179 178 181
182 183 184
183 182 185
186 187 188
187 186 189
190 191 192
191 190 193
194 195 196
194 197 195
197 194 198
198 199 197
199 198 200
201 199 200
199 201 202
201 203 202
203 201 204
204 205 203
205 204 206
206 207 205
207 206 208
207 208 209
210 211 212
211 210 213
214 215 216
215 214 217
218 219 220
219 218 221
222 223 224
223 222 225
226 227 228
227 226 229
230 231 232
231 230 233
234 235 236
235 234 237
238 239 240
239 238 241
242 243 244
243 242 245
246 243 245
243 246 247
246 248 247
248 246 249
249 250 248
250 249 251
250 251 252
244 253 242
253 244 254
254 255 253
255 254 256
255 256 257
258 259 260
259 258 261
262 260 259
260 262 263
264 263 262
263 264 265
266 265 264
265 266 267
268 267 266
267 268 269
270 269 268
269 270 271
272 271 270
271 272 273
274 273 272
273 274 275
276 275 274
275 276 277
261 277 276
277 261 258
278 279 280
279 278 281
282 280 279
280 282 283
284 283 282
283 284 285
286 285 284
285 286 287
288 287 286
287 288 289
290 289 288
289 290 291
292 291 290
291 292 293
294 293 292
293 294 295
296 295 294
295 296 297
281 297 296
297 281 278
298 299 300
299 298 301
301 302 299
302 301 303
304 302 303
302 304 305
304 306 305
306 304 307
308 309 310
309 308 311
312 311 308
311 312 313
314 313 312
313 314 315
316 315 314
315 316 317
318 317 316
317 318 319
320 319 318
319 320 321
322 321 320
321 322 323
324 323 322
323 324 325
326 325 324
325 326 327
310 327 326
327 310 309
328 329 330
329 328 331
332 329 331
329 332 333
334 333 332
333 334 335
336 335 334
335 336 337
338 337 336
337 338 339
340 339 338
339 340 341
342 341 340
341 342 343
344 343 342
343 344 345
346 345 344
345 346 347
348 347 346
347 348 349
350 351 352
351 353 352
353 351 354
354 355 353
355 354 356
356 357 355
357 356 358
359 357 358
357 359 360
361 360 359
360 361 362
363 362 361
362 363 364
365 364 363
364 365 366
366 365 367
368 369 370
370 371 368
370 372 371
373 371 372
374 375 376
375 374 377
378 379 380
378 380 381
382 383 384
383 382 385
386 387 388
386 388 389
386 389 390
390 389 391
392 390 391
390 392 393
394 395 396
395 394 397
396 398 394
394 398 399
399 400 394
401 394 400
394 401 402
401 403 402
403 404 402
404 403 405
406 404 405
404 406 407
398 408 399
399 408 409
409 410 399
399 410 411
408 398 412
412 398 413
413 398 414
413 415 412
416 417 418
417 416 419
420 421 422
421 420 423
422 424 420
420 424 425
425 424 426
427 426 424
424 428 427
429 427 428
430 431 432
431 430 433
434 433 430
433 434 435
436 437 438
436 439 437
436 440 439
440 436 441
442 441 436
443 441 442
442 444 443
444 445 443
446 447 448
449 450 451
450 449 452
453 454 455
454 453 456
457 458 459
458 457 460
461 457 459
457 461 462
463 464 465
464 463 466
465 467 463
467 465 468
464 466 469
468 470 467
470 468 471
471 472 470
472 471 473
474 475 476
477 476 475
478 479 480
479 478 481
482 478 480
483 482 480
483 484 482
483 485 484
486 484 485
484 486 487
487 486 488
488 489 487
489 488 490
491 490 488
486 491 488
490 491 492
491 493 492
493 491 494
495 490 492
490 495 496
496 489 490
492 497 495
497 492 493
493 498 497
498 493 499
493 494 499
500 498 499
489 496 501
502 500 499
500 502 503
494 504 499
502 499 504
494 505 504
504 505 506
504 506 502
507 506 505
505 508 507
508 509 507
509 510 507
510 509 511
511 512 510
513 514 515
514 513 516
517 518 519
518 517 520
521 522 523
523 522 524
522 525 524
525 522 526
526 527 525
527 526 528
529 527 528
527 529 530
529 528 531
531 528 532
532 533 531
533 532 534
534 535 533
533 535 536
537 538 539
538 540 539
540 538 541
542 540 541
542 543 540
543 542 544
544 545 543
546 545 544
545 546 547
548 547 546
547 548 549
549 550 547
551 552 553
554 551 553
551 554 555
556 552 557
552 556 558
559 560 561
561 562 559
563 562 561
562 563 564
565 562 564
566 565 564
565 566 567
560 559 568
569 570 571
572 573 574
573 572 575
576 577 578
579 580 581
580 579 582
583 584 585
584 583 586
587 588 589
588 587 590
589 591 587
591 589 592
592 593 591
593 592 594
595 596 597
596 595 598
599 600 601
602 603 604
603 602 605
606 604 603
603 607 606
603 608 607
609 610 611
610 609 612
613 614 615
616 613 615
615 617 616
618 619 620
618 620 621
622 623 624
623 622 625
626 627 628
629 630 631
632 633 634
635 636 637
638 639 640
639 638 641
642 639 641
639 642 643
640 644 638
644 640 645
646 643 642
643 646 647
646 648 647
648 646 649
649 650 648
650 649 651
651 652 650
652 651 653
654 652 653
652 654 655
656 655 654
645 656 644
655 656 657
656 645 657
658 659 660
661 662 663
662 661 664
665 666 667
666 665 668
669 670 671
670 669 672
673 674 675
676 674 673
676 677 674
678 677 676
677 678 679
679 678 680
681 680 678
680 681 682
682 683 680
683 682 684
682 681 685
681 686 685
685 686 687
686 681 688
687 689 685
690 689 687
689 690 691
677 679 692
693 694 695
696 693 695
696 695 697
698 696 697
697 699 698
699 700 698
700 701 698
701 700 702
703 702 700
702 703 704
702 705 701
706 701 705
705 707 706
701 706 708
707 705 709
709 710 707
710 709 711
697 712 699
713 714 715
714 713 716
717 718 719
718 717 720
721 722 723
722 721 724
725 726 727
726 725 728
729 730 731
730 729 732
733 734 735
734 733 736
737 738 739
738 737 740
741 742 743
742 741 744
745 746 747
746 745 748
749 750 751
750 749 752
753 754 755
754 753 756
757 758 759
758 757 760
761 762 763
762 761 764
765 766 767
766 765 768
769 770 771
770 769 772
773 774 775
774 773 776
777 778 779
778 777 780
781 782 783
782 781 784
785 786 787
786 785 788
789 790 791
790 789 792
793 794 795
794 793 796
797 798 799
798 797 800
801 802 803
802 801 804
801 805 804
804 805 806
805 801 807
808 807 801
809 803 802
809 802 810
803 809 811
811 812 803
813 814 815
814 813 816
817 818 819
818 820 819
820 818 821
817 822 818
822 817 823
817 824 823
824 817 825
826 827 828
829 828 827
828 829 830
831 826 828
832 826 831
833 826 832
826 833 834
835 836 837
836 835 838
839 840 841
840 839 842
843 844 845
844 843 846
847 848 849
848 847 850
851 852 853
852 851 854
855 856 857
858 857 856
857 858 859
860 855 857
860 861 855
862 855 861
855 862 863
864 865 866
865 867 866
867 865 868
864 869 865
869 864 870
864 871 870
871 864 872
873 874 875
874 873 876
877 878 879
878 877 880
881 882 883
882 881 884
885 886 887
886 885 888
889 890 891
890 889 892
893 894 895
894 893 896
895 897 893
897 895 898
898 899 897
899 898 900
900 901 899
901 900 902
902 903 901
903 902 904
904 905 903
905 904 906
906 907 905
907 906 908
896 908 894
908 896 907
909 910 911
911 910 912
912 910 913
913 910 914
914 910 915
915 910 916
917 918 919
918 917 920
921 919 918
919 921 922
923 922 921
922 923 924
925 924 923
924 925 926
927 926 925
926 927 928
929 928 927
928 929 930
931 930 929
930 931 932
932 920 917
920 932 931
933 934 935
934 936 935
936 937 935
937 938 935
938 939 935
939 940 935
941 942 943
942 941 944
945 944 941
944 945 946
947 946 945
946 947 948
949 948 947
948 949 950
951 952 953
952 951 954
955 953 952
953 955 956
957 956 955
956 957 958
959 958 957
958 959 960
961 962 963
962 961 964
965 966 967
966 965 968
969 970 971
970 969 972
973 974 975
976 973 975
976 975 977
978 976 977
977 979 978
979 980 978
980 981 978
981 980 982
983 982 980
982 983 984
982 985 981
986 981 985
985 987 986
981 986 988
987 985 989
989 990 987
990 989 991
977 992 979
993 994 995
996 994 993
996 997 994
998 997 996
997 998 999
999 998 1000
1001 1000 998
1000 1001 1002
1002 1003 1000
1003 1002 1004
1002 1001 1005
1001 1006 1005
1005 1006 1007
1006 1001 1008
1007 1009 1005
1010 1009 1007
1009 1010 1011
997 999 1012
1013 1014 1015
1014 1013 1016
1017 1018 1019
1018 1017 1020
1021 1022 1023
1022 1021 1024
1025 1026 1027
1026 1025 1028
1029 1030 1031
1030 1029 1032
1033 1034 1035
1034 1033 1036
1037 1038 1039
1038 1037 1040
1041 1042 1043
1042 1041 1044
1045 1046 1047
1046 1045 1048
1049 1050 1051
1050 1049 1052
1053 1054 1055
1054 1053 1056
1057 1058 1059
1058 1057 1060
1061 1062 1063
1062 1061 1064
1065 1066 1067
1066 1065 1068
1069 1070 1071
1070 1069 1072
1073 1074 1075
1074 1073 1076
1077 1078 1079
1078 1077 1080
1081 1082 1083
1082 1081 1084
1085 1086 1087
1086 1085 1088
1089 1090 1091
1090 1089 1092
1093 1094 1095
1094 1093 1096
1097 1098 1099
1098 1097 1100
1101 1102 1103
1102 1101 1104
1105 1102 1104
1104 1106 1105
1102 1105 1107
1108 1102 1107
1103 1109 1101
1109 1110 1101
1109 1103 1111
1111 1103 1112
1113 1114 1115
1114 1113 1116
1117 1118 1119
1120 1119 1118
1119 1120 1121
1117 1119 1122
1122 1123 1117
1124 1117 1123
1117 1124 1125
1126 1127 1128
1127 1129 1128
1129 1127 1130
1131 1127 1126
1132 1131 1126
1126 1133 1132
1133 1126 1134
1135 1136 1137
1136 1135 1138
1139 1140 1141
1140 1139 1142
1143 1144 1145
1144 1143 1146
1147 1148 1149
1148 1147 1150
1151 1152 1153
1152 1151 1154
1155 1156 1157
1156 1158 1157
1158 1156 1159
1160 1156 1155
1160 1155 1161
1155 1162 1161
1162 1155 1163
1164 1165 1166
1167 1166 1165
1166 1167 1168
1164 1166 1169
1169 1170 1164
1171 1164 1170
1164 1171 1172
1173 1174 1175
1174 1173 1176
1177 1178 1179
1178 1177 1180
1181 1182 1183
1182 1181 1184
1185 1186 1187
1186 1185 1188
1189 1190 1191
1190 1189 1192
1193 1194 1195
1194 1193 1196
1197 1195 1194
1195 1197 1198
1199 1198 1197
1198 1199 1200
1201 1200 1199
1200 1201 1202
1203 1202 1201
1202 1203 1204
1205 1204 1203
1204 1205 1206
1207 1206 1205
1206 1207 1208
1208 1196 1193
1196 1208 1207
1209 1210 1211
1210 1212 1211
1212 1213 1211
1213 1214 1211
1214 1215 1211
1215 1216 1211
1217 1218 1219
1218 1217 1220
1219 1221 1217
1221 1219 1222
1222 1223 1221
1223 1222 1224
1224 1225 1223
1225 1224 1226
1226 1227 1225
1227 1226 1228
1228 1229 1227
1229 1228 1230
1230 1231 1229
1231 1230 1232
1220 1232 1218
1232 1220 1231
1233 1234 1235
1235 1234 1236
1236 1234 1237
1237 1234 1238
1238 1234 1239
1239 1234 1240
1241 1242 1243
1242 1241 1244
1244 1245 1242
1245 1244 1246
1246 1247 1245
1247 1246 1248
1248 1249 1247
1249 1248 1250
1251 1252 1253
1252 1251 1254
1253 1255 1251
1255 1253 1256
1256 1257 1255
1257 1256 1258
1258 1259 1257
1259 1258 1260
1261 1262 1263
1262 1261 1264
1263 1265 1261
1265 1263 1266
1266 1267 1265
1267 1266 1268
1268 1269 1267
1269 1268 1270
1270 1271 1269
1271 1270 1272
1272 1273 1271
1273 1272 1274
1274 1275 1273
1275 1274 1276
1276 1277 1275
1277 1276 1278
1278 1279 1277
1279 1278 1280
1280 1264 1279
1264 1280 1262
1281 1282 1283
1282 1281 1284
1283 1285 1281
1285 1283 1286
1286 1287 1285
1287 1286 1288
1288 1289 1287
1289 1288 1290
1290 1291 1289
1291 1290 1292
1292 1293 1291
1293 1292 1294
1294 1295 1293
1295 1294 1296
1296 1297 1295
1297 1296 1298
1298 1299 1297
1299 1298 1300
1300 1284 1299
1284 1300 1282
1301 1302 1303
1302 1301 1304
1305 1304 1301
1304 1305 1306
1305 1307 1306
1307 1305 1308
1309 1307 1308
1307 1309 1310
1311 1312 1313
1312 1311 1314
1314 1315 1312
1315 1314 1316
1316 1317 1315
1317 1316 1318
1318 1319 1317
1319 1318 1320
1320 1321 1319
1321 1320 1322
1322 1323 1321
1323 1322 1324
1324 1325 1323
1325 1324 1326
1326 1327 1325
1327 1326 1328
1328 1329 1327
1329 1328 1330
1330 1313 1329
1313 1330 1311
1331 1332 1333
1332 1331 1334
1332 1335 1333
1335 1332 1336
1336 1337 1335
1337 1336 1338
1338 1339 1337
1339 1338 1340
1340 1341 1339
1341 1340 1342
1342 1343 1341
1343 1342 1344
1344 1345 1343
1345 1344 1346
1346 1347 1345
1347 1346 1348
1348 1349 1347
1349 1348 1350
1350 1351 1349
1351 1350 1352
1353 1354 1355
1356 1355 1354
1355 1356 1357
1358 1357 1356
1357 1358 1359
1360 1359 1358
1359 1360 1361
1360 1362 1361
1362 1360 1363
1363 1364 1362
1364 1363 1365
1365 1366 1364
1366 1365 1367
1367 1368 1366
1368 1367 1369
1369 1370 1368
1371 1372 1373
1373 1372 1374
1373 1374 1375
1376 1375 1374
1377 1378 1379
1378 1377 1380
1381 1382 1383
1381 1384 1382
1385 1386 1387
1386 1385 1388
1389 1390 1391
1389 1392 1390
1389 1393 1392
1393 1394 1392
1393 1395 1394
1395 1393 1396
1397 1398 1399
1398 1397 1400
1399 1398 1401
1401 1398 1402
1403 1401 1402
1401 1403 1404
1402 1398 1405
1398 1406 1405
1406 1398 1407
1406 1407 1408
1409 1408 1407
1408 1409 1410
1409 1411 1410
1411 1409 1412
1402 1413 1403
1413 1402 1414
1402 1415 1414
1401 1404 1416
1416 1404 1417
1416 1418 1401
1419 1420 1421
1420 1419 1422
1423 1424 1425
1424 1423 1426
1426 1423 1427
1423 1428 1427
1428 1429 1427
1430 1427 1429
1427 1430 1431
1432 1431 1430
1433 1434 1435
1434 1433 1436
1435 1437 1433
1437 1435 1438
1439 1440 1441
1439 1441 1442
1439 1442 1443
1443 1444 1439
1445 1439 1444
1446 1445 1444
1445 1446 1447
1447 1446 1448
1449 1450 1451
1452 1453 1454
1453 1452 1455
1456 1457 1458
1457 1456 1459
1460 1461 1462
1461 1460 1463
1460 1464 1463
1464 1460 1465
1466 1467 1468
1467 1466 1469
1470 1469 1466
1469 1470 1471
1467 1472 1468
1473 1471 1470
1471 1473 1474
1475 1474 1473
1474 1475 1476
1477 1478 1479
1480 1479 1478
1481 1482 1483
1482 1481 1484
1485 1484 1481
1486 1484 1485
1486 1485 1487
1486 1487 1488
1487 1489 1488
1489 1487 1490
1490 1491 1489
1491 1490 1492
1492 1493 1491
1493 1494 1491
1489 1491 1494
1494 1493 1495
1496 1494 1495
1494 1496 1497
1493 1498 1495
1498 1493 1499
1492 1499 1493
1500 1495 1498
1495 1500 1496
1501 1496 1500
1496 1501 1502
1496 1502 1497
1503 1502 1501
1499 1492 1504
1503 1505 1502
1505 1503 1506
1497 1502 1507
1505 1507 1502
1497 1507 1508
1507 1509 1508
1507 1505 1509
1510 1508 1509
1508 1510 1511
1511 1510 1512
1512 1510 1513
1513 1514 1512
1514 1513 1515
1516 1517 1518
1517 1516 1519
1520 1521 1522
1521 1520 1523
1524 1525 1526
1525 1527 1526
1526 1527 1528
1528 1529 1526
1529 1528 1530
1530 1531 1529
1530 1532 1531
1532 1530 1533
1532 1534 1531
1534 1535 1531
1536 1535 1534
1535 1536 1537
1537 1536 1538
1536 1539 1538
1540 1541 1542
1543 1542 1541
1542 1543 1544
1543 1545 1544
1545 1543 1546
1546 1547 1545
1547 1546 1548
1548 1549 1547
1549 1548 1550
1551 1549 1550
1550 1552 1551
1552 1550 1553
1554 1555 1556
1554 1557 1555
1557 1554 1558
1556 1559 1554
1559 1556 1560
1561 1562 1563
1562 1561 1564
1565 1562 1564
1564 1566 1565
1567 1566 1564
1567 1568 1566
1568 1567 1569
1563 1570 1561
1571 1572 1573
1574 1575 1576
1575 1574 1577
1578 1579 1580
1581 1582 1583
1582 1581 1584
1585 1586 1587
1586 1585 1588
1589 1590 1591
1590 1589 1592
1593 1592 1589
1592 1593 1594
1595 1594 1593
1594 1595 1596
1597 1598 1599
1598 1597 1600
1601 1602 1603
1604 1605 1606
1605 1604 1607
1608 1604 1606
1604 1608 1609
1604 1609 1610
1611 1612 1613
1612 1611 1614
1615 1616 1617
1618 1616 1615
1616 1618 1619
1620 1621 1622
1620 1623 1621
1624 1625 1626
1625 1624 1627
1628 1629 1630
1631 1632 1633
1634 1635 1636
1637 1638 1639
1638 1637 1640
1637 1641 1640
1641 1637 1642
1643 1639 1638
1639 1643 1644
1642 1645 1641
1645 1642 1646
1647 1645 1646
1645 1647 1648
1649 1648 1647
1648 1649 1650
1651 1650 1649
1650 1651 1652
1651 1653 1652
1653 1651 1654
1654 1655 1653
1655 1644 1643
1655 1654 1656
1644 1655 1656
1657 1658 1659
1660 1661 1662
1663 1664 1665
1664 1663 1666
1665 1667 1663
1667 1665 1668
1669 1670 1671
1670 1669 1672
1673 1674 1675
1674 1673 1676
1677 1678 1679
1678 1677 1680
1678 1681 1679
1681 1678 1682
1683 1684 1685
1684 1683 1686
1687 1684 1686
1688 1689 1690
1691 1690 1689
1690 1691 1692
1693 1694 1695
1694 1693 1696
1697 1694 1696
1694 1697 1698
1699 1700 1701
1700 1699 1702
1703 1704 1705
1704 1703 1706
1707 1708 1709
1710 1711 1712
1713 1714 1715
1714 1713 1716
1717 1716 1713
1716 1717 1718
1714 1719 1715
1719 1714 1720
1720 1721 1719
1721 1720 1722
1723 1724 1725
1724 1723 1726
1727 1723 1725
1723 1727 1728
1729 1730 1731
1730 1729 1732
1733 1729 1731
1729 1733 1734
1735 1736 1737
1736 1735 1738
1739 1740 1741
1742 1743 1744
1745 1746 1747
1746 1745 1748
1749 1750 1751
1750 1749 1752
1753 1754 1755
1754 1753 1756
1757 1758 1759
1758 1757 1760
1758 1761 1759
1761 1758 1762
1763 1764 1765
1764 1763 1766
1766 1767 1764
1767 1766 1768
1768 1769 1767
1769 1768 1770
1770 1771 1769
1771 1770 1772
1772 1773 1771
1773 1772 1774
1774 1775 1773
1775 1774 1776
1776 1777 1775
1777 1776 1778
1778 1779 1777
1779 1778 1780
1780 1781 1779
1781 1780 1782
1782 1783 1781
1783 1782 1784
1785 1786 1787
1786 1785 1788
1787 1765 1785
1765 1787 1763
1789 1790 1791
1790 1789 1792
1793 1791 1790
1791 1793 1794
1795 1794 1793
1794 1795 1796
1797 1796 1795
1796 1797 1798
1799 1798 1797
1798 1799 1800
1801 1800 1799
1800 1801 1802
1803 1802 1801
1802 1803 1804
1805 1804 1803
1804 1805 1806
1807 1806 1805
1806 1807 1808
1809 1810 1811
1810 1809 1812
1813 1811 1810
1811 1813 1814
1792 1814 1813
1814 1792 1789
1815 1816 1817
1816 1815 1818
1815 1819 1818
1819 1815 1820
1820 1821 1819
1821 1820 1822
1816 1823 1817
1823 1816 1824
1824 1825 1823
1825 1824 1826
1825 1826 1827
1828 1821 1822
1821 1828 1829
1830 1831 1832
1831 1830 1833
1834 1835 1836
1835 1834 1837
1838 1839 1840
1839 1838 1841
1842 1843 1844
1843 1842 1845
1846 1842 1844
1842 1846 1847
1848 1843 1845
1843 1848 1849
1848 1850 1849
1850 1848 1851
1852 1850 1851
1850 1852 1853
1852 1854 1853
1854 1852 1855
1856 1857 1858
1857 1856 1859
1860 1861 1862
1861 1860 1863
1864 1863 1860
1863 1864 1865
1866 1865 1864
1865 1866 1867
1868 1867 1866
1867 1868 1869
1870 1869 1868
1869 1870 1871
1872 1871 1870
1871 1872 1873
1874 1873 1872
1873 1874 1875
1876 1875 1874
1875 1876 1877
1878 1877 1876
1877 1878 1879
1880 1879 1878
1879 1880 1881
1882 1883 1884
1883 1882 1885
1862 1884 1883
1884 1862 1861
1886 1887 1888
1887 1886 1889
1888 1890 1886
1890 1888 1891
1891 1892 1890
1892 1891 1893
1893 1894 1892
1894 1893 1895
1895 1896 1894
1896 1895 1897
1897 1898 1896
1898 1897 1899
1899 1900 1898
1900 1899 1901
1901 1902 1900
1902 1901 1903
1903 1904 1902
1904 1903 1905
1906 1907 1908
1907 1906 1909
1908 1910 1906
1910 1908 1911
1911 1889 1910
1889 1911 1887
1912 1913 1914
1913 1912 1915
1916 1913 1915
1913 1916 1917
1918 1917 1916
1917 1918 1919
1918 1920 1919
1920 1918 1921
1922 1912 1914
1912 1922 1923
1924 1923 1922
1923 1924 1925
1924 1926 1925
1927 1928 1929
1928 1927 1930
1927 1931 1930
1931 1927 1932
1932 1933 1931
1933 1932 1934
1934 1935 1933
1935 1934 1936
1936 1937 1935
1937 1936 1938
1939 1937 1938
1937 1939 1940
1940 1939 1941
1942 1943 1944
1943 1942 1945
1946 1947 1948
1947 1946 1949
1950 1951 1952
1951 1950 1953
1953 1954 1951
1954 1953 1955
1955 1956 1954
1956 1955 1957
1958 1956 1957
1956 1958 1959
1958 1960 1959
1960 1958 1961
1960 1961 1962
1952 1963 1950
1963 1952 1964
1965 1966 1967
1966 1965 1968
1966 1969 1967
1969 1966 1970
1971 1968 1965
1968 1971 1972
1971 1973 1972
1973 1971 1974
1974 1975 1973
1975 1974 1976
1977 1975 1976
1975 1977 1978
1979 1980 1981
1980 1979 1982
1980 1983 1981
1983 1980 1984
1985 1986 1987
1986 1985 1988
1989 1986 1988
1986 1989 1990
1991 1992 1993
1992 1991 1994
1995 1992 1994
1992 1995 1996
1997 1998 1999
1998 1997 2000
2001 1998 2000
1998 2001 2002
2003 2004 2005
2004 2003 2006
2007 2008 2009
2008 2007 2010
2011 2012 2013
2012 2011 2014
2015 2016 2017
2016 2015 2018
2019 2020 2021
2020 2019 2022
2023 2024 2025
2024 2023 2026
2027 2028 2029
2028 2027 2030
2029 2031 2027
2031 2029 2032
2032 2033 2031
2033 2032 2034
2034 2035 2033
2035 2034 2036
2036 2037 2035
2037 2036 2038
2038 2039 2037
2039 2038 2040
2040 2041 2039
2041 2040 2042
2042 2043 2041
2043 2042 2044
2044 2045 2043
2045 2044 2046
2046 2030 2045
2030 2046 2028
2047 2048 2049
2050 2047 2049
2047 2050 2051
2052 2051 2050
2051 2052 2053
2054 2053 2052
2053 2054 2055
2056 2055 2054
2057 2058 2059
2060 2057 2059
2057 2060 2061
2062 2061 2060
2061 2062 2063
2062 2064 2063
2064 2062 2065
2065 2066 2064
2067 2068 2069
2068 2067 2070
2071 2069 2068
2069 2071 2072
2073 2072 2071
2072 2073 2074
2075 2074 2073
2074 2075 2076
2077 2076 2075
2076 2077 2078
2079 2078 2077
2078 2079 2080
2081 2080 2079
2080 2081 2082
2083 2082 2081
2082 2083 2084
2085 2084 2083
2084 2085 2086
2070 2086 2085
2086 2070 2067
2087 2088 2089
2087 2090 2088
2090 2087 2091
2091 2092 2090
2092 2091 2093
2093 2094 2092
2094 2093 2095
2096 2094 2095
2097 2098 2099
2097 2100 2098
2100 2097 2101
2101 2102 2100
2102 2101 2103
2104 2102 2103
2102 2104 2105
2105 2104 2106
2107 2108 2109
2108 2107 2110
2109 2111 2107
2111 2109 2112
2112 2113 2111
2113 2112 2114
2114 2115 2113
2115 2114 2116
2116 2117 2115
2117 2116 2118
2110 2118 2108
2118 2110 2117
2119 2120 2121
2122 2120 2119
2121 2120 2123
2123 2120 2124
2125 2126 2127
2126 2125 2128
2128 2129 2126
2129 2128 2130
2130 2131 2129
2131 2130 2132
2132 2133 2131
2133 2132 2134
2134 2135 2133
2135 2134 2136
2136 2137 2135
2137 2136 2138
2139 2140 2141
2141 2140 2142
2142 2140 2143
2143 2140 2144
2145 2146 2147
2146 2145 2148
2148 2149 2146
2149 2148 2150
2150 2151 2149
2151 2150 2152
2152 2153 2151
2153 2152 2154
2154 2155 2153
2155 2154 2156
2156 2157 2155
2157 2156 2158
2159 2160 2161
2159 2161 2162
2163 2159 2162
2161 2164 2162
2165 2166 2167
2166 2165 2168
2169 2170 2171
2170 2169 2172
2173 2172 2174
2172 2173 2175
2176 2177 2178
2177 2176 2179
2180 2181 2182
2181 2180 2183
2184 2185 2186
2185 2184 2187
2188 2184 2186
2184 2188 2189
2190 2191 2188
2191 2190 2192
2193 2194 2195
2196 2197 2198
2197 2196 2199
2200 2198 2197
2200 2201 2198
2201 2200 2202
2203 2204 2205
2204 2203 2206
2207 2208 2209
2208 2207 2210
2211 2212 2213
2213 2214 2211
2215 2216 2217
2216 2215 2218
2219 2220 2221
2219 2221 2222
2223 2220 2219
2224 2225 2226
2227 2228 2229
2230 2231 2232
2232 2233 2230
2234 2232 2231
2232 2234 2235
2236 2235 2234
2235 2236 2237
2238 2239 2240
2240 2241 2238
2242 2243 2244
2243 2242 2245
2246 2247 2248
2247 2246 2249
2250 2251 2252
2251 2250 2253
2254 2255 2256
2255 2254 2257
2258 2259 2260
2259 2258 2261
2262 2263 2264
2263 2262 2265
2266 2267 2268
2267 2266 2269
2270 2271 2272
2273 2270 2272
2270 2273 2274
2274 2273 2275
2276 2277 2278
2277 2276 2279
2280 2279 2276
2279 2280 2281
2282 2281 2280
2281 2282 2283
2284 2283 2282
2283 2284 2285
2286 2285 2284
2285 2286 2287
2288 2287 2286
2287 2288 2289
2290 2291 2292
2293 2290 2292
2291 2294 2292
2294 2295 2292
2296 2297 2298
2297 2296 2299
2300 2299 2296
2299 2300 2301
2302 2301 2300
2301 2302 2303
2304 2303 2302
2303 2304 2305
2306 2305 2304
2305 2306 2307
2308 2307 2306
2307 2308 2309
2310 2311 2312
2311 2313 2312
2313 2314 2312
2314 2315 2312
2316 2317 2318
2317 2316 2319
2320 2319 2316
2319 2320 2321
2322 2321 2320
2321 2322 2323
2324 2323 2322
2323 2324 2325
2326 2325 2324
2325 2326 2327
2328 2327 2326
2327 2328 2329
2330 2331 2332
2330 2333 2331
2334 2333 2330
2331 2333 2335
2336 2337 2338
2337 2336 2339
2340 2341 2342
2341 2340 2343
2344 2345 2346
2347 2348 2349
2348 2347 2350
2351 2352 2353
2352 2351 2354
2355 2356 2357
2356 2355 2358
2359 2360 2361
2360 2359 2362
2363 2364 2365
2364 2363 2366
2367 2368 2369
2368 2367 2370
2371 2372 2373
2372 2371 2374
2375 2376 2377
2376 2375 2378
2379 2380 2381
2380 2379 2382
2383 2384 2385
2383 2386 2384
2387 2383 2385
2388 2389 2390
2391 2392 2393
2392 2391 2394
2395 2396 2397
2398 2399 2400
2399 2398 2401
2402 2403 2404
2403 2402 2405
2406 2407 2408
2407 2406 2409
2410 2411 2412
2411 2410 2413
2414 2415 2416
2415 2414 2417
2418 2419 2420
2419 2418 2421
2422 2423 2424
2425 2422 2424
2422 2425 2426
2427 2428 2429
2428 2427 2430
2431 2432 2433
2432 2431 2434
2434 2435 2432
2432 2435 2436
2435 2434 2437
2437 2434 2438
2439 2440 2441
2442 2439 2441
2443 2442 2441
2440 2444 2441
2444 2445 2441
2445 2443 2441
2446 2447 2448
2447 2446 2449
2449 2450 2447
2450 2449 2451
2451 2452 2450
2452 2451 2453
2453 2454 2452
2454 2453 2455
2454 2456 2452
2456 2454 2457
2458 2448 2447
2448 2458 2459
2460 2454 2455
2454 2460 2461
2462 2461 2460
2461 2462 2463
2464 2463 2462
2463 2464 2465
2466 2465 2464
2465 2466 2467
2468 2454 2461
2454 2468 2457
2467 2469 2465
2469 2467 2470
2466 2471 2467
2471 2466 2472
2472 2473 2471
2473 2472 2474
2474 2475 2473
2475 2474 2476
2476 2477 2475
2477 2476 2478
2479 2477 2478
2477 2479 2480
2481 2480 2479
2480 2481 2482
2483 2482 2481
2482 2483 2484
2446 2484 2483
2484 2446 2448
2485 2477 2480
2477 2485 2486
2448 2487 2484
2487 2448 2459
2477 2488 2475
2488 2477 2486
2489 2490 2491
2490 2489 2492
2493 2494 2495
2494 2493 2496
2497 2498 2499
2498 2497 2500
2501 2502 2503
2502 2501 2504
2503 2502 2505
2503 2505 2506
2507 2503 2506
2506 2508 2507
2508 2506 2509
2510 2508 2509
2509 2511 2510
2509 2512 2511
2512 2513 2511
2513 2514 2511
2514 2513 2515
2501 2516 2504
2516 2501 2517
2517 2518 2516
2517 2519 2518
2520 2519 2517
2519 2520 2521
2521 2522 2519
2523 2522 2521
2522 2523 2524
2522 2524 2525
2525 2524 2526
2527 2526 2524
2526 2527 2528
2529 2514 2515
2514 2529 2530
2531 2530 2529
2532 2530 2531
2532 2533 2530
2533 2532 2534
2534 2532 2535
2535 2536 2534
2536 2535 2537
2537 2535 2538
2537 2538 2539
2539 2540 2537
2540 2539 2541
2542 2540 2541
2540 2542 2543
2543 2542 2544
2543 2544 2545
2546 2543 2545
2545 2547 2546
2547 2545 2548
2549 2547 2548
2548 2550 2549
2548 2551 2550
2551 2552 2550
2552 2527 2550
2527 2552 2528
2553 2554 2555
2554 2553 2556
2555 2557 2553
2557 2555 2558
2559 2560 2561
2561 2560 2562
2563 2564 2565
2564 2563 2566
2563 2567 2566
2567 2563 2568
2569 2570 2571
2571 2570 2572
2573 2574 2575
2574 2573 2576
2577 2573 2575
2573 2577 2578
2579 2580 2581
2580 2579 2582
2583 2584 2585
2584 2583 2586
2587 2588 2589
2588 2587 2590
2591 2592 2593
2592 2591 2594
2595 2596 2597
2596 2595 2598
2599 2597 2596
2597 2599 2600
2601 2602 2603
2602 2604 2603
2605 2606 2607
2606 2608 2607
2609 2610 2611
2610 2609 2612
2610 2613 2611
2613 2610 2614
2615 2616 2617
2616 2615 2618
2619 2620 2621
2620 2619 2622
2623 2624 2625
2624 2623 2626
2627 2628 2629
2628 2627 2630
2631 2632 2633
2632 2631 2634
2635 2633 2632
2633 2635 2636
2637 2638 2639
2638 2640 2639
2641 2642 2643
2642 2641 2644
2645 2642 2644
2642 2645 2646
2647 2648 2649
2648 2650 2649
2651 2652 2653
2652 2651 2654
2655 2656 2657
2656 2655 2658
2659 2660 2661
2660 2659 2662
2663 2664 2665
2664 2663 2666
2667 2668 2669
2668 2667 2670
2669 2671 2667
2671 2669 2672
2673 2674 2675
2675 2674 2676
2677 2678 2679
2679 2678 2680
2467 2681 2470
2681 2467 2471
2682 2683 2684
2683 2682 2685
2686 2687 2688
2687 2686 2689
2687 2689 2690
2689 2691 2690
2691 2689 2692
2692 2693 2691
2693 2692 2694
2694 2695 2693
2695 2694 2696
2697 2695 2696
2695 2697 2698
2699 2687 2690
2700 2699 2690
2699 2700 2701
2699 2702 2687
2702 2699 2703
2704 2698 2697
2704 2705 2698
2697 2706 2704
2706 2697 2707
2705 2708 2698
2708 2705 2709
2704 2710 2705
2710 2704 2711
2710 2711 2712
2702 2703 2713
2714 2715 2716
2717 2715 2714
2718 2719 2720
2718 2721 2719
2722 2723 2724
2723 2722 2725
2726 2727 2728
2727 2726 2729
2730 2731 2732
2731 2730 2733
2734 2735 2736
2735 2734 2737
2738 2739 2740
2739 2738 2741
2742 2743 2744
2743 2742 2745
2746 2747 2748
2747 2746 2749
2750 2751 2752
2751 2750 2753
2754 2755 2756
2755 2754 2757
2758 2759 2760
2759 2758 2761
2762 2763 2764
2763 2762 2765
2766 2767 2768
2767 2766 2769
2770 2771 2772
2771 2770 2773
2774 2775 2776
2775 2774 2777
2778 2779 2780
2779 2778 2781
2782 2783 2784
2783 2782 2785
2786 2787 2788
2787 2786 2789
2790 2791 2792
2791 2790 2793
2794 2795 2796
2795 2794 2797
2798 2799 2800
2799 2798 2801
2802 2800 2799
2800 2802 2803
2804 2805 2806
2804 2807 2805
2808 2809 2810
2810 2809 2811
2812 2813 2814
2815 2816 2817
2816 2815 2818
2819 2820 2821
2820 2819 2822
2823 2824 2825
2824 2823 2826
2827 2828 2829
2828 2827 2830
2831 2832 2833
2832 2831 2834
2835 2836 2837
2836 2835 2838
2839 2840 2841
2840 2839 2842
2843 2844 2845
2844 2843 2846
2847 2844 2846
2844 2847 2848
2849 2850 2851
2850 2849 2852
2853 2854 2855
2854 2853 2856
2857 2858 2859
2858 2857 2860
2861 2862 2863
2862 2861 2864
2865 2866 2867
2866 2865 2868
2869 2870 2871
2870 2869 2872
2873 2874 2875
2874 2873 2876
2877 2878 2879
2878 2877 2880
2881 2882 2883
2882 2881 2884
2885 2886 2887
2886 2885 2888
2889 2890 2891
2890 2889 2892
2893 2894 2895
2894 2893 2896
2897 2898 2899
2898 2897 2900
2901 2902 2903
2902 2901 2904
2905 2906 2907
2906 2905 2908
2909 2910 2911
2910 2909 2912
2913 2914 2915
2914 2913 2916
2917 2918 2919
2918 2917 2920
2921 2919 2918
2922 2923 2924
2922 2925 2923
2925 2922 2926
2926 2927 2925
2927 2926 2928
2927 2928 2929
2930 2931 2932
2931 2930 2933
2934 2935 2936
2935 2934 2937
2938 2939 2940
2939 2938 2941
2942 2943 2944
2943 2942 2945
2946 2947 2948
2947 2946 2949
2950 2951 2952
2951 2950 2953
2954 2955 2956
2955 2954 2957
2958 2959 2960
2959 2958 2961
2962 2963 2964
2963 2962 2965
2966 2967 2968
2967 2966 2969
2970 2971 2972
2973 2972 2971
2974 2975 2976
2975 2974 2977
2978 2979 2980
2979 2978 2981
2982 2983 2984
2984 2983 2985
2986 2985 2983
2983 2982 2987
2985 2988 2984
2989 2990 2991
2989 2991 2992
2992 2993 2989
2993 2992 2994
2995 2993 2994
2996 2997 2998
2999 3000 3001
3001 3002 2999
3002 3003 2999
3002 3001 3004
3005 3000 2999
2999 3006 3005
2999 3007 3006
3008 3007 2999
3008 3009 3007
3009 3008 3010
3008 3011 3010
3012 3011 3008
3013 3012 3008
3013 3008 3014
3012 3013 3015
3016 3017 3018
3019 3018 3017
3020 3021 3022
3023 3020 3022
3024 3020 3023
3022 3021 3025
3022 3025 3026
3025 3027 3026
3026 3027 3028
3026 3028 3029
3030 3031 3032
3032 3033 3030
3033 3032 3034
3035 3036 3037
3036 3035 3038
3039 3040 3041
3040 3039 3042
3043 3044 3045
3044 3043 3046
3047 3048 3049
3048 3050 3049
3051 3049 3050
3049 3052 3047
3050 3048 3053
3054 3055 3056
3057 3055 3054
3055 3057 3058
3059 3058 3057
3054 3056 3060
3061 3062 3063
3062 3061 3064
3065 3064 3061
3064 3065 3066
3067 3066 3065
3066 3067 3068
3069 3070 3071
3072 3073 3074
3075 3074 3073
3076 3077 3078
3076 3078 3079
3078 3080 3079
3078 3081 3080
3082 3077 3076
3083 3077 3082
3083 3084 3077
3085 3084 3083
3086 3087 3088
3089 3087 3086
3087 3089 3090
3091 3092 3093
3092 3091 3094
3095 3096 3097
3096 3095 3098
3099 3100 3101
3100 3099 3102
3103 3104 3105
3105 3106 3103
3105 3107 3106
3107 3105 3108
3108 3109 3107
3109 3110 3107
3109 3111 3110
3109 3112 3111
3111 3112 3113
3113 3112 3114
3115 3114 3112
3116 3114 3115
3114 3116 3117
3116 3118 3117
3119 3118 3116
3120 3118 3119
3121 3122 3123
3124 3125 3126
3127 3128 3129
3130 3131 3132
3133 3134 3135
3134 3133 3136
3137 3136 3133
3136 3137 3138
3139 3138 3137
3138 3139 3140
3139 3141 3140
3141 3139 3142
3143 3144 3145
3144 3143 3146
3147 3145 3144
3145 3147 3148
3147 3149 3148
3149 3147 3150
3151 3149 3150
3149 3151 3152
3153 3154 3155
3154 3153 3156
3153 3157 3156
3157 3153 3158
3158 3159 3157
3159 3158 3160
3160 3161 3159
3161 3160 3162
3163 3164 3165
3164 3163 3166
3167 3163 3165
3163 3167 3168
3167 3169 3168
3169 3167 3170
3170 3171 3169
3171 3170 3172
3173 3174 3175
3174 3173 3176
3177 3178 3179
3178 3177 3180
3181 3182 3183
3181 3184 3182
3181 3185 3184
3186 3187 3188
3187 3186 3189
3190 3191 3192
3191 3190 3193
3194 3195 3196
3194 3196 3197
3194 3197 3198
3199 3200 3201
3200 3199 3202
3203 3204 3205
3204 3203 3206
3207 3208 3209
3208 3207 3210
3211 3212 3213
3212 3211 3214
3215 3216 3217
3216 3215 3218
3219 3220 3221
3220 3219 3222
3221 3223 3219
3223 3221 3224
3225 3226 3227
3226 3225 3228
3229 3230 3231
3230 3229 3232
3233 3234 3235
3233 3235 3236
3233 3236 3237
3238 3239 3240
3239 3238 3241
3242 3243 3244
3242 3245 3243
3242 3246 3245
3247 3248 3249
3248 3247 3250
3251 3252 3253
3252 3251 3254
3255 3256 3257
3256 3255 3258
3259 3260 3261
3260 3259 3262
3263 3264 3265
3264 3263 3266
3267 3268 3269
3268 3267 3270
3271 3272 3273
3272 3271 3274
3275 3273 3272
3273 3275 3276
3277 3278 3279
3278 3277 3280
3281 3282 3283
3282 3281 3284
3285 3286 3287
3286 3285 3288
3289 3290 3291
3290 3289 3292
3293 3294 3295
3296 3297 3298
3297 3296 3299
3300 3301 3302
3301 3300 3303
3304 3305 3306
3305 3304 3307
3308 3309 3310
3311 3312 3313
3312 3311 3314
3315 3316 3317
3316 3315 3318
3319 3320 3321
3320 3319 3322
3323 3324 3325
3324 3323 3326
3327 3328 3329
3330 3331 3332
3331 3330 3333
3334 3335 3336
3335 3334 3337
3338 3339 3340
3341 3342 3343
3342 3341 3344
3345 3346 3347
3346 3345 3348
3349 3350 3351
3350 3349 3352
3353 3354 3355
3354 3353 3356
3357 3358 3359
3358 3357 3360
3361 3362 3363
3362 3361 3364
3365 3366 3367
3366 3365 3368
3369 3370 3371
3372 3370 3369
3373 3370 3372
3374 3375 3376
3376 3375 3377
3375 3378 3377
3378 3375 3379
3378 3380 3377
3380 3378 3381
3382 3377 3380
3382 3376 3377
3383 3382 3380
3384 3385 3386
3385 3384 3387
3386 3385 3388
3389 3386 3388
3388 3390 3389
3391 3392 3393
3394 3395 3396
3397 3398 3399
3398 3397 3400
3401 3402 3403
3402 3401 3404
3405 3406 3407
3408 3405 3407
3409 3408 3407
3410 3411 3412
3413 3414 3415
3416 3417 3418
3417 3416 3419
3420 3421 3422
3421 3420 3423
3424 3425 3426
3425 3424 3427
3428 3429 3430
3429 3428 3431
3432 3433 3434
3433 3432 3435
3436 3437 3438
3437 3436 3439
3440 3441 3442
3441 3440 3443
3444 3445 3446
3447 3448 3449
3450 3451 3452
3451 3450 3453
3454 3455 3456
3455 3454 3457
3458 3459 3460
3459 3458 3461
3462 3463 3464
3463 3462 3465
3466 3467 3468
3467 3466 3469
3470 3471 3472
3473 3474 3475
3476 3477 3478
3477 3476 3479
3480 3481 3482
3481 3480 3483
3484 3485 3486
3485 3484 3487
3488 3489 3490
3489 3488 3491
3492 3493 3494
3493 3492 3495
3496 3497 3498
3497 3496 3499
3500 3501 3502
3503 3504 3505
3506 3507 3508
3507 3506 3509
3510 3511 3512
3511 3510 3513
3514 3515 3516
3515 3514 3517
3518 3519 3520
3521 3522 3523
3524 3525 3526
3525 3524 3527
3528 3529 3530
3529 3528 3531
3532 3533 3534
3535 3536 3537
3536 3535 3538
3539 3540 3541
3540 3539 3542
3543 3544 3545
3544 3543 3546
3547 3548 3549
3550 3551 3552
3551 3550 3553
3554 3555 3556
3555 3554 3557
3558 3559 3560
3559 3558 3561
3562 3563 3564
3563 3562 3565
3566 3567 3568
3569 3570 3571
3570 3569 3572
3573 3574 3575
3574 3573 3576
3577 3578 3579
3580 3581 3582
3581 3580 3583
3584 3585 3586
3585 3584 3587
3588 3589 3590
3589 3588 3591
3592 3593 3594
3593 3592 3595
3596 3597 3598
3597 3596 3599
3600 3601 3602
3601 3600 3603
3604 3605 3606
3605 3604 3607
3608 3609 3610
3609 3608 3611
3612 3613 3614
3613 3612 3615
3616 3617 3618
3619 3620 3621
3622 3623 3624
3623 3622 3625
3626 3627 3628
3627 3626 3629
3630 3631 3632
3631 3630 3633
3634 3635 3636
3635 3634 3637
3638 3639 3640
3639 3638 3641
3642 3643 3644
3645 3646 3647
3648 3649 3650
3649 3648 3651
3652 3653 3654
3653 3652 3655
3656 3657 3658
3657 3656 3659
3660 3661 3662
3661 3660 3663
3664 3665 3666
3665 3664 3667
3668 3669 3670
3669 3668 3671
3672 3673 3674
3675 3676 3677
3678 3679 3680
3679 3678 3681
3682 3683 3684
3683 3682 3685
3686 3687 3688
3687 3686 3689
3690 3691 3692
3693 3694 3695
3696 3697 3698
3697 3696 3699
3700 3701 3702
3701 3700 3703
3704 3705 3706
3705 3704 3707
3708 3709 3710
3709 3708 3711
3712 3713 3714
3715 3716 3717
3718 3719 3720
3719 3718 3721
3722 3723 3724
3723 3722 3725
3726 3727 3728
3727 3726 3729
3730 3731 3732
3731 3730 3733
3734 3735 3736
3735 3734 3737
3738 3739 3740
3741 3742 3743
3744 3745 3746
3745 3744 3747
3748 3749 3750
3749 3748 3751
3752 3753 3754
3753 3752 3755
3756 3757 3758
3757 3756 3759
3760 3761 3762
3761 3760 3763
3764 3765 3766
3765 3764 3767
3768 3769 3770
3771 3772 3773
3774 3775 3776
3775 3774 3777
3778 3779 3780
3779 3778 3781
3782 3783 3784
3783 3782 3785
3786 3787 3788
3789 3790 3791
3792 3793 3794
3793 3792 3795
3796 3797 3798
3797 3796 3799
3800 3801 3802
3803 3800 3802
3804 3803 3802
3805 3806 3807
3806 3808 3807
3809 3807 3808
3807 3809 3810
3811 3809 3808
3809 3811 3812
3813 3811 3808
3813 3808 3806
3814 3811 3813
3815 3816 3817
3817 3818 3815
3816 3819 3817
3820 3819 3816
3819 3820 3821
3822 3823 3824
3825 3826 3827
3828 3829 3830
3829 3828 3831
3832 3833 3834
3833 3832 3835
3836 3837 3838
3839 3837 3836
3840 3837 3839
3841 3842 3843
3844 3845 3846
3847 3848 3849
3848 3847 3850
3851 3852 3853
3852 3851 3854
3855 3856 3857
3856 3855 3858
3859 3860 3861
3860 3859 3862
3863 3864 3865
3864 3863 3866
3867 3868 3869
3870 3868 3867
3871 3868 3870
3872 3873 3874
3874 3873 3875
3873 3876 3875
3876 3873 3877
3876 3878 3875
3878 3876 3879
3880 3875 3878
3880 3874 3875
3881 3880 3878
3882 3883 3884
3883 3882 3885
3884 3883 3886
3887 3884 3886
3886 3888 3887
3889 3890 3891
3892 3893 3894
3895 3896 3897
3896 3895 3898
3899 3900 3901
3900 3899 3902
3903 3904 3905
3906 3903 3905
3907 3906 3905
3908 3909 3910
3911 3912 3913
3914 3915 3916
3915 3914 3917
3918 3919 3920
3919 3918 3921
3922 3923 3924
3923 3922 3925
3926 3927 3928
3927 3926 3929
3930 3931 3932
3931 3930 3933
3934 3935 3936
3937 3934 3936
3938 3937 3936
3939 3940 3941
3940 3942 3941
3943 3941 3942
3941 3943 3944
3945 3943 3942
3943 3945 3946
3947 3945 3942
3947 3942 3940
3948 3945 3947
3949 3950 3951
3951 3952 3949
3950 3953 3951
3954 3953 3950
3953 3954 3955
3956 3957 3958
3959 3960 3961
3962 3963 3964
3963 3962 3965
3966 3967 3968
3967 3966 3969
3970 3971 3972
3973 3971 3970
3974 3971 3973
3975 3976 3977
3978 3979 3980
3981 3982 3983
3982 3981 3984
3985 3986 3987
3986 3985 3988
3989 3990 3991
3990 3989 3992
3993 3994 3995
3994 3993 3996
3997 3998 3999
3998 3997 4000
4001 4002 4003
4004 4005 4006
4005 4004 4007
4008 4009 4010
4009 4008 4011
4012 4013 4014
4013 4012 4015
4016 4017 4018
4019 4020 4021
4020 4019 4022
4023 4024 4025
4024 4023 4026
4027 4028 4029
4030 4031 4032
4031 4030 4033
4034 4035 4036
4035 4034 4037
4038 4039 4040
4041 4042 4043
4042 4041 4044
4045 4046 4047
4046 4045 4048
4049 4050 4051
4050 4049 4052
4053 4054 4055
4054 4053 4056
4057 4058 4059
4058 4057 4060
4061 4062 4063
4062 4061 4064
4065 4066 4067
4066 4065 4068
4069 4070 4071
4070 4069 4072
4073 4074 4075
4076 4077 4078
4079 4080 4081
4080 4079 4082
4083 4084 4085
4084 4083 4086
4087 4088 4089
4088 4087 4090
4091 4092 4093
4092 4091 4094
4095 4096 4097
4096 4095 4098
4099 4100 4101
4102 4103 4104
4105 4106 4107
4106 4105 4108
4109 4110 4111
4110 4109 4112
4113 4114 4115
4114 4113 4116
4117 4118 4119
4118 4117 4120
4121 4122 4123
4122 4121 4124
4125 4126 4127
4126 4125 4128
4129 4130 4131
4132 4133 4134
4135 4136 4137
4136 4135 4138
4139 4140 4141
4140 4139 4142
4143 4144 4145
4144 4143 4146
4147 4148 4149
4150 4151 4152
4153 4154 4155
4154 4153 4156
4157 4158 4159
4158 4157 4160
4161 4162 4163
4164 4165 4166
4165 4164 4167
4168 4169 4170
4169 4168 4171
4172 4173 4174
4173 4172 4175
4176 4177 4178
4179 4180 4181
4180 4179 4182
4183 4184 4185
4184 4183 4186
4187 4188 4189
4188 4187 4190
4191 4192 4193
4192 4191 4194
4195 4196 4197
4198 4199 4200
4199 4198 4201
4202 4203 4204
4203 4202 4205
4206 4207 4208
4209 4210 4211
4210 4209 4212
4213 4214 4215
4214 4213 4216
4217 4218 4219
4218 4217 4220
4221 4222 4223
4222 4221 4224
4225 4226 4227
4226 4225 4228
4229 4230 4231
4230 4229 4232
4233 4234 4235
4234 4233 4236
4237 4238 4239
4238 4237 4240
4241 4242 4243
4242 4241 4244
4245 4246 4247
4248 4249 4250
4251 4252 4253
4252 4251 4254
4255 4256 4257
4256 4255 4258
4259 4260 4261
4260 4259 4262
4263 4264 4265
4264 4263 4266
4267 4268 4269
4268 4267 4270
4271 4272 4273
4274 4275 4276
4277 4278 4279
4278 4277 4280
4281 4282 4283
4282 4281 4284
4285 4286 4287
4286 4285 4288
4289 4290 4291
4290 4289 4292
4293 4294 4295
4294 4293 4296
4297 4298 4299
4298 4297 4300
4301 4302 4303
4304 4305 4306
4307 4308 4309
4308 4307 4310
4311 4312 4313
4312 4311 4314
4315 4316 4317
4316 4315 4318
4319 4320 4321
4322 4323 4324
4325 4326 4327
4326 4325 4328
4329 4330 4331
4330 4329 4332
4333 4334 4335
4334 4333 4336
4337 4338 4339
4338 4337 4340
4341 4342 4343
4344 4345 4346
4347 4348 4349
4348 4347 4350
4351 4352 4353
4352 4351 4354
4355 4356 4357
4356 4355 4358
4359 4360 4361
4360 4359 4362
4363 4364 4365
4364 4363 4366
4367 4368 4369
4370 4371 4372
4373 4374 4375
4374 4373 4376
4377 4378 4379
4378 4377 4380
4381 4382 4383
4382 4381 4384
4385 4386 4387
4386 4385 4388
4389 4390 4391
4390 4389 4392
4393 4394 4395
4394 4393 4396
4397 4398 4399
4400 4401 4402
4403 4404 4405
4404 4403 4406
4407 4408 4409
4408 4407 4410
4411 4412 4413
4412 4411 4414
4415 4416 4417
4418 4419 4420
4421 4422 4423
4422 4421 4424
4425 4426 4427
4426 4425 4428
4429 4430 4431
4430 4429 4432
4433 4434 4435
4434 4433 4436
4437 4438 4439
4440 4441 4442
4443 4444 4445
4444 4443 4446
4447 4448 4449
4448 4447 4450
4451 4452 4453
4452 4451 4454
4455 4456 4457
4456 4455 4458
4459 4460 4461
4460 4459 4462
4463 4464 4465
4466 4467 4468
4469 4470 4471
4470 4469 4472
4473 4474 4475
4474 4473 4476
4477 4478 4479
4478 4477 4480
4481 4482 4483
4482 4481 4484
4485 4486 4487
4486 4485 4488
4489 4490 4491
4490 4489 4492
4493 4494 4495
4496 4497 4498
4499 4500 4501
4500 4499 4502
4503 4504 4505
4504 4503 4506
4507 4508 4509
4508 4507 4510
4511 4512 4513
4514 4515 4516
4517 4518 4519
4518 4517 4520
4521 4522 4523
4522 4521 4524
4525 4526 4527
4526 4525 4528
4529 4530 4531
4530 4529 4532
4533 4534 4535
4534 4533 4536
4537 4538 4539
4538 4537 4540
4541 4542 4543
4542 4541 4544
4545 4546 4547
4546 4545 4548
4549 4550 4551
4550 4549 4552
4553 4554 4555
4554 4553 4556
4557 4558 4559
4558 4557 4560
4561 4562 4563
4562 4561 4564
4565 4566 4567
4566 4565 4568
4569 4570 4571
4570 4569 4572
4573 4574 4575
4576 4577 4578
4577 4576 4579
4580 4581 4582
4581 4580 4583
4584 4585 4586
4587 4588 4589
4588 4587 4590
4591 4592 4593
4592 4591 4594
4595 4596 4597
4596 4595 4598
4599 4600 4601
4600 4599 4602
4603 4604 4605
4604 4603 4606
4607 4608 4609
4608 4607 4610
4611 4612 4613
4612 4611 4614
4615 4616 4617
4616 4615 4618
4619 4620 4621
4620 4619 4622
4623 4624 4625
4626 4627 4628
4627 4626 4629
4630 4631 4632
4631 4630 4633
4634 4635 4636
4637 4638 4639
4638 4637 4640
4641 4642 4643
4642 4641 4644
4645 4646 4647
4646 4645 4648
4649 4650 4651
4650 4649 4652
4653 4654 4655
4654 4653 4656
4657 4658 4659
4658 4657 4660
4661 4662 4663
4662 4661 4664
4665 4666 4667
4666 4665 4668
4669 4670 4671
4670 4669 4672
4673 4674 4675
4674 4673 4676
4677 4678 4679
4678 4677 4680
4681 4682 4683
4682 4681 4684
4685 4686 4687
4686 4685 4688
4689 4690 4691
4690 4689 4692
4693 4694 4695
4694 4693 4696
4697 4698 4699
4698 4697 4700
4701 4702 4703
4702 4701 4704
4705 4706 4707
4706 4705 4708
4709 4710 4711
4710 4709 4712
4713 4714 4715
4714 4713 4716
4717 4718 4719
4718 4717 4720
4721 4722 4723
4724 4725 4726
4725 4724 4727
4728 4729 4730
4729 4728 4731
4732 4733 4734
4733 4732 4735
4736 4737 4738
4739 4740 4741
4740 4739 4742
4743 4744 4745
4744 4743 4746
4747 4748 4749
4748 4747 4750
4751 4752 4753
4752 4751 4754
4755 4756 4757
4758 4759 4760
4759 4758 4761
4762 4763 4764
4763 4762 4765
4766 4767 4768
4769 4770 4771
4770 4769 4772
4773 4774 4775
4774 4773 4776
4777 4778 4779
4778 4777 4780
4781 4782 4783
4782 4781 4784
4785 4786 4787
4786 4785 4788
4789 4790 4791
4790 4789 4792
4793 4794 4795
4794 4793 4796
4797 4798 4799
4798 4797 4800
4801 4802 4803
4802 4801 4804
4805 4806 4807
4806 4805 4808
4809 4810 4811
4810 4809 4812
4813 4814 4815
4814 4813 4816
4817 4818 4819
4818 4817 4820
4821 4822 4823
4824 4825 4826
4827 4828 4829
4828 4827 4830
4831 4832 4833
4832 4831 4834
4835 4836 4837
4836 4835 4838
4839 4840 4841
4840 4839 4842
4843 4844 4845
4844 4843 4846
4847 4848 4849
4850 4851 4852
4853 4854 4855
4854 4853 4856
4857 4858 4859
4858 4857 4860
4861 4862 4863
4862 4861 4864
4865 4866 4867
4866 4865 4868
4869 4870 4871
4870 4869 4872
4873 4874 4875
4874 4873 4876
4877 4878 4879
4880 4881 4882
4883 4884 4885
4884 4883 4886
4887 4888 4889
4888 4887 4890
4891 4892 4893
4892 4891 4894
4895 4896 4897
4898 4899 4900
4901 4902 4903
4902 4901 4904
4905 4906 4907
4906 4905 4908
4909 4906 4908
4906 4909 4910
4911 4910 4909
4910 4911 4912
4913 4912 4911
4912 4913 4914
4915 4914 4913
4914 4915 4916
4916 4905 4907
4905 4916 4915
4917 4918 4919
4918 4917 4920
4920 4921 4918
4921 4920 4922
4923 4924 4925
4924 4923 4926
4927 4928 4929
4930 4928 4927
4931 4928 4930
4932 4933 4934
4934 4933 4935
4936 4935 4933
4935 4936 4937
4938 4935 4937
4935 4938 4939
4940 4935 4939
4940 4934 4935
4941 4940 4939
4942 4943 4944
4943 4942 4945
4944 4943 4946
4947 4944 4946
4946 4948 4947
4949 4950 4951
4952 4953 4954
4955 4956 4957
4956 4955 4958
4959 4960 4961
4960 4959 4962
4963 4964 4965
4966 4963 4965
4967 4966 4965
4968 4969 4970
4971 4972 4973
4974 4975 4976
4975 4974 4977
4978 4979 4980
4979 4978 4981
4982 4983 4984
4983 4982 4985
4986 4987 4988
4987 4986 4989
4990 4991 4992
4991 4990 4993
4994 4995 4996
4995 4994 4997
4997 4994 4998
4999 5000 5001
5002 5003 5004
5005 5006 5007
5008 5009 5010
5009 5008 5011
5012 5010 5009
5010 5012 5013
5014 5013 5012
5013 5014 5015
5016 5015 5014
5015 5016 5017
5018 5017 5016
5017 5018 5019
5020 5021 5022
5021 5020 5023
5024 5025 5026
5025 5024 5027
5028 5029 5030
5029 5028 5031
5032 5030 5029
5030 5032 5033
5034 5033 5032
5033 5034 5035
5036 5035 5034
5035 5036 5037
5038 5037 5036
5037 5038 5039
5040 5039 5038
5039 5040 5041
5042 5041 5040
5041 5042 5043
5044 5043 5042
5043 5044 5045
5046 5045 5044
5045 5046 5047
5031 5047 5046
5047 5031 5028
5048 5049 5050
5048 5051 5049
5051 5048 5052
5052 5053 5051
5053 5052 5054
5054 5055 5053
5055 5054 5056
5057 5055 5056
5058 5059 5060
5058 5061 5059
5061 5058 5062
5062 5063 5061
5063 5062 5064
5065 5063 5064
5063 5065 5066
5066 5065 5067
5068 5069 5070
5069 5068 5071
5070 5072 5068
5072 5070 5073
5073 5074 5072
5074 5073 5075
5075 5076 5074
5076 5075 5077
5077 5078 5076
5078 5077 5079
5079 5080 5078
5080 5079 5081
5081 5082 5080
5082 5081 5083
5083 5084 5082
5084 5083 5085
5085 5086 5084
5086 5085 5087
5087 5071 5086
5071 5087 5069
5088 5089 5090
5091 5088 5090
5088 5091 5092
5093 5092 5091
5092 5093 5094
5095 5094 5093
5094 5095 5096
5097 5096 5095
5098 5099 5100
5101 5098 5100
5098 5101 5102
5103 5102 5101
5102 5103 5104
5103 5105 5104
5105 5103 5106
5106 5107 5105
5108 5109 5110
5109 5108 5111
5112 5113 5114
5113 5112 5115
5116 5117 5118
5117 5116 5119
5120 5121 5122
5123 5124 5125
5126 5127 5128
5127 5126 5129
5130 5131 5132
5131 5130 5133
5134 5135 5136
5135 5134 5137
5138 5139 5140
5139 5138 5141
5142 5143 5144
5143 5142 5145
5146 5147 5148
5149 5150 5151
5152 5153 5154
5153 5152 5155
5156 5157 5158
5157 5156 5159
5160 5161 5162
5161 5160 5163
5164 5165 5166
5165 5164 5167
5168 5169 5170
5169 5168 5171
5172 5173 5174
5173 5172 5175
5176 5177 5178
5179 5180 5181
5182 5183 5184
5183 5182 5185
5186 5187 5188
5187 5186 5189
5190 5191 5192
5191 5190 5193
5194 5195 5196
5197 5198 5199
5200 5201 5202
5201 5200 5203
5204 5205 5206
5205 5204 5207
5208 5209 5210
5209 5208 5211
5212 5213 5214
5213 5212 5215
5216 5217 5218
5219 5220 5221
5222 5223 5224
5223 5222 5225
5226 5227 5228
5227 5226 5229
5230 5231 5232
5231 5230 5233
5234 5235 5236
5235 5234 5237
5238 5239 5240
5239 5238 5241
5242 5243 5244
5245 5246 5247
5248 5249 5250
5249 5248 5251
5252 5253 5254
5253 5252 5255
5256 5257 5258
5257 5256 5259
5260 5261 5262
5261 5260 5263
5264 5265 5266
5265 5264 5267
5268 5269 5270
5269 5268 5271
5272 5273 5274
5275 5276 5277
5278 5279 5280
5279 5278 5281
5282 5283 5284
5283 5282 5285
5286 5287 5288
5287 5286 5289
5290 5291 5292
5293 5294 5295
5296 5297 5298
5297 5296 5299
3103 5300 3104
5301 5302 5303
5302 5301 5304
5305 5306 5307
5306 5305 5308
5309 5306 5308
5306 5309 5310
