byte offset: 0
first index: 0
index count: 7692
topology: trianglelist
format: DXGI_FORMAT_R16_UINT

0 1 2
1 0 3
3 4 1
4 3 5
6 5 3
5 6 7
5 8 4
8 5 9
7 9 5
10 8 9
8 10 11
9 7 12
12 10 9
2 13 0
13 2 14
10 12 15
16 15 12
15 16 17
16 18 17
18 16 19
20 7 6
6 21 20
22 20 21
20 22 23
22 24 23
24 22 25
26 20 23
23 24 26
16 26 19
20 26 27
27 26 16
12 27 16
19 26 28
28 18 19
26 29 28
26 24 29
29 24 30
21 31 22
31 25 22
31 21 32
33 32 21
21 6 33
32 33 34
25 31 35
24 36 30
24 37 36
25 37 24
3 33 6
33 3 0
0 34 33
34 0 13
36 37 38
39 38 37
38 39 40
40 41 38
41 42 38
36 38 42
42 41 43
43 41 44
41 40 45
43 44 46
46 44 47
47 48 46
48 49 46
48 50 49
50 48 51
52 48 47
53 48 52
48 53 54
54 55 48
48 55 51
56 51 55
56 55 54
44 57 47
58 57 44
57 58 59
47 57 60
61 51 56
62 51 61
61 63 62
64 62 63
62 64 65
66 65 64
65 66 67
68 67 66
67 68 69
70 62 65
70 71 62
65 72 70
67 72 65
73 71 70
72 73 70
71 73 74
73 72 75
72 18 75
63 61 76
74 51 71
51 74 50
77 66 64
66 77 78
77 79 78
79 77 80
81 78 79
78 81 82
83 80 77
80 83 84
80 85 79
85 80 86
84 86 80
86 84 87
87 88 86
88 87 89
90 87 84
91 90 84
83 91 84
83 92 91
91 93 90
94 91 92
95 91 94
95 93 91
87 90 96
96 97 87
97 89 87
97 98 89
97 99 98
100 99 97
100 101 99
101 102 99
100 97 103
103 97 96
103 96 104
99 105 98
106 98 105
105 107 106
108 106 107
106 108 109
110 109 108
109 110 111
107 105 112
112 105 113
109 114 106
114 109 115
111 115 109
114 115 88
115 111 116
116 117 115
88 115 117
117 116 118
98 106 114
113 105 119
118 85 117
85 118 120
117 86 88
86 117 85
88 89 114
114 89 98
121 111 110
122 118 116
118 122 123
123 120 118
124 123 122
122 125 124
125 122 126
116 126 122
123 124 127
126 128 125
128 126 121
127 129 123
120 123 129
130 120 129
129 131 130
131 132 130
132 131 133
131 129 134
129 127 134
133 135 132
135 133 136
137 135 136
135 137 138
132 81 130
120 130 81
81 132 82
135 82 132
138 68 135
82 135 68
66 82 68
82 66 78
68 138 69
79 120 81
120 79 85
11 138 137
138 11 10
10 69 138
69 10 15
15 67 69
67 15 17
17 72 67
17 18 72
75 18 28
137 139 11
139 137 140
136 140 137
140 136 141
142 140 141
140 142 143
141 144 142
144 141 145
136 145 141
145 146 144
145 133 146
145 136 133
147 142 144
144 148 147
148 144 149
144 146 149
142 147 150
143 142 150
143 151 140
140 151 139
148 149 152
149 146 152
152 146 153
154 152 153
154 153 155
146 131 153
146 133 131
154 156 152
152 156 157
148 152 157
156 154 158
158 159 156
160 156 159
156 160 161
157 156 161
160 162 161
162 160 163
163 164 162
164 163 165
165 166 164
166 165 167
159 158 168
168 158 169
170 162 164
166 170 164
171 170 166
172 170 171
170 172 173
162 170 174
161 162 174
173 174 170
159 175 160
175 163 160
173 176 174
176 157 174
176 148 157
177 176 173
177 178 176
176 178 148
179 178 177
178 179 180
180 147 178
148 178 147
147 180 150
181 150 180
181 180 179
182 150 181
143 150 182
182 151 143
151 182 183
181 183 182
184 151 183
151 184 185
186 184 183
183 181 186
184 186 187
187 186 188
189 184 187
185 184 189
185 189 190
190 189 191
185 139 151
139 185 192
190 192 185
190 193 192
191 193 190
8 192 193
8 139 192
194 193 191
4 193 194
8 193 4
11 139 8
188 186 195
195 186 181
181 196 195
196 181 179
194 191 197
194 197 198
198 197 199
199 197 200
14 198 199
2 198 14
2 194 198
1 194 2
4 194 1
201 200 197
202 200 201
201 187 202
191 201 197
191 189 201
189 187 201
202 187 188
203 13 14
13 203 204
205 204 203
204 205 206
207 206 205
206 207 208
208 209 206
209 208 210
211 208 207
208 211 212
212 210 208
211 213 212
213 211 214
210 212 215
213 215 212
215 213 216
216 217 215
217 216 218
219 217 218
217 219 220
221 206 209
209 222 221
222 209 223
210 223 209
223 224 222
224 223 225
226 224 225
224 226 227
223 228 225
225 228 226
217 220 228
228 223 229
229 217 228
229 215 217
220 230 228
230 220 219
228 230 231
228 231 226
231 232 226
31 222 224
227 31 224
222 31 32
32 221 222
221 32 34
31 227 35
226 232 233
226 233 234
234 227 226
223 210 229
215 229 210
227 234 235
235 35 227
236 235 234
233 236 234
235 236 237
238 237 236
239 238 236
233 239 236
238 239 240
240 241 238
237 238 242
240 243 241
243 244 241
244 243 245
245 243 246
247 245 246
245 247 248
249 244 245
250 249 245
245 251 250
251 245 252
245 248 252
253 252 248
253 251 252
241 244 254
254 255 241
255 254 256
244 257 254
258 253 248
259 258 248
260 258 259
259 261 260
261 259 262
262 263 261
263 262 264
264 265 263
265 264 266
267 262 259
267 259 268
262 267 269
264 262 269
268 270 267
270 269 267
270 268 271
269 270 272
269 272 219
258 260 273
248 271 268
271 248 247
263 274 261
274 263 275
276 274 275
274 276 277
275 278 276
278 275 279
277 280 274
280 277 281
282 277 276
277 282 283
283 281 277
281 283 284
285 284 283
284 285 286
284 287 281
288 281 287
280 281 288
280 288 289
288 287 290
291 289 288
292 291 288
290 292 288
287 284 293
293 284 294
294 284 286
294 286 295
294 295 296
297 294 296
297 296 298
298 296 299
297 300 294
300 293 294
300 301 293
296 295 302
295 303 302
107 302 303
303 108 107
108 303 304
304 110 108
110 304 305
302 107 112
112 113 302
306 304 303
304 306 307
307 305 304
306 285 307
305 307 308
309 308 307
285 309 307
308 309 310
303 295 306
113 311 302
282 310 309
310 282 312
309 283 282
283 309 285
285 306 286
306 295 286
310 313 308
313 310 314
312 314 310
314 315 313
316 313 315
313 316 317
317 308 313
315 314 318
128 317 316
317 128 121
319 318 314
314 312 319
312 320 319
321 319 320
322 321 320
321 322 323
319 321 324
318 319 324
325 323 322
323 325 326
325 327 326
327 325 328
121 305 317
305 121 110
278 322 320
320 312 278
322 278 279
279 325 322
265 328 325
325 279 265
279 263 265
263 279 275
328 265 266
312 276 278
276 312 282
328 214 327
214 328 213
266 213 328
213 266 216
264 216 266
216 264 218
218 264 269
218 269 219
272 230 219
329 330 331
332 329 331
329 332 333
329 333 334
331 330 335
335 332 331
336 332 335
335 330 337
335 337 338
335 338 339
339 336 335
339 338 340
341 336 339
339 342 341
340 342 339
340 343 342
342 343 344
345 342 344
341 342 345
345 344 346
346 344 347
347 348 346
349 348 347
350 348 349
350 351 348
348 351 352
348 352 353
354 348 353
354 353 355
348 354 356
346 348 356
354 355 357
357 358 354
358 357 359
357 360 359
359 360 54
359 54 53
53 358 359
358 53 361
52 361 53
361 52 362
47 362 52
362 47 60
363 356 354
356 363 364
362 365 361
365 362 366
60 366 362
366 367 365
367 366 368
369 368 366
366 60 369
368 369 370
57 369 60
369 57 371
371 370 369
368 370 372
370 371 373
374 364 363
363 375 374
375 365 367
375 376 374
376 375 377
367 377 375
375 363 378
365 375 378
364 374 379
376 379 374
379 376 380
381 380 376
377 381 376
380 381 382
381 383 382
383 381 384
385 384 381
381 377 385
384 385 386
383 387 382
387 383 388
388 389 387
389 388 390
380 391 379
392 379 391
379 392 364
391 380 393
382 393 380
393 382 387
394 386 385
386 394 395
396 395 394
395 396 397
394 372 396
372 394 398
385 398 394
398 368 372
368 398 367
399 396 372
396 399 400
401 400 399
401 399 373
401 373 402
403 401 402
401 403 404
404 400 401
404 405 400
405 404 406
402 407 403
407 402 408
373 408 402
408 409 407
409 408 59
59 410 409
411 409 410
410 412 411
412 410 45
45 413 412
413 45 40
40 414 413
414 40 39
58 45 410
410 59 58
45 58 41
39 35 414
35 39 25
37 25 39
409 411 415
58 44 41
412 416 411
416 412 242
413 242 412
242 413 237
414 237 413
237 414 235
35 235 414
242 255 416
255 242 238
256 416 255
416 256 417
411 417 415
417 411 416
255 238 241
418 417 256
417 418 419
419 415 417
420 419 418
419 420 421
422 421 420
421 422 423
418 424 420
422 420 424
422 424 425
422 425 426
423 422 426
405 423 426
423 405 406
425 427 426
427 425 428
428 429 427
395 427 429
427 395 397
429 428 430
431 430 428
431 428 432
424 432 425
428 425 432
433 431 432
431 433 434
434 435 431
430 431 435
435 434 436
432 437 433
254 433 437
433 254 257
257 434 433
437 432 424
438 436 434
434 257 438
244 438 257
438 244 249
249 439 438
436 438 439
439 249 250
250 440 439
440 250 441
442 440 441
442 441 443
440 442 444
441 250 251
441 251 443
444 442 445
444 445 446
447 444 446
447 446 448
447 448 449
450 447 449
450 451 447
451 452 447
452 453 447
444 447 454
453 454 447
453 452 455
456 453 455
456 455 457
457 455 458
459 457 458
459 460 457
460 461 457
461 456 457
460 459 462
461 460 463
464 460 462
460 464 463
464 462 465
463 464 466
464 465 467
468 464 467
464 468 466
469 468 467
469 466 468
466 469 333
469 334 333
466 470 463
461 463 470
470 466 471
333 471 466
472 461 470
471 473 470
472 470 473
473 471 474
475 472 473
475 473 476
476 473 474
477 475 476
476 474 478
472 475 479
475 477 480
480 477 481
482 480 481
480 482 483
477 484 481
476 484 477
484 476 478
478 485 484
485 478 486
487 485 486
485 487 488
489 488 487
489 487 490
488 489 491
491 489 492
492 489 493
489 490 493
491 494 488
492 495 491
495 494 491
495 389 494
389 495 496
497 496 495
497 495 492
498 493 490
493 498 499
332 499 498
499 332 336
492 493 500
500 493 499
500 501 492
492 501 497
500 499 341
341 499 336
341 345 500
500 345 501
496 387 389
387 496 393
496 497 391
496 391 393
497 501 392
501 345 392
497 392 391
345 346 392
346 364 392
364 346 356
498 333 332
333 498 502
471 333 502
502 474 471
474 502 503
502 490 503
487 503 490
503 487 486
490 502 498
478 503 486
503 478 474
56 504 505
504 506 505
506 76 505
506 507 76
506 508 507
508 506 509
506 510 509
506 504 510
61 505 76
56 505 61
94 507 508
507 94 92
76 507 92
83 76 92
76 83 63
77 63 83
63 77 64
511 512 513
512 511 93
514 511 513
93 95 512
90 93 511
511 515 90
511 104 515
104 511 514
90 515 96
104 96 515
516 517 518
517 516 519
520 519 516
519 520 521
522 523 524
523 522 525
522 526 525
526 522 527
527 528 526
528 527 529
529 530 528
530 529 531
532 530 531
530 532 533
534 533 532
533 534 535
534 536 535
536 534 537
537 538 536
538 537 539
539 540 538
540 539 541
541 542 540
542 541 543
543 544 542
544 543 545
545 546 544
546 545 547
548 546 547
546 548 549
548 550 549
550 548 551
552 550 551
550 552 553
554 553 552
553 554 555
556 555 554
555 556 557
558 557 556
557 558 559
560 559 558
559 560 561
562 561 560
561 562 563
562 564 563
564 562 565
565 566 564
566 565 567
568 566 567
566 568 569
570 569 568
569 570 571
572 571 570
571 572 573
572 574 573
574 572 575
576 577 578
576 579 577
580 579 576
581 579 580
582 579 581
576 578 583
576 583 584
584 585 576
585 584 586
587 584 583
584 587 588
588 587 589
590 589 587
589 590 591
589 591 592
586 584 593
593 584 594
594 584 588
595 591 590
591 595 596
596 595 597
597 595 598
597 598 599
599 598 600
592 591 601
601 591 602
602 591 603
603 591 596
600 598 604
605 598 595
606 605 595
605 607 598
607 608 598
608 604 598
595 609 606
609 595 590
590 610 609
610 611 609
610 590 587
612 610 587
587 613 612
613 587 583
614 613 583
613 614 615
615 616 613
616 617 613
617 618 613
618 612 613
614 583 578
614 578 577
614 577 579
619 614 579
620 619 579
582 620 579
621 620 582
622 621 582
582 623 622
582 624 623
625 623 624
624 582 626
625 627 623
627 625 628
629 627 628
629 630 627
630 631 627
631 630 632
629 628 633
631 632 634
634 632 635
626 582 581
633 628 636
636 628 637
637 628 638
638 628 625
639 632 630
640 632 639
641 632 640
642 632 641
635 632 642
631 634 643
644 631 643
631 644 627
645 627 644
645 646 627
645 647 646
634 648 643
649 627 646
627 649 623
649 622 623
647 650 646
650 651 646
651 652 646
652 649 646
653 644 643
654 653 643
655 654 643
656 655 643
648 656 643
111 121 126
126 116 111
7 20 27
27 12 7
62 71 51
119 102 657
99 102 119
119 105 99
119 657 113
311 113 657
311 657 299
296 311 299
311 296 302
253 658 659
660 659 658
660 658 273
660 273 661
662 660 661
660 662 663
660 663 664
659 660 664
258 273 658
253 258 658
661 291 662
291 661 289
273 289 661
273 280 289
280 273 260
260 274 280
274 260 261
665 666 290
666 665 667
668 667 665
292 290 666
287 665 290
665 287 669
665 301 668
301 665 669
287 293 669
301 669 293
670 671 672
671 670 673
672 674 670
674 672 675
206 221 204
34 204 221
204 34 13
308 317 305
259 248 268
676 677 609
678 676 609
611 678 609
677 606 609
134 679 131
134 127 679
679 127 680
679 680 155
155 680 681
680 682 681
682 680 683
127 683 680
127 124 683
683 684 682
124 684 683
125 684 124
685 681 682
685 155 681
686 155 685
128 684 125
128 687 684
688 684 687
682 684 688
128 689 687
690 682 688
685 682 690
691 685 690
691 686 685
169 686 691
692 687 689
688 687 693
692 693 687
692 694 693
695 694 692
694 695 696
693 694 697
694 696 698
694 698 697
698 699 697
700 697 699
697 700 701
693 697 701
702 701 700
701 702 693
693 702 688
690 688 702
703 690 702
691 690 703
699 698 704
703 705 691
704 706 699
706 704 707
708 699 706
699 708 700
708 709 700
702 700 709
703 702 709
709 710 703
709 708 710
703 710 705
708 711 710
705 710 711
712 711 708
706 707 712
712 708 706
712 707 713
714 705 711
715 705 714
714 716 715
717 716 714
717 718 716
719 718 717
719 168 718
716 718 168
168 719 159
175 159 719
175 719 720
719 717 720
175 720 721
720 722 721
723 722 720
722 723 724
720 725 723
725 720 717
175 721 163
721 165 163
165 721 726
721 722 726
722 727 726
726 167 165
167 726 727
716 168 169
715 716 169
715 169 691
691 705 715
169 158 686
158 154 686
686 154 155
155 153 679
131 679 153
728 729 730
731 728 730
730 729 732
729 733 732
730 732 734
735 734 732
732 736 735
736 737 735
737 736 738
739 738 736
732 739 736
732 733 739
735 740 734
734 740 730
735 741 740
741 735 742
743 741 742
741 743 744
744 745 741
745 740 741
745 744 746
747 743 742
743 747 748
749 748 747
748 749 750
745 751 740
740 751 752
751 753 752
753 751 754
753 754 755
753 755 756
757 754 751
746 757 745
757 751 745
757 755 754
758 757 746
759 757 758
757 759 760
760 755 757
761 760 759
760 761 762
755 760 763
763 760 762
759 764 761
765 761 764
761 765 766
766 767 761
761 767 762
766 768 767
768 766 769
765 769 766
770 767 768
767 770 771
767 771 762
762 771 763
764 759 772
758 772 759
773 763 771
763 773 774
773 775 774
774 775 776
775 773 777
773 778 777
778 773 779
771 779 773
779 771 770
776 756 774
780 756 776
780 781 756
776 782 780
782 776 783
779 784 778
784 779 785
785 779 786
786 787 785
776 788 783
776 775 788
789 783 788
783 789 790
790 782 783
789 791 790
792 790 791
790 792 793
782 790 793
792 791 794
795 792 794
791 789 796
796 794 791
796 797 794
794 797 798
788 799 789
799 796 789
799 800 796
800 797 796
801 800 799
800 801 802
803 801 799
799 788 803
801 803 804
805 794 798
794 805 795
806 805 798
805 806 807
808 807 806
807 808 809
802 810 800
797 800 810
810 802 811
810 812 797
812 806 798
798 797 812
813 812 810
813 806 812
811 813 810
813 808 806
813 814 808
813 811 814
814 811 815
815 808 814
816 811 802
811 816 817
815 811 817
802 818 816
818 804 819
804 818 801
818 802 801
815 820 808
820 809 808
821 809 820
815 822 820
821 820 822
819 778 784
778 819 804
804 777 778
777 804 803
803 775 777
775 803 788
731 752 823
823 752 753
753 781 823
756 781 753
731 730 752
740 752 730
755 774 756
755 763 774
824 737 825
824 825 826
826 747 824
747 826 749
735 737 824
735 824 742
742 824 747
827 828 829
828 827 830
829 768 827
829 828 831
832 830 827
827 833 832
833 827 769
827 768 769
769 765 833
765 834 833
834 835 833
833 835 832
836 835 834
835 836 837
834 838 836
838 834 839
835 840 832
830 832 840
765 764 834
764 839 834
764 772 839
839 772 841
839 841 842
772 758 841
758 843 841
841 843 842
843 758 746
746 844 843
844 746 744
843 845 842
843 844 845
846 845 844
744 846 844
847 845 846
846 744 743
748 846 743
846 748 848
847 846 848
847 848 849
850 847 849
848 750 849
750 848 748
851 770 829
786 770 851
786 851 831
829 831 851
770 786 779
829 770 768
786 831 787
852 853 854
853 852 855
856 854 853
857 856 853
858 856 857
857 859 858
859 857 860
860 861 859
861 860 862
863 855 852
855 863 864
863 865 864
865 863 866
866 867 865
867 866 868
868 869 867
869 868 870
871 869 870
869 871 872
873 872 871
872 873 874
875 874 873
874 875 876
875 877 876
877 875 878
878 879 877
879 878 880
880 881 879
881 880 882
882 883 881
883 882 884
884 885 883
885 884 886
887 885 886
885 887 888
889 888 887
888 889 890
891 890 889
890 891 892
893 892 891
892 893 894
895 894 893
894 895 896
895 897 896
897 895 898
898 899 897
899 898 900
900 901 899
901 900 902
903 901 902
901 903 904
905 904 903
904 905 906
907 906 905
906 907 908
907 909 908
909 907 910
910 911 909
911 910 912
913 911 912
914 911 913
915 914 913
916 914 915
914 916 917
918 917 916
917 918 919
920 921 922
921 920 923
921 924 922
924 921 925
925 926 924
926 925 927
927 928 926
928 927 929
930 923 920
923 930 931
930 932 931
932 930 933
933 934 932
934 933 935
935 936 934
936 935 937
937 938 936
938 937 939
940 938 939
938 940 941
942 941 940
941 942 943
944 943 942
943 944 945
944 946 945
946 944 947
947 948 946
948 947 949
949 950 948
950 949 951
952 950 951
952 953 950
952 954 953
952 955 954
956 954 955
954 956 957
958 957 956
957 958 959
960 959 958
959 960 961
960 962 961
962 960 963
963 964 962
964 963 965
965 966 964
966 965 967
968 966 967
966 968 969
970 969 968
969 970 971
972 971 970
971 972 973
974 973 972
973 974 975
974 976 975
976 974 977
977 978 976
978 977 979
980 978 979
978 980 981
982 981 980
981 982 983
984 983 982
983 984 985
986 987 988
987 986 989
987 990 988
990 987 991
992 989 986
989 992 993
994 993 992
993 994 995
994 996 995
996 994 997
997 998 996
998 997 999
1000 998 999
998 1000 1001
991 1002 990
1002 991 1003
1003 1004 1002
1004 1003 1005
1006 1004 1005
1004 1006 1007
1008 1007 1006
1007 1008 1009
1010 1009 1008
1009 1010 1011
1010 1012 1011
1012 1010 1013
1013 1014 1012
1014 1013 1015
1015 1016 1014
1016 1015 1017
1017 1018 1016
1018 1017 1019
1020 1018 1019
1018 1020 1021
1020 1022 1021
1022 1020 1023
1024 1022 1023
1022 1024 1025
1026 1025 1024
1025 1026 1027
1028 1027 1026
1027 1028 1029
1030 1029 1028
1029 1030 1031
1030 1032 1031
1032 1030 1033
1033 1034 1032
1034 1033 1035
1035 1036 1034
1036 1035 1037
1038 1036 1037
1036 1038 1039
1040 1039 1038
1039 1040 1041
1042 1041 1040
1041 1042 1043
1042 1044 1043
1044 1042 1045
1045 1046 1044
1046 1045 1047
1047 1048 1046
1048 1047 1049
1050 1048 1049
1048 1050 1051
1052 1051 1050
1051 1052 1053
1052 1054 1053
1054 1052 1055
1056 1057 1058
1056 1059 1057
1060 1061 1062
1061 1060 1063
1064 1060 1062
1060 1064 1065
1063 1066 1061
1066 1063 1067
1068 1066 1067
1066 1068 1069
1070 1069 1068
1069 1070 1071
1072 1071 1070
1071 1072 1073
1074 1065 1064
1065 1074 1075
1076 1075 1074
1075 1076 1077
1076 1078 1077
1078 1076 1079
1079 1080 1078
1080 1079 1081
1081 1082 1080
1082 1081 1083
1084 1082 1083
1082 1084 1085
1086 1085 1084
1085 1086 1087
1088 1087 1086
1087 1088 1089
1090 1089 1088
1089 1090 1091
1092 1091 1090
1092 1093 1091
1093 1094 1091
1094 1093 1095
1095 1096 1094
1096 1095 1097
1097 1098 1096
1098 1097 1099
1099 1100 1098
1100 1099 1101
1102 1100 1101
1100 1102 1103
1104 1103 1102
1103 1104 1105
1106 1105 1104
1105 1106 1107
1106 1108 1107
1108 1106 1109
1109 1110 1108
1110 1109 1111
1111 1112 1110
1112 1111 1113
1114 1112 1113
1112 1114 1115
1116 1115 1114
1115 1116 1117
1116 1118 1117
1118 1116 1119
1119 1120 1118
1120 1119 1121
1121 1122 1120
1122 1121 1123
1124 1125 1126
1124 1126 1127
371 57 408
408 373 371
408 57 59
373 399 370
372 370 399
415 407 409
407 415 1128
1128 403 407
403 1128 1129
1129 404 403
404 1129 406
415 419 1128
1129 423 406
423 1129 421
1128 421 1129
421 1128 419
377 367 398
398 385 377
361 378 358
378 361 365
378 354 358
354 378 363
389 1130 494
1130 389 390
488 494 1130
488 1130 485
482 1130 390
388 482 390
482 388 1131
383 1131 388
1131 383 1132
383 1133 1132
1133 383 384
1133 1134 1132
1134 1133 1135
384 1136 1133
1136 384 386
1135 1137 1134
1138 1134 1137
1137 1139 1138
1139 1137 1140
1134 1138 1141
1141 1132 1134
1132 1141 1131
1142 1140 1137
1137 1135 1142
1135 1143 1142
1143 1135 1144
1133 1144 1135
1144 1133 1136
1143 1145 1142
1140 1142 1145
1145 454 1140
454 1145 444
1145 1143 1146
1146 444 1145
1144 435 1143
435 1144 430
1136 430 1144
386 429 1136
430 1136 429
436 1143 435
1143 436 1146
439 1146 436
1146 439 440
444 1146 440
453 1140 454
1140 453 1139
456 1139 453
479 1139 456
1147 1139 479
472 479 456
461 472 456
475 1147 479
1147 1138 1139
483 1138 1147
1147 480 483
1147 475 480
483 1141 1138
483 1131 1141
1131 483 482
1130 482 481
484 1130 481
484 485 1130
1148 405 1149
405 1148 400
400 1148 1150
1150 396 400
396 1150 1151
396 1151 1152
1150 1153 1151
1153 1150 1154
1153 1154 1155
396 1152 397
405 1156 1149
1156 405 426
426 1157 1156
427 1157 426
1157 427 1158
427 1159 1158
427 397 1159
1160 1157 1158
1160 1155 1161
1157 1160 1161
1162 1163 1164
1163 1162 1165
1166 1165 1162
1165 1166 1167
1168 1167 1166
1167 1168 1169
1170 1169 1168
1169 1170 1171
1165 1172 1163
1172 1165 1173
1167 1173 1165
1173 1167 1174
1169 1174 1167
1174 1169 1175
1171 1175 1169
1175 1171 1176
1177 1172 1173
1172 1177 1178
1173 1179 1177
1179 1173 1174
1174 1180 1179
1180 1174 1175
1175 1181 1180
1181 1175 1176
1177 1182 1178
1182 1177 1183
1179 1183 1177
1183 1179 1184
1180 1184 1179
1184 1180 1185
1181 1185 1180
1185 1181 1186
1187 1182 1183
1182 1187 1188
1183 1189 1187
1189 1183 1184
1184 1190 1189
1190 1184 1185
1185 1191 1190
1191 1185 1186
1187 1192 1188
1192 1187 1193
1189 1193 1187
1193 1189 1194
1190 1194 1189
1194 1190 1195
1191 1195 1190
1195 1191 1196
1197 1192 1193
1192 1197 1198
1193 1199 1197
1199 1193 1194
1194 1200 1199
1200 1194 1195
1195 1201 1200
1201 1195 1196
1202 1198 1197
1198 1202 1203
1197 1204 1202
1204 1197 1199
1199 1205 1204
1205 1199 1200
1200 1206 1205
1206 1200 1201
1207 1203 1202
1203 1207 1164
1202 1208 1207
1208 1202 1204
1204 1209 1208
1209 1204 1205
1205 1210 1209
1210 1205 1206
1211 1201 1196
1191 1211 1196
1211 1191 1212
1191 1213 1212
1214 1212 1213
1215 1214 1213
1214 1215 1216
1215 1217 1216
1218 1216 1217
1219 1218 1217
1218 1219 1220
1221 1220 1219
1220 1221 1222
1222 1163 1220
1163 1222 1164
1219 1223 1221
1223 1219 1224
1217 1224 1219
1224 1170 1223
1170 1224 1171
1172 1220 1163
1220 1172 1218
1224 1217 1225
1225 1171 1224
1217 1215 1225
1171 1225 1176
1172 1226 1218
1226 1172 1178
1216 1218 1226
1225 1181 1176
1181 1225 1215
1182 1226 1178
1226 1182 1227
1227 1216 1226
1216 1227 1214
1213 1181 1215
1181 1213 1186
1182 1228 1227
1228 1182 1188
1227 1229 1214
1229 1227 1228
1212 1214 1229
1213 1191 1186
1192 1228 1188
1228 1192 1230
1230 1229 1228
1229 1230 1231
1231 1212 1229
1212 1231 1211
1192 1232 1230
1232 1192 1198
1230 1233 1231
1233 1230 1232
1231 1234 1211
1234 1231 1233
1201 1211 1234
1198 1235 1232
1235 1198 1203
1232 1236 1233
1236 1232 1235
1233 1237 1234
1237 1233 1236
1234 1206 1201
1206 1234 1237
1203 1238 1235
1238 1203 1164
1235 1239 1236
1239 1235 1238
1236 1240 1237
1240 1236 1239
1237 1210 1206
1210 1237 1240
437 418 254
424 418 437
418 256 254
429 386 395
161 174 157
1241 1242 1243
1242 1241 1244
1245 1244 1241
1241 1246 1245
1246 1241 1247
1243 1247 1241
1247 1248 1246
1248 1247 1249
1250 1248 1249
1248 1250 1251
1252 1251 1250
1251 1252 1253
1254 1246 1248
1251 1254 1248
1246 1254 1255
1255 1245 1246
1256 1255 1254
1255 1256 1257
1258 1256 1254
1254 1251 1258
1253 1258 1251
1256 1258 1259
1257 1260 1255
1245 1255 1260
1260 1257 1261
1262 1259 1258
1258 1253 1262
1259 1262 1263
1264 1257 1256
1259 1264 1256
1257 1264 1265
1265 1261 1257
1266 1265 1264
1265 1266 1267
1268 1267 1266
1267 1268 1269
1270 1267 1269
1267 1270 1271
1264 1272 1266
1272 1268 1266
1273 1268 1272
1272 1264 1274
1264 1259 1274
1263 1274 1259
1272 1274 1275
1276 1267 1271
1267 1276 1265
1261 1265 1276
1276 1277 1261
1277 1276 1278
1271 1278 1276
1270 1279 1271
1278 1271 1279
1279 1280 1278
1280 1279 1281
1279 1270 1282
1282 1283 1279
1279 1283 1281
1273 1272 1284
1284 1272 1275
1282 1270 1285
1273 1284 1286
1287 1273 1286
1268 1273 1287
1287 1269 1268
1269 1287 1288
1285 1269 1288
1269 1285 1270
1286 1289 1287
1287 1290 1288
1287 1289 1290
1288 1291 1285
1291 1288 1292
1289 1293 1290
1285 1291 1294
1282 1285 1294
1295 1293 1289
1295 1289 1286
1290 1293 1296
1296 1293 1297
1297 1293 1298
1298 1293 1295
1299 1297 1298
1300 1297 1299
1297 1300 1301
1296 1297 1301
1298 1302 1299
1302 1303 1299
1299 1303 1300
1302 1304 1303
1304 1302 1305
1306 1305 1302
1306 1302 1298
1295 1306 1298
1305 1306 1307
1307 1308 1305
1308 1307 1309
1310 1305 1308
1305 1310 1304
1308 1311 1310
1311 1308 1312
1309 1312 1308
1312 1309 1313
1313 1314 1312
1314 1313 1315
1316 1313 1309
1313 1316 1263
1263 1315 1313
1317 1312 1314
1312 1317 1311
1314 1318 1317
1318 1314 1319
1315 1319 1314
1319 1315 1320
1320 1321 1319
1321 1320 1322
1262 1320 1315
1315 1263 1262
1320 1262 1253
1253 1322 1320
1323 1319 1321
1319 1323 1318
1321 1324 1323
1324 1321 1325
1322 1325 1321
1325 1322 1326
1252 1326 1322
1322 1253 1252
1326 1252 1327
1274 1263 1316
1250 1327 1252
1327 1250 1328
1249 1328 1250
1328 1249 1329
1249 1330 1329
1330 1249 1247
1247 1243 1330
1275 1274 1316
1275 1316 1309
1275 1309 1307
1306 1275 1307
1284 1275 1306
1295 1284 1306
1286 1284 1295
1331 1332 1333
1332 1331 1334
1335 1333 1332
1333 1335 1336
1331 1333 1337
1333 1336 1338
1333 1338 1337
1339 1337 1338
1340 1337 1339
1337 1340 1341
1331 1337 1341
1334 1342 1332
1342 1335 1332
1342 1334 1343
1343 1344 1342
1344 1343 1345
1344 1346 1342
1335 1342 1346
1346 1344 1347
1345 1348 1344
1348 1347 1344
1348 1345 1349
1350 1348 1349
1348 1350 1351
1351 1352 1348
1347 1348 1352
1352 1351 1353
1354 1351 1350
1351 1354 1355
1355 1353 1351
1356 1355 1354
1355 1356 1357
1357 1358 1355
1353 1355 1358
1358 1357 1359
1352 1360 1347
1360 1352 1361
1353 1361 1352
1361 1277 1360
1277 1361 1362
1278 1360 1277
1360 1278 1280
1363 1362 1361
1358 1363 1353
1361 1353 1363
1362 1363 1364
1364 1260 1362
1260 1364 1245
1365 1364 1363
1363 1358 1365
1359 1365 1358
1364 1365 1244
1244 1245 1364
1261 1362 1260
1362 1261 1277
1366 1244 1365
1365 1359 1366
1244 1366 1242
1280 1347 1360
1347 1280 1346
1281 1346 1280
1346 1281 1335
1281 1336 1335
1281 1283 1336
1336 1283 1367
1367 1283 1282
1367 1282 1294
1291 1367 1294
1291 1368 1367
1339 1367 1368
1339 1368 1369
1369 1368 1292
1292 1368 1291
1367 1339 1338
1336 1367 1338
1339 1369 1340
1370 1371 1372
1371 1370 1373
1372 1374 1370
1375 1370 1374
1370 1375 1376
1376 1373 1370
1377 1376 1375
1376 1377 1378
1377 1379 1378
1379 1377 1380
1380 1381 1379
1381 1380 1382
1375 1383 1377
1383 1380 1377
1383 1375 1384
1374 1384 1375
1384 1385 1383
1385 1384 1386
1385 1387 1383
1380 1383 1387
1387 1382 1380
1387 1385 1388
1389 1386 1384
1384 1374 1389
1386 1389 1390
1388 1391 1387
1382 1387 1391
1391 1388 1392
1386 1393 1385
1393 1388 1385
1393 1386 1394
1390 1394 1386
1394 1395 1393
1395 1394 1396
1396 1397 1395
1397 1396 1398
1399 1395 1397
1395 1399 1400
1400 1393 1395
1396 1401 1398
1401 1396 1402
1393 1400 1403
1388 1393 1403
1403 1392 1388
1400 1404 1403
1392 1403 1404
1404 1400 1405
1399 1405 1400
1406 1396 1394
1396 1406 1402
1407 1401 1402
1401 1407 1408
1409 1408 1407
1408 1409 1410
1407 1411 1409
1411 1407 1412
1402 1412 1407
1412 1402 1406
1406 1413 1412
1413 1406 1390
1405 1399 1414
1408 1415 1401
1415 1398 1401
1398 1415 1416
1417 1398 1416
1398 1417 1397
1397 1417 1399
1399 1418 1414
1418 1399 1419
1417 1419 1399
1419 1417 1420
1417 1416 1421
1417 1421 1420
1416 1415 1422
1422 1423 1416
1424 1420 1421
1420 1424 1425
1425 1419 1420
1419 1425 1418
1426 1418 1425
1418 1426 1427
1428 1427 1426
1426 1429 1428
1429 1426 1430
1425 1430 1426
1430 1425 1424
1427 1428 1431
1431 1428 1432
1428 1429 1432
1433 1431 1432
1431 1433 1434
1434 1435 1431
1435 1427 1431
1435 1434 1436
1437 1436 1434
1436 1437 1438
1439 1434 1433
1434 1439 1437
1440 1437 1439
1437 1440 1441
1441 1438 1437
1438 1441 1442
1443 1442 1441
1442 1443 1444
1442 1404 1438
1404 1442 1392
1444 1392 1442
1445 1441 1440
1441 1445 1443
1446 1443 1445
1443 1446 1447
1447 1444 1443
1444 1447 1448
1449 1448 1447
1448 1449 1450
1448 1391 1444
1392 1444 1391
1391 1448 1382
1450 1382 1448
1451 1447 1446
1447 1451 1449
1452 1449 1451
1449 1452 1453
1453 1450 1449
1450 1453 1454
1454 1381 1450
1382 1450 1381
1381 1454 1455
1455 1379 1381
1379 1455 1456
1456 1378 1379
1378 1456 1457
1458 1378 1457
1378 1458 1376
1373 1376 1458
1459 1460 1461
1460 1459 1462
1462 1463 1460
1463 1462 1464
1459 1465 1462
1462 1466 1464
1462 1465 1466
1466 1410 1464
1410 1463 1464
1410 1466 1467
1468 1466 1465
1468 1467 1466
1465 1469 1468
1470 1468 1469
1468 1470 1471
1467 1468 1471
1469 1465 1472
1459 1472 1465
1471 1473 1467
1473 1410 1467
1473 1471 1422
1415 1473 1422
1408 1473 1415
1410 1473 1408
1463 1410 1409
1409 1474 1463
1475 1463 1474
1474 1476 1475
1476 1477 1475
1477 1476 1478
1476 1474 1479
1461 1475 1477
1475 1461 1460
1463 1475 1460
1480 1478 1476
1479 1480 1476
1478 1480 1481
1480 1482 1481
1482 1480 1483
1484 1483 1480
1480 1479 1484
1483 1484 1485
1483 1486 1482
1486 1483 1487
1485 1487 1483
1487 1488 1486
1488 1487 1489
1490 1489 1487
1487 1485 1490
1489 1490 1491
1492 1484 1479
1484 1492 1493
1493 1485 1484
1413 1493 1492
1493 1413 1494
1492 1412 1413
1412 1492 1411
1494 1495 1493
1495 1490 1485
1485 1493 1495
1495 1494 1496
1389 1496 1494
1496 1389 1374
1496 1497 1495
1490 1495 1497
1497 1491 1490
1497 1496 1372
1374 1372 1496
1390 1494 1413
1494 1390 1389
1372 1498 1497
1491 1497 1498
1498 1372 1371
1479 1411 1492
1411 1479 1474
1474 1409 1411
1394 1390 1406
1438 1405 1436
1405 1438 1404
1414 1436 1405
1436 1414 1435
1414 1427 1435
1427 1414 1418
1471 1423 1422
1423 1471 1470
1499 1500 1501
1502 1500 1499
1500 1502 1503
1499 1504 1502
1504 1499 1505
1505 1499 1506
1506 1499 1501
1505 1506 1507
1505 1508 1504
1508 1505 1509
1505 1507 1509
1503 1510 1500
1510 1503 1511
1512 1500 1510
1501 1500 1512
1513 1509 1507
1507 1514 1513
1514 1507 1515
1506 1515 1507
1501 1515 1506
1501 1516 1515
1512 1516 1501
1515 1516 1517
1512 1518 1516
1516 1518 1519
1516 1519 1517
1519 1518 1520
1519 1521 1517
1509 1513 1522
1523 1514 1515
1515 1524 1523
1515 1517 1524
1517 1525 1524
1517 1521 1525
1521 1526 1525
1526 1521 1527
1528 1525 1526
1525 1528 1529
1524 1529 1523
1524 1525 1529
1530 1529 1528
1529 1530 1531
1523 1529 1531
1531 1532 1523
1532 1531 1533
1514 1523 1532
1520 1534 1519
1534 1527 1521
1519 1534 1521
1527 1534 1535
1536 1535 1534
1535 1536 1537
1538 1537 1536
1537 1538 1539
1540 1539 1538
1538 1541 1540
1541 1538 1542
1542 1538 1536
1542 1543 1541
1542 1536 1520
1520 1536 1534
1539 1540 1544
1540 1545 1544
1545 1540 1546
1540 1547 1546
1540 1541 1547
1541 1548 1547
1541 1543 1548
1549 1548 1543
1548 1549 1550
1543 1542 1551
1551 1542 1520
1552 1543 1551
1549 1543 1552
1549 1553 1550
1550 1553 1554
1553 1555 1554
1555 1553 1556
1553 1557 1556
1557 1553 1558
1549 1558 1553
1552 1558 1549
1558 1559 1557
1559 1558 1560
1552 1560 1558
1560 1511 1559
1511 1560 1510
1560 1552 1561
1552 1551 1561
1560 1561 1510
1561 1551 1518
1520 1518 1551
1561 1518 1512
1512 1510 1561
1562 1554 1563
1550 1554 1562
1562 1564 1550
1565 1564 1562
1566 1565 1562
1566 1562 1563
1565 1566 1567
1568 1565 1567
1568 1564 1565
1547 1564 1568
1546 1547 1568
1546 1568 1569
1568 1567 1569
1548 1550 1564
1547 1548 1564
1570 1571 1572
1573 1570 1572
1570 1573 1574
1571 1570 1575
1570 1574 1576
1575 1570 1576
1577 1576 1574
1577 1578 1576
1578 1577 1579
1580 1577 1574
1577 1580 1581
1577 1581 1579
1579 1581 1582
1578 1583 1576
1576 1583 1575
1583 1578 1584
1583 1585 1575
1585 1583 1586
1586 1583 1584
1586 1584 1587
1578 1579 1588
1584 1578 1588
1588 1579 1589
1579 1582 1589
1589 1582 1590
1584 1588 1591
1587 1584 1591
1587 1591 1592
1592 1591 1593
1591 1594 1593
1588 1589 1594
1591 1588 1594
1594 1589 1595
1589 1590 1595
1595 1590 1596
1597 1596 1590
1596 1597 1598
1599 1592 1593
1600 1599 1593
1598 1600 1596
1596 1600 1595
1601 1599 1600
1600 1598 1601
1599 1601 1602
1599 1603 1592
1603 1599 1602
1594 1595 1604
1593 1594 1604
1600 1593 1604
1595 1600 1604
1598 1597 1605
1598 1605 1606
1598 1606 1601
1602 1601 1606
1607 1602 1606
1607 1603 1602
1606 1605 1608
1609 1606 1608
1606 1609 1610
1607 1606 1610
1611 1612 1609
1612 1611 1613
1612 1613 1614
1612 1614 1615
1612 1615 1616
1617 1612 1616
1617 1618 1612
1619 1612 1618
1619 1618 1610
1620 1611 1609
1621 1622 1623
1622 1624 1623
1621 1625 1622
1572 1625 1621
1625 1626 1622
1622 1626 1624
1627 1572 1621
1572 1571 1625
1571 1628 1625
1625 1628 1626
1628 1571 1629
1629 1571 1575
1575 1585 1629
1573 1572 1627
1630 1573 1627
1573 1630 1631
1573 1631 1574
1580 1574 1631
1630 1627 1632
1632 1627 1633
1627 1621 1633
1633 1621 1634
1635 1633 1634
1632 1633 1635
1635 1634 1636
1637 1638 1639
1640 1637 1639
1641 1637 1640
1642 1641 1640
1638 1643 1639
1638 1644 1643
1644 1645 1643
1646 1640 1639
1643 1646 1639
1643 1647 1646
1647 1648 1646
1649 1647 1643
1646 1650 1640
1650 1646 1648
1650 1651 1640
1650 1652 1651
1650 1648 1652
1652 1653 1651
1653 1652 1654
1652 1655 1654
1655 1652 1656
1652 1648 1656
1648 1657 1656
1657 1648 1658
1656 1659 1655
1659 1656 1660
1660 1656 1657
1661 1660 1657
1661 1657 1662
1657 1658 1662
1661 1662 1663
1664 1662 1658
1658 1665 1664
1665 1658 1666
1666 1667 1665
1667 1666 1649
1662 1664 1668
1668 1663 1662
1663 1668 1669
1670 1663 1669
1663 1670 1671
1671 1661 1663
1672 1671 1670
1671 1672 1673
1671 1673 1661
1661 1673 1674
1672 1674 1673
1674 1672 1675
1675 1676 1674
1676 1675 1677
1659 1676 1677
1676 1659 1660
1667 1649 1678
1679 1667 1678
1679 1678 1645
1649 1643 1678
1643 1645 1678
1661 1676 1660
1661 1674 1676
1680 1681 1653
1681 1651 1653
1680 1642 1681
1640 1651 1681
1642 1640 1681
1623 1624 1682
1647 1649 1666
1647 1666 1648
1648 1666 1658
