byte offset: 0
first index: 0
index count: 2454
topology: trianglelist
format: DXGI_FORMAT_R16_UINT

0 1 2
3 2 1
3 4 2
5 4 3
5 6 4
7 5 3
8 9 10
8 10 11
12 8 11
12 11 13
10 9 14
10 14 15
14 16 15
14 17 16
18 19 20
20 19 21
20 21 22
21 23 22
18 24 19
25 24 18
24 25 26
27 28 29
27 29 30
28 31 32
33 27 34
35 36 37
35 37 38
39 35 38
40 39 38
40 38 41
41 38 42
38 43 42
43 44 42
42 44 45
46 45 44
42 45 47
48 42 47
49 48 47
49 47 50
50 47 51
50 51 52
53 54 46
53 55 54
56 57 58
56 58 59
59 58 60
59 60 61
62 57 56
62 63 57
64 65 66
65 64 67
68 65 67
69 65 68
65 69 66
69 68 70
71 72 66
73 72 71
74 73 71
75 74 71
75 71 69
71 76 69
77 78 79
78 80 79
78 81 80
78 82 81
83 84 85
83 85 86
87 84 83
88 87 83
88 83 89
90 87 88
90 91 87
91 90 92
91 92 93
93 92 94
93 94 95
96 97 86
96 98 97
99 97 98
99 98 100
101 102 103
101 103 104
105 106 107
105 107 108
108 107 109
108 109 110
111 110 109
111 112 110
113 112 111
113 111 114
115 113 114
115 114 116
117 118 119
117 119 120
119 121 120
119 122 121
122 123 121
122 124 123
125 126 127
128 125 127
128 129 125
128 127 130
131 130 127
131 127 132
131 132 133
131 134 130
131 135 134
136 131 133
136 133 137
138 136 137
138 137 139
139 140 138
139 141 140
142 135 131
142 131 143
144 142 143
144 145 142
144 140 145
140 146 147
148 149 150
148 151 149
149 151 152
149 152 153
150 149 154
150 154 155
156 157 158
156 158 159
160 156 159
160 161 156
162 156 161
162 161 163
164 162 163
164 163 165
164 166 162
167 166 164
168 167 164
168 164 169
165 169 164
168 169 170
162 166 171
156 162 171
157 156 171
165 163 172
165 172 173
165 173 174
165 174 175
176 175 169
163 161 177
163 177 172
177 161 160
177 160 178
159 179 160
180 179 159
180 159 181
181 182 180
181 183 182
184 182 183
184 183 185
186 184 185
186 185 187
188 186 187
185 183 189
190 189 183
190 183 181
185 189 191
185 191 192
187 185 192
187 192 193
187 193 194
187 194 195
188 187 195
196 190 181
159 196 181
159 158 196
197 198 199
199 198 200
199 200 201
199 201 202
197 199 203
199 204 203
199 205 204
199 206 205
207 208 209
210 208 207
211 212 213
211 213 214
215 211 214
215 214 216
217 213 212
217 218 213
219 220 221
219 221 222
219 222 223
219 223 224
224 223 225
224 225 226
227 228 229
230 227 229
231 232 233
231 233 234
235 231 234
235 234 236
232 237 233
232 238 237
239 235 236
239 240 235
241 240 239
241 239 242
243 241 242
243 242 244
245 243 244
245 244 246
247 245 246
247 246 248
249 237 238
249 250 237
251 250 249
251 252 250
253 252 251
253 254 252
255 254 253
255 253 256
257 255 256
257 258 255
259 258 257
259 260 258
261 260 259
261 262 260
263 262 261
263 261 264
265 263 264
265 266 263
267 268 269
268 270 269
268 271 270
271 272 270
271 273 272
270 274 269
270 275 274
275 270 272
276 271 268
275 272 277
278 273 271
279 273 278
279 280 273
278 271 281
281 271 276
273 280 282
273 282 283
273 283 284
285 284 283
285 283 286
287 285 286
287 286 288
273 284 289
285 287 290
285 290 291
284 285 291
286 292 288
286 293 292
286 294 293
286 283 294
283 282 294
289 284 295
284 291 295
289 295 296
297 287 288
297 298 287
287 298 299
287 299 300
288 301 297
297 267 298
267 302 298
302 267 269
302 269 303
302 304 298
305 306 307
305 308 306
305 309 308
309 310 308
309 311 310
311 312 310
313 314 312
314 315 312
316 317 318
316 318 319
318 320 319
318 321 320
320 321 322
323 320 322
324 323 322
325 323 324
325 326 323
325 327 326
317 316 328
329 326 327
329 330 326
329 331 330
331 332 330
330 332 333
333 332 334
332 335 334
336 335 332
337 335 336
337 338 335
339 338 337
339 340 338
338 340 341
338 341 342
342 341 343
342 343 344
345 333 334
345 346 333
347 346 345
347 345 348
349 347 348
342 344 350
344 351 350
344 352 351
352 348 351
352 349 348
353 347 354
352 353 354
328 347 353
355 328 353
352 355 353
355 356 328
352 357 358
359 352 358
359 360 356
359 361 360
362 361 359
362 363 361
362 364 363
364 365 363
365 366 363
359 356 367
359 367 352
368 369 358
368 358 370
371 368 370
371 370 372
373 374 375
373 375 376
374 377 375
374 378 377
379 373 376
379 376 380
381 382 383
381 383 384
382 385 383
382 386 385
382 387 386
387 328 386
387 317 328
387 388 317
389 388 387
389 387 390
389 390 391
389 391 392
393 389 392
394 393 392
394 392 395
396 394 395
396 397 394
397 398 394
397 399 398
399 322 398
400 321 398
401 402 403
402 404 403
404 405 403
406 401 403
407 401 406
401 408 409
401 409 410
408 411 409
411 408 412
413 411 412
413 414 411
411 415 409
416 417 418
416 418 419
417 420 418
417 421 420
420 421 422
420 422 423
424 423 422
424 425 423
426 425 424
426 427 425
428 429 430
428 430 431
430 429 432
430 432 433
433 432 434
433 434 435
436 437 438
436 438 439
438 440 439
438 441 440
437 442 438
437 443 442
444 445 446
444 446 447
448 449 444
448 450 449
451 452 448
451 453 452
454 455 456
455 384 456
455 454 457
458 459 460
458 460 461
461 460 462
461 462 463
464 459 458
464 458 465
466 464 465
466 467 464
468 469 470
468 470 471
470 472 471
470 473 472
474 475 476
474 476 477
476 478 477
476 479 478
480 481 482
481 483 482
481 484 483
481 485 484
480 486 481
481 486 487
481 487 488
481 488 489
490 491 492
490 492 493
493 492 494
493 494 495
495 494 496
495 496 497
496 498 497
496 499 498
500 501 502
500 502 503
504 501 500
504 505 501
503 502 506
503 506 507
508 505 504
508 504 509
510 508 509
510 511 508
512 511 510
512 513 511
514 513 512
514 515 513
516 515 514
516 517 515
518 507 506
518 506 519
520 518 519
520 519 521
522 520 521
522 521 523
524 522 523
524 525 522
526 525 524
526 524 527
527 528 526
527 529 528
530 528 529
530 529 531
532 530 531
532 533 530
533 532 534
533 534 535
536 537 538
536 538 539
540 539 538
540 541 539
542 543 544
545 546 547
545 547 548
549 546 545
550 549 545
550 551 549
550 552 551
549 553 546
554 555 556
557 558 555
559 560 557
560 561 554
562 563 564
562 564 565
563 566 564
563 567 566
567 568 566
567 569 568
570 568 569
570 569 571
572 573 574
572 574 575
575 574 576
575 576 577
578 573 572
578 579 573
580 577 576
580 576 581
582 583 584
582 584 585
586 583 582
585 584 587
585 587 588
588 587 589
586 582 590
591 586 590
590 592 591
593 594 595
594 596 595
594 597 596
597 598 596
599 600 601
599 602 600
603 602 599
603 604 602
604 605 602
605 606 602
605 607 606
607 608 606
607 609 608
610 609 607
611 609 610
612 610 607
612 607 605
613 612 605
614 613 605
615 613 614
615 616 613
616 617 613
616 618 617
609 611 619
608 609 620
620 609 621
609 622 621
623 624 625
623 625 626
624 627 625
624 628 627
629 623 626
629 626 630
631 632 633
631 634 632
635 634 631
635 636 634
637 638 639
640 637 639
641 637 640
642 637 641
642 641 643
644 643 641
644 641 645
645 646 644
645 647 646
648 646 647
648 649 646
639 638 650
639 650 651
652 653 654
652 654 655
656 657 658
656 658 659
657 660 658
657 661 660
660 661 662
660 662 663
664 663 662
664 665 663
666 665 664
666 664 667
668 669 670
668 670 671
670 669 672
670 672 673
673 672 674
673 674 675
676 677 678
676 678 679
680 679 678
680 681 679
679 682 676
682 683 676
676 683 684
684 683 685
685 683 686
681 687 679
688 687 681
688 681 689
690 691 692
690 692 693
692 694 693
691 695 692
691 696 695
691 697 696
698 699 700
698 700 701
698 701 702
702 701 703
701 704 703
705 704 701
705 701 700
706 705 700
705 707 704
708 704 707
708 707 709
710 708 709
710 709 711
710 712 708
712 704 708
710 713 712
706 714 705
706 715 714
705 714 716
705 716 707
707 716 717
707 717 709
717 711 709
712 718 704
704 718 719
717 720 711
721 718 712
721 722 718
718 722 723
718 723 724
723 725 724
723 726 725
727 724 725
728 727 725
729 728 725
727 730 718
731 730 727
732 727 728
733 732 728
733 728 734
732 735 727
728 736 734
728 729 736
729 737 736
729 738 737
735 731 739
729 740 738
740 729 741
740 741 742
743 740 742
743 738 740
743 742 744
745 744 742
741 745 742
745 746 744
744 746 747
744 747 748
748 749 744
749 743 744
749 750 743
743 750 738
741 751 745
725 751 741
725 752 751
729 725 741
739 718 724
753 754 755
756 754 753
756 753 757
758 756 757
758 757 759
760 758 759
760 759 761
755 762 753
763 764 765
763 765 766
767 766 765
767 765 768
764 763 769
763 770 769
771 772 773
771 773 774
771 775 772
771 776 775
776 777 775
776 778 777
779 780 781
779 781 782
782 781 783
782 783 784
784 783 785
784 785 786
786 785 787
786 787 788
788 787 789
788 789 790
790 789 791
792 793 794
792 794 795
795 794 796
795 796 797
798 793 792
798 799 793
800 801 802
800 802 803
803 802 804
803 804 805
806 805 804
807 806 804
808 806 807
808 807 809
810 808 809
810 809 811
812 813 814
812 814 815
814 816 815
814 817 816
817 818 816
817 819 818
820 821 822
820 823 821
821 823 824
822 821 825
822 825 826
822 826 827
828 829 830
828 830 831
832 828 831
832 831 833
829 834 830
829 835 834
835 836 834
835 837 836
838 839 840
838 840 841
840 839 842
840 842 843
844 845 846
844 846 847
848 849 850
848 850 851
852 853 854
852 854 855
853 856 854
853 857 856
857 858 856
857 859 858
858 859 860
858 860 861
862 863 864
862 865 863
866 867 868
869 870 871
869 871 872
869 872 873
872 874 873
875 869 873
876 877 878
876 878 879
880 881 882
880 882 883
884 883 882
884 885 883
886 887 888
886 888 889
889 888 890
889 890 891
892 893 894
892 894 895
896 893 892
896 897 893
898 899 900
898 900 901
902 903 904
902 904 905
906 907 908
906 908 909
910 907 906
910 911 907
912 911 910
912 913 911
914 906 909
914 909 915
914 915 916
916 915 917
918 712 919
918 721 712
918 920 721
704 719 703
921 922 923
921 923 924
925 921 924
925 924 926
927 925 926
927 926 928
927 928 929
927 929 930
517 516 931
248 932 247
933 934 935
933 935 936
936 935 937
936 937 938
939 940 941
939 941 942
942 941 943
942 943 944
945 946 947
945 947 948
949 946 945
949 950 946
951 952 953
951 953 954
