byte offset: 0
first index: 0
index count: 6132
topology: trianglelist
format: DXGI_FORMAT_R16_UINT

0 1 2
1 0 3
0 4 3
5 0 2
5 2 6
0 5 7
8 0 7
0 8 4
8 9 4
10 8 7
8 10 9
9 10 11
10 12 11
10 13 12
14 10 7
10 14 13
13 14 15
16 15 14
5 6 17
14 7 18
18 16 14
18 19 16
18 20 19
21 20 18
18 7 22
22 21 18
22 23 21
24 23 22
24 17 25
25 26 24
24 26 23
22 7 24
24 7 5
5 17 24
27 28 29
28 30 29
30 31 29
31 32 29
32 33 29
34 27 29
35 29 33
36 29 35
37 29 36
38 29 37
39 29 38
34 29 39
40 41 42
41 40 43
44 43 40
43 44 45
46 45 44
45 46 47
48 47 46
47 48 49
50 49 48
49 50 51
52 51 50
51 52 53
54 53 52
53 54 55
56 55 54
55 56 57
58 57 56
57 58 59
58 60 59
60 58 61
61 62 60
62 61 63
63 64 62
64 63 65
65 66 64
66 65 67
67 68 66
68 67 69
69 70 68
70 69 71
71 72 70
72 71 73
73 74 72
74 73 75
75 41 74
41 75 42
76 77 78
77 76 79
80 79 76
79 80 81
82 81 80
81 82 83
84 83 82
83 84 85
86 85 84
85 86 87
88 87 86
87 88 89
90 89 88
89 90 91
92 91 90
91 92 93
94 93 92
93 94 95
94 96 95
96 94 97
97 98 96
98 97 99
99 100 98
100 99 101
101 102 100
102 101 103
103 104 102
104 103 105
105 106 104
106 105 107
107 108 106
108 107 109
109 110 108
110 109 111
111 77 110
77 111 78
112 113 114
113 112 115
116 115 112
115 116 117
118 117 116
117 118 119
120 119 118
119 120 121
122 121 120
121 122 123
115 124 113
124 115 125
117 125 115
125 117 126
119 126 117
126 119 127
121 127 119
127 121 128
123 128 121
128 123 129
125 130 124
130 125 131
126 131 125
131 132 130
132 131 133
133 134 132
134 133 135
136 135 133
135 136 137
138 137 136
137 138 139
140 139 138
139 140 141
142 141 140
141 142 143
144 133 131
133 144 136
145 136 144
136 145 138
146 138 145
138 146 140
147 140 146
140 147 142
144 127 145
127 144 126
131 126 144
128 145 127
145 128 146
129 146 128
146 129 147
148 149 150
149 148 151
152 151 148
151 152 153
154 153 152
153 154 155
156 155 154
155 156 157
158 157 156
157 158 159
160 159 158
159 160 161
162 161 160
161 162 163
164 163 162
163 164 165
166 165 164
165 166 167
166 168 167
168 166 169
169 170 168
170 169 171
171 172 170
172 171 173
173 174 172
174 173 175
175 176 174
176 175 177
177 178 176
178 177 179
179 180 178
180 179 181
181 182 180
182 181 183
183 149 182
149 183 150
184 185 186
185 184 187
188 187 184
187 188 189
190 189 188
189 190 191
192 191 190
191 192 193
194 193 192
193 194 195
185 196 186
196 185 197
197 198 196
198 197 199
199 200 198
200 199 201
201 202 200
202 201 203
203 204 202
204 203 205
205 206 204
206 205 207
207 208 206
208 207 209
209 210 208
210 209 211
211 212 210
212 211 213
213 214 212
214 213 215
215 216 214
216 215 217
217 218 216
218 217 219
219 220 218
220 219 221
222 223 224
223 222 225
226 224 223
224 226 227
228 227 226
227 228 229
230 229 228
229 230 231
232 231 230
231 232 233
234 233 232
233 234 235
236 235 234
235 236 237
238 237 236
237 238 239
238 240 239
240 238 241
241 242 240
242 241 243
243 244 242
244 243 245
245 246 244
246 245 247
247 248 246
248 247 249
249 250 248
250 249 251
251 252 250
252 251 253
253 254 252
254 253 255
255 256 254
256 255 257
225 256 257
256 225 222
258 259 260
259 258 261
261 262 259
262 261 263
263 264 262
264 263 265
266 264 265
264 266 267
268 267 266
267 268 269
270 269 268
269 270 271
270 272 271
272 270 273
273 274 272
274 273 275
275 276 274
276 275 277
278 276 277
276 278 279
280 279 278
279 280 281
258 281 280
281 258 260
268 282 270
282 273 270
273 282 283
283 275 273
275 283 284
284 277 275
277 284 285
277 286 278
286 277 285
287 278 286
278 287 280
280 288 258
288 280 287
288 261 258
261 288 289
289 263 261
263 289 290
290 265 263
265 290 291
292 265 291
265 292 266
293 266 292
266 293 268
282 268 293
294 290 289
290 294 295
290 296 291
296 290 295
296 292 291
292 296 297
292 298 293
298 292 297
299 293 298
293 299 282
299 283 282
283 299 300
300 284 283
284 300 301
301 285 284
285 301 302
303 285 302
285 303 286
304 286 303
286 304 287
305 287 304
287 305 288
305 289 288
289 305 294
306 305 304
306 307 305
308 305 307
308 294 305
308 309 294
306 304 310
303 310 304
303 311 310
312 311 303
312 303 302
312 302 313
294 309 295
309 314 295
315 295 314
315 296 295
315 316 296
296 316 297
316 317 297
318 297 317
318 298 297
318 319 298
298 319 299
319 320 299
299 320 321
299 321 300
322 300 321
322 301 300
322 323 301
301 323 313
301 313 302
324 325 326
326 327 324
327 326 328
327 328 329
329 328 330
325 324 331
331 332 325
332 331 333
333 334 332
334 333 335
335 336 334
336 335 337
337 338 336
338 337 339
339 340 338
339 341 340
342 343 344
343 345 344
343 346 345
345 346 347
344 348 342
349 342 348
348 350 349
351 349 350
350 352 351
353 351 352
352 354 353
355 353 354
354 356 355
357 355 356
356 358 357
357 358 359
360 361 362
361 360 363
363 364 361
364 363 365
365 366 364
366 365 367
368 366 367
366 368 369
370 371 372
371 370 373
374 372 371
372 374 375
376 375 374
375 376 377
378 377 376
377 378 379
378 380 379
380 378 381
381 382 380
370 383 373
383 370 384
384 385 383
385 384 386
387 388 389
390 389 388
389 390 391
392 391 390
391 392 393
394 395 396
395 394 397
398 399 400
399 398 401
402 403 404
405 403 402
405 402 406
407 405 406
407 406 408
409 408 406
406 410 409
406 402 410
402 411 410
412 411 402
402 404 412
409 413 408
407 408 413
407 413 414
414 413 415
414 415 416
415 417 416
413 409 418
413 418 415
415 418 419
420 417 415
415 419 420
421 417 420
420 422 421
423 424 412
412 404 423
425 426 427
427 426 428
429 426 425
430 426 429
431 426 430
426 431 432
433 426 432
426 433 428
432 434 433
434 432 435
435 432 431
436 437 438
439 437 436
440 437 439
437 440 441
438 437 442
443 437 441
437 443 444
442 437 444
441 445 443
445 441 446
446 441 440
447 448 449
450 447 449
450 451 447
452 451 450
452 450 453
454 452 453
454 453 455
456 455 453
453 457 456
453 450 457
450 458 457
450 449 458
456 459 455
454 455 459
454 459 460
460 459 461
460 461 462
459 456 463
459 463 461
461 463 464
465 462 461
465 461 466
461 464 466
464 467 466
466 467 468
466 468 469
470 466 469
470 465 466
471 470 469
471 469 468
449 472 458
473 472 449
474 473 449
475 473 474
448 475 474
448 474 449
476 477 478
478 477 479
480 477 476
481 477 480
482 477 481
477 482 483
484 477 483
477 484 479
485 483 482
483 485 486
487 486 485
487 488 486
483 488 484
488 483 486
488 487 489
490 491 492
493 491 490
492 491 494
494 491 495
493 496 491
496 493 497
498 496 497
491 499 495
499 491 500
500 501 499
501 502 498
503 504 505
503 506 504
507 506 503
507 508 506
504 509 505
504 510 509
510 511 509
510 512 511
512 510 513
513 514 512
513 515 514
515 516 514
515 517 516
517 518 516
519 518 517
519 520 518
519 521 520
522 520 521
522 521 523
521 524 523
524 525 523
525 524 526
526 524 527
526 527 528
527 529 528
530 531 532
531 530 533
530 534 533
532 535 530
535 532 536
537 535 536
536 538 537
538 536 539
540 541 542
543 542 541
543 541 544
545 543 544
544 546 545
540 547 541
548 549 550
549 548 551
552 548 550
548 552 553
554 553 552
553 554 555
556 555 554
555 556 557
558 557 556
557 558 559
560 561 562
563 562 561
563 561 564
563 564 565
562 566 560
567 560 566
567 568 560
569 563 565
570 571 572
573 574 575
575 576 573
576 575 577
578 576 577
577 579 578
577 580 579
581 582 583
581 583 584
581 584 585
586 587 588
586 589 587
589 590 587
591 592 593
594 595 596
595 594 597
598 594 596
594 598 599
599 600 594
600 599 601
602 598 596
598 602 603
602 604 603
601 605 600
601 606 605
607 605 606
608 605 607
608 607 609
604 610 603
604 611 610
612 611 604
612 613 611
614 613 612
614 612 615
616 614 615
609 617 608
608 617 618
618 617 619
620 616 619
617 620 619
616 620 621
616 621 614
621 620 622
623 624 625
623 625 626
623 626 627
627 628 623
627 626 629
626 625 629
629 630 627
625 631 629
632 628 627
627 633 632
634 633 627
627 630 634
633 634 635
632 633 636
635 636 633
632 636 637
625 624 638
625 638 639
625 640 631
625 639 640
641 640 639
636 635 642
636 643 637
644 643 636
636 642 644
639 638 645
641 639 645
644 642 646
644 646 647
643 644 647
648 649 650
650 649 651
652 649 648
653 649 652
654 649 653
649 654 655
656 649 655
649 656 651
655 654 657
658 656 655
658 655 657
659 660 661
662 660 659
661 660 663
663 660 664
665 660 662
660 665 666
667 666 665
668 666 667
660 669 664
670 668 669
669 660 670
671 672 673
673 672 674
675 673 674
676 673 675
676 677 673
678 676 675
678 675 679
680 679 675
675 674 680
680 681 679
678 679 681
678 681 682
682 681 683
682 683 684
681 680 685
681 685 683
683 685 686
683 686 687
683 687 688
683 689 684
683 688 689
688 687 690
688 690 691
689 688 691
673 677 692
673 692 693
692 694 693
671 673 693
694 695 693
695 671 693
696 697 698
698 697 699
700 697 696
701 697 700
702 697 701
697 702 703
703 699 697
699 703 704
703 705 704
705 703 706
706 703 702
707 708 709
710 708 707
710 711 708
711 710 712
709 708 713
713 708 714
708 715 714
715 708 716
716 717 715
717 716 718
718 711 712
719 720 721
722 720 719
722 719 723
724 723 719
721 725 719
719 726 724
719 725 726
725 727 726
722 723 728
722 728 729
730 728 723
723 724 730
728 730 731
729 728 732
731 732 728
729 732 733
732 731 734
735 732 734
735 733 732
736 735 734
737 727 725
737 725 738
725 721 738
739 737 738
739 738 740
736 741 735
742 743 744
744 743 745
746 743 742
747 743 746
747 748 743
748 745 743
748 747 749
745 748 750
751 752 750
752 751 753
754 755 756
757 755 754
756 755 758
758 755 759
760 755 757
755 760 761
762 761 760
761 762 763
763 755 761
755 763 759
764 765 766
765 764 767
768 767 764
767 768 769
765 770 766
770 765 771
771 772 770
772 771 773
773 774 772
774 773 775
775 776 774
776 775 777
778 773 771
773 778 779
779 775 773
779 780 775
771 781 778
781 771 765
767 781 765
781 767 782
779 778 783
778 781 783
784 781 782
781 784 783
782 785 784
785 786 784
782 787 785
788 783 784
786 788 784
783 788 789
779 783 789
779 789 790
790 780 779
788 790 789
787 782 767
787 767 769
791 780 790
791 792 780
780 792 793
794 791 790
794 790 788
795 794 788
795 788 786
792 791 796
796 791 797
791 794 797
798 797 794
798 799 797
800 798 794
794 795 800
780 793 775
793 777 775
801 764 766
764 801 802
802 768 764
768 802 803
770 801 766
801 770 804
772 804 770
804 772 805
774 805 772
805 774 806
776 806 774
806 776 807
808 805 806
805 809 804
809 805 808
804 810 801
810 804 809
810 802 801
802 810 811
812 803 802
812 802 811
808 813 809
809 813 810
814 811 810
810 813 814
811 814 815
811 815 812
815 814 816
817 814 813
816 814 817
813 818 817
808 818 813
808 819 818
817 818 819
819 808 820
821 819 820
821 820 822
820 823 822
824 819 821
824 817 819
825 817 824
825 816 817
822 826 821
826 827 821
821 827 824
820 806 823
823 806 807
824 827 828
828 827 829
830 825 824
824 828 830
808 806 820
831 832 833
832 831 834
834 835 832
835 834 836
836 837 835
837 836 838
838 839 837
839 838 840
841 834 831
834 841 842
842 836 834
836 842 843
843 838 836
838 843 844
844 840 838
840 844 845
846 842 841
842 846 847
847 843 842
848 847 846
847 848 849
850 849 848
849 850 851
851 852 849
852 851 853
853 854 852
854 853 855
855 856 854
856 855 857
858 854 856
854 858 859
859 852 854
859 845 844
845 859 858
849 860 847
860 849 852
852 859 860
843 847 860
860 844 843
844 860 859
848 861 850
861 848 862
862 863 861
863 862 864
864 865 863
865 864 866
866 867 865
867 866 868
868 869 867
869 868 870
870 871 869
871 870 872
872 873 871
873 872 874
874 875 873
875 874 876
876 134 875
134 876 132
877 132 876
132 877 130
876 878 877
878 876 874
874 879 878
879 874 872
872 880 879
880 872 870
870 881 880
881 870 868
868 882 881
882 868 866
866 883 882
883 866 864
864 884 883
884 864 862
862 846 884
846 862 848
885 130 877
130 885 124
886 124 885
124 886 113
887 113 886
113 887 114
886 888 887
888 886 889
885 889 886
889 890 888
890 889 891
891 892 890
892 891 893
893 894 892
894 893 895
896 894 895
894 896 897
896 898 897
898 896 899
899 900 898
900 899 901
901 833 900
833 901 831
902 891 889
889 885 902
891 902 903
903 893 891
893 903 904
904 895 893
895 904 905
906 895 905
895 906 896
906 899 896
899 906 907
907 901 899
901 907 908
908 831 901
831 908 841
877 902 885
902 877 878
878 903 902
903 878 879
879 904 903
904 879 880
880 905 904
905 880 881
881 906 905
906 881 882
882 907 906
907 882 883
883 908 907
908 883 884
884 841 908
841 884 846
909 910 911
911 910 912
912 910 913
914 913 910
915 914 910
909 915 910
916 915 909
913 914 917
913 917 918
916 919 915
919 916 920
921 915 919
915 921 914
921 917 914
917 921 922
922 918 917
918 922 923
923 924 918
925 918 924
913 918 925
924 923 926
923 927 926
927 923 928
922 928 923
929 919 920
919 929 930
930 921 919
921 930 931
931 922 921
922 931 932
928 922 932
933 927 928
932 933 928
927 933 934
929 935 930
935 931 930
935 929 936
931 935 937
937 932 931
932 937 938
933 932 938
933 939 934
939 933 940
938 940 933
941 935 936
935 941 942
942 937 935
937 942 943
943 938 937
938 943 944
940 938 944
940 945 939
945 940 946
944 946 940
947 942 941
942 947 948
948 943 942
943 948 949
949 944 943
944 949 950
946 944 950
951 948 947
948 951 952
952 949 948
953 952 951
952 953 954
955 954 953
954 955 956
957 956 955
956 957 958
959 958 957
958 959 960
961 960 959
960 961 962
961 963 962
963 961 964
964 965 963
965 964 966
967 963 965
963 967 968
968 962 963
967 969 968
969 967 970
970 971 969
971 970 972
972 973 971
973 972 974
975 971 973
971 975 976
976 969 971
969 976 977
977 968 969
968 977 978
962 968 978
975 979 976
979 975 980
976 981 977
981 976 979
981 978 977
978 981 982
982 962 978
962 982 960
980 983 979
983 980 984
979 985 981
985 979 983
985 982 981
982 985 986
986 960 982
960 986 958
984 987 983
987 984 988
983 989 985
989 983 987
989 986 985
986 989 990
990 958 986
958 990 956
988 991 987
991 988 992
987 993 989
993 987 991
993 990 989
990 993 994
994 956 990
956 994 954
992 995 991
995 992 996
991 997 993
997 991 995
997 994 993
994 997 998
998 954 994
954 998 952
996 946 995
946 996 945
995 950 997
950 995 946
950 998 997
998 950 949
949 952 998
999 913 925
913 999 912
925 924 1000
1001 916 909
1002 966 1003
966 1002 965
1004 965 1002
965 1004 967
1004 970 967
970 1004 1005
1005 972 970
972 1005 1006
1006 974 972
974 1006 1007
1006 1008 1007
1003 1008 1002
1002 1008 1004
1004 1008 1005
1005 1008 1006
1009 1010 1011
1010 1009 1012
1011 1013 1009
1013 1011 1014
1009 1015 1012
1015 1009 1016
1016 1009 1013
1013 1017 1016
1013 1018 1017
1014 1018 1013
1019 1018 1014
1018 1019 1020
1021 1018 1020
1018 1021 1017
1021 1020 1022
1019 1022 1020
1022 1019 1023
1023 1024 1022
1022 1024 1025
1022 1025 1021
1026 1027 1028
1029 1028 1027
1030 1028 1029
1028 1030 1031
1032 1031 1030
1033 1028 1031
1028 1033 1026
1033 1031 1034
1031 1032 1034
1032 1035 1034
1026 1033 1036
1034 1036 1033
1036 1037 1026
1034 1038 1036
1038 1034 1035
1036 1038 1039
1039 1038 1040
1040 1038 1035
1039 1040 1041
1039 1041 1042
1043 1037 1036
1036 1044 1043
1036 1039 1044
1043 1044 1045
1044 1046 1045
1044 1039 1046
1046 1039 1042
1047 1046 1042
1045 1046 1047
1048 1045 1047
1049 1045 1048
1043 1045 1049
1050 1037 1043
1043 1051 1050
1037 1050 1052
1043 1053 1051
1053 1043 1049
1053 1049 1048
1054 1026 1052
1026 1054 1027
1054 1029 1027
1052 1026 1037
1055 1056 1057
1056 1055 1058
1056 1059 1057
1057 1059 1060
1061 1055 1057
1057 1060 1061
1055 1061 1062
1063 1058 1055
1063 1055 1062
1064 1065 1066
1066 1067 1064
1068 1067 1066
1067 1068 1069
1068 1070 1069
1065 1071 1066
1071 1068 1066
1068 1071 1072
1070 1068 1072
1073 1074 1075
1076 1075 1074
1077 1076 1074
1074 1078 1077
1079 1077 1078
1080 1078 1074
1074 1073 1080
1080 1081 1078
1078 1081 1079
1079 1081 1082
1073 1083 1080
1081 1080 1083
1083 1073 1084
1081 1083 1085
1085 1082 1081
1083 1086 1085
1086 1087 1085
1087 1082 1085
1086 1088 1087
1086 1089 1088
1090 1083 1084
1083 1090 1091
1083 1091 1086
1090 1092 1091
1091 1092 1093
1091 1093 1086
1093 1089 1086
1094 1089 1093
1092 1094 1093
1095 1094 1092
1096 1095 1092
1090 1096 1092
1097 1090 1084
1090 1097 1098
1084 1099 1097
1090 1100 1096
1100 1090 1098
1100 1095 1096
1073 1101 1099
1101 1073 1075
1101 1075 1076
1099 1084 1073
1102 1103 1104
1103 1102 1105
1102 1104 1106
1104 1107 1106
1103 1108 1104
1104 1108 1107
1108 1103 1109
1110 1103 1105
1110 1109 1103
1111 1112 1113
1112 1111 1114
1114 1115 1112
1115 1114 1116
1115 1116 1117
1113 1112 1118
1115 1118 1112
1118 1115 1119
1117 1119 1115
1120 1121 1122
1121 1120 1123
1120 1124 1123
1124 1120 1125
1124 1125 1126
1127 1121 1123
1124 1127 1123
1126 1128 1124
1128 1127 1124
1128 1129 1127
1129 1128 1130
1131 1130 1128
1131 1128 1126
1130 1131 1132
1133 1127 1129
1127 1133 1134
1121 1127 1134
1135 1134 1133
1134 1135 1136
1134 1136 1121
1121 1136 1122
1137 1132 1131
1132 1137 1138
1139 1130 1132
1130 1139 1140
1129 1141 1133
1141 1135 1133
1141 1129 1142
1130 1142 1129
1142 1130 1140
1135 1141 1143
1144 1132 1138
1132 1144 1139
1131 1145 1137
1126 1145 1131
1126 1125 1145
1135 1146 1136
1146 1135 1147
1147 1148 1146
1148 1147 1149
1149 1150 1148
1150 1149 1151
1151 1152 1150
1152 1151 1153
1153 1137 1152
1152 1137 1145
1137 1153 1138
1153 1144 1138
1151 1154 1153
1144 1153 1154
1154 1151 1155
1156 1149 1147
1149 1156 1157
1157 1151 1149
1151 1157 1155
1135 1156 1147
1156 1135 1143
1152 1158 1150
1158 1159 1150
1150 1159 1148
1159 1158 1125
1120 1159 1125
1159 1120 1160
1120 1161 1160
1161 1120 1122
1148 1160 1161
1159 1160 1148
1158 1145 1125
1158 1152 1145
1161 1122 1136
1146 1161 1136
1161 1146 1148
1162 1163 1164
1164 1163 1165
1164 1165 1166
1162 1167 1163
1166 1165 1168
1168 1165 1169
1170 1169 1165
1171 1165 1163
1172 1171 1163
1172 1163 1167
1171 1173 1165
1173 1170 1165
1174 1175 1176
1175 1174 1177
1178 1174 1176
1174 1178 1179
1178 1180 1179
1181 1176 1175
1178 1176 1181
1180 1178 1182
1182 1178 1181
1183 1182 1181
1182 1183 1184
1184 1185 1182
1185 1180 1182
1185 1184 1186
1181 1187 1183
1187 1181 1188
1175 1188 1181
1188 1189 1187
1189 1188 1190
1188 1175 1190
1175 1177 1190
1186 1191 1185
1191 1186 1192
1184 1193 1186
1193 1184 1194
1195 1183 1187
1189 1195 1187
1183 1195 1196
1196 1184 1183
1184 1196 1194
1195 1189 1197
1198 1186 1193
1186 1198 1192
1185 1191 1199
1180 1185 1199
1180 1199 1179
1200 1189 1190
1189 1200 1201
1202 1201 1200
1201 1202 1203
1204 1203 1202
1203 1204 1205
1206 1205 1204
1205 1206 1207
1191 1207 1206
1206 1199 1191
1207 1191 1192
1198 1207 1192
1208 1205 1207
1207 1198 1208
1205 1208 1209
1203 1210 1201
1210 1203 1211
1205 1211 1203
1211 1205 1209
1210 1189 1201
1189 1210 1197
1206 1204 1212
1212 1204 1213
1204 1202 1213
1213 1179 1212
1213 1174 1179
1174 1213 1214
1215 1174 1214
1174 1215 1177
1202 1215 1214
1213 1202 1214
1212 1179 1199
1212 1199 1206
1215 1190 1177
1200 1190 1215
1215 1202 1200
1216 1217 1218
1217 1219 1218
1217 1220 1219
1216 1218 1221
1220 1222 1219
1222 1223 1219
1224 1219 1223
1225 1218 1219
1226 1218 1225
1226 1221 1218
1225 1219 1227
1227 1219 1224
1228 1229 1230
1229 1231 1230
1230 1231 1232
1231 1233 1232
1233 1231 1234
1234 1235 1233
1235 1234 1236
1236 1237 1235
1237 1236 1238
1238 1239 1237
1239 1235 1237
1235 1239 1240
1240 1233 1235
1233 1240 1241
1241 1232 1233
1232 1241 1242
1230 1232 1242
1230 1242 1243
1244 1230 1243
1245 1246 1247
1246 1245 1248
1249 1247 1246
1247 1249 1250
1251 1250 1249
1250 1251 1252
1253 1252 1251
1252 1253 1254
1255 1254 1253
1254 1255 1256
1257 1256 1255
1256 1257 1258
1259 1248 1245
1248 1259 1260
1257 1261 1258
1261 1257 1262
1262 1263 1261
1263 1262 1264
1264 1265 1263
1265 1264 1266
1266 1267 1265
1267 1266 1268
1268 1269 1267
1269 1268 1270
1270 1271 1269
1271 1270 1272
1272 1259 1271
1259 1272 1260
1273 1274 1275
1274 1273 1276
1277 1276 1273
1276 1277 1278
1279 1278 1277
1278 1279 1280
1281 1280 1279
1280 1281 1282
1283 1282 1281
1282 1283 1284
1285 1284 1283
1284 1285 1286
1287 1275 1274
1275 1287 1288
1285 1289 1286
1289 1285 1290
1290 1291 1289
1291 1290 1292
1292 1293 1291
1293 1292 1294
1294 1295 1293
1295 1294 1296
1296 1297 1295
1297 1296 1298
1298 1299 1297
1299 1298 1300
1287 1300 1288
1300 1287 1299
1301 1302 1303
1302 1304 1303
1304 1305 1303
1305 1306 1303
1306 1307 1303
1307 1308 1303
1309 1301 1303
1310 1303 1308
1311 1303 1310
1312 1303 1311
1313 1303 1312
1314 1303 1313
1315 1303 1314
1309 1303 1315
1316 1317 1318
1317 1316 1319
1320 1319 1316
1319 1320 1321
1322 1321 1320
1321 1322 1323
1324 1323 1322
1323 1324 1325
1326 1325 1324
1325 1326 1327
1328 1327 1326
1327 1328 1329
1330 1329 1328
1329 1330 1331
1317 1332 1318
1332 1317 1333
1333 1334 1332
1334 1333 1335
1335 1336 1334
1336 1335 1337
1337 1338 1336
1338 1337 1339
1339 1340 1338
1340 1339 1341
1341 1342 1340
1342 1341 1343
1343 1330 1342
1330 1343 1331
1344 1345 1346
1345 1344 1347
1348 1347 1344
1347 1348 1349
1350 1349 1348
1349 1350 1351
1352 1351 1350
1351 1352 1353
1354 1353 1352
1353 1354 1355
1356 1355 1354
1355 1356 1357
1358 1357 1356
1357 1358 1359
1345 1360 1346
1360 1345 1361
1361 1362 1360
1362 1361 1363
1363 1364 1362
1364 1363 1365
1365 1366 1364
1366 1365 1367
1367 1368 1366
1368 1367 1369
1369 1370 1368
1370 1369 1371
1371 1358 1370
1358 1371 1359
1372 1373 1374
1375 1372 1374
1376 1375 1374
1377 1376 1374
1378 1377 1374
1379 1378 1374
1373 1380 1374
1379 1374 1381
1381 1374 1382
1382 1374 1383
1383 1374 1384
1384 1374 1385
1385 1374 1386
1386 1374 1380
1387 1388 1389
1388 1387 1390
1390 1391 1388
1391 1390 1392
1393 1391 1392
1391 1393 1394
1395 1394 1393
1394 1395 1396
1397 1396 1395
1396 1397 1398
1393 1399 1395
1399 1393 1400
1392 1400 1393
1400 1392 1401
1392 1402 1401
1402 1392 1390
1390 1403 1402
1403 1390 1387
1404 1403 1387
1400 1405 1399
1405 1400 1406
1401 1406 1400
1406 1407 1405
1407 1406 1408
1408 1409 1407
1409 1408 1410
1411 1410 1408
1410 1411 1412
1408 1413 1411
1413 1408 1406
1406 1401 1413
1413 1414 1411
1414 1412 1411
1415 1412 1414
1414 1413 1416
1415 1417 1412
1410 1412 1418
1418 1412 1417
1410 1419 1409
1419 1410 1418
1401 1416 1413
1416 1401 1402
1402 1420 1416
1420 1414 1416
1421 1414 1420
1420 1402 1403
1418 1417 1422
1423 1422 1417
1418 1424 1419
1425 1419 1424
1424 1418 1426
1418 1422 1426
1426 1427 1424
1427 1426 1428
1429 1428 1426
1429 1426 1422
1430 1429 1422
1430 1422 1423
1424 1431 1425
1427 1431 1424
1427 1432 1431
1420 1433 1421
1434 1421 1433
1434 1435 1421
1433 1436 1434
1436 1433 1437
1433 1438 1437
1436 1437 1439
1440 1436 1439
1438 1433 1420
1403 1438 1420
1404 1439 1437
1404 1438 1403
1437 1438 1404
1441 1439 1404
1440 1439 1441
1442 1441 1404
1440 1441 1443
1443 1441 1442
1444 1440 1443
1444 1443 1445
1443 1446 1445
1442 1446 1443
1404 1387 1442
1442 1447 1446
1387 1447 1442
1387 1448 1447
1389 1448 1387
1449 1445 1446
1444 1445 1449
1444 1449 1450
1450 1449 1451
1449 1452 1451
1452 1449 1446
1452 1453 1451
1451 1453 1454
1450 1451 1454
1450 1454 1455
1455 1454 1456
1453 1456 1454
1455 1456 1457
1457 1456 1458
1456 1453 1458
1457 1459 1455
1459 1457 1460
1459 1460 1461
1462 1460 1457
1458 1462 1457
1460 1462 1463
1462 1464 1463
1465 1463 1464
1463 1465 1466
1465 1467 1466
1468 1466 1467
1467 1469 1468
1469 1467 1470
1471 1470 1467
1467 1465 1471
1470 1471 1472
1466 1468 1473
1463 1466 1473
1474 1463 1473
1461 1475 1474
1463 1474 1475
1460 1463 1475
1461 1460 1475
1474 1473 1476
1468 1477 1473
1477 1476 1473
1478 1468 1469
1468 1478 1477
1479 1472 1471
1472 1479 1480
1481 1480 1479
1480 1481 1482
1394 1482 1481
1482 1394 1396
1396 1483 1482
1483 1396 1398
1481 1391 1394
1391 1481 1484
1479 1484 1481
1485 1391 1484
1391 1485 1388
1486 1388 1485
1388 1486 1389
1484 1479 1487
1484 1488 1485
1488 1484 1487
1485 1489 1486
1489 1485 1488
1453 1486 1489
1487 1464 1488
1464 1487 1465
1487 1471 1465
1471 1487 1479
1488 1462 1489
1462 1488 1464
1489 1462 1458
1453 1489 1458
1453 1452 1486
1389 1486 1490
1486 1491 1490
1486 1452 1491
1452 1446 1491
1435 1415 1492
1493 1415 1435
1417 1415 1493
1414 1492 1415
1423 1417 1493
1421 1492 1414
1435 1492 1421
1494 1495 1496
1495 1494 1497
1498 1496 1495
1496 1498 1499
1398 1497 1494
1497 1398 1397
1497 1397 1500
1397 1501 1500
1395 1501 1397
1501 1395 1399
1399 1502 1501
1502 1399 1405
1501 1502 1503
1501 1503 1500
1405 1504 1502
1504 1405 1407
1500 1503 1505
1407 1506 1504
1506 1407 1409
1409 1507 1506
1419 1507 1409
1425 1507 1419
1500 1505 1508
1508 1497 1500
1508 1509 1497
1509 1510 1497
1497 1510 1495
1495 1510 1511
1511 1498 1495
1512 1498 1511
1513 1514 1515
1515 1516 1513
1517 1514 1513
1518 1513 1516
1513 1518 1519
1519 1518 1520
1521 1519 1520
1522 1519 1521
1522 1513 1519
1513 1522 1517
1523 1514 1517
1515 1524 1516
1525 1526 1527
1526 1525 1528
1526 1529 1527
1529 1526 1530
1526 1531 1530
1531 1532 1530
1533 1527 1529
1534 1527 1533
1527 1534 1525
1535 1533 1529
1536 1526 1528
1526 1536 1531
1533 1535 1537
1534 1533 1537
1538 1534 1537
1539 1531 1536
1531 1539 1540
1532 1531 1540
1541 1540 1539
1542 1543 1544
1545 1546 1547
1548 1549 1550
1551 1549 1548
1551 1552 1549
1553 1552 1551
1553 1554 1552
1555 1554 1553
1555 1556 1554
1554 1556 1557
1557 1556 1558
1559 1556 1555
1559 1560 1556
1561 1562 1563
1563 1562 1564
1562 1565 1564
1566 1564 1565
1564 1566 1567
1568 1567 1566
1567 1568 1569
1570 1569 1568
1569 1570 1571
1571 1570 1572
1568 1572 1570
1572 1568 1573
1566 1573 1568
1573 1566 1574
1565 1574 1566
1574 1565 1575
1562 1575 1565
1562 1576 1575
1577 1576 1562
1494 1578 1579
1578 1494 1496
1496 1580 1578
1580 1496 1499
1579 1398 1494
1398 1579 1483
1579 1581 1483
1483 1581 1582
1582 1482 1483
1482 1582 1480
1583 1480 1582
1480 1583 1472
1582 1584 1583
1582 1581 1584
1585 1472 1583
1472 1585 1470
1581 1586 1584
1587 1470 1585
1470 1587 1469
1469 1587 1588
1478 1469 1588
1589 1478 1588
1589 1590 1478
1590 1477 1478
1477 1590 1591
1427 1591 1590
1591 1427 1428
1429 1591 1428
1590 1589 1592
1427 1590 1592
1427 1592 1432
1477 1591 1593
1429 1593 1591
1430 1593 1429
1477 1593 1476
1594 1476 1593
1430 1594 1593
1594 1595 1476
1476 1595 1474
1595 1461 1474
1596 1579 1597
1597 1579 1598
1579 1578 1598
1578 1599 1598
1599 1578 1580
1600 1599 1580
1596 1581 1579
1581 1596 1586
1601 1602 1603
1602 1601 1604
1605 1601 1603
1601 1606 1604
1606 1601 1607
1607 1608 1606
1609 1608 1607
1610 1609 1607
1601 1610 1607
1610 1601 1605
1611 1605 1603
1602 1604 1612
1613 1614 1615
1614 1613 1616
1617 1613 1615
1613 1617 1618
1613 1618 1619
1619 1618 1620
1621 1617 1615
1622 1621 1615
1615 1614 1622
1623 1617 1621
1624 1616 1613
1613 1619 1624
1621 1625 1623
1622 1625 1621
1626 1625 1622
1627 1624 1619
1619 1628 1627
1620 1628 1619
1629 1627 1628
1630 1631 1632
1633 1634 1635
1636 1637 1638
1639 1636 1638
1639 1638 1640
1641 1639 1640
1641 1640 1642
1643 1641 1642
1643 1642 1644
1642 1645 1644
1645 1646 1644
1647 1643 1644
1647 1644 1648
1649 260 1650
260 1649 281
260 1651 1650
1651 260 259
259 1652 1651
1652 259 262
262 1653 1652
1653 262 264
267 1653 264
1653 267 1654
269 1654 267
1654 269 1655
271 1655 269
1655 271 1656
271 1657 1656
1657 271 272
272 1658 1657
1658 272 274
274 1659 1658
1659 274 276
279 1659 276
1659 279 1660
281 1660 279
1660 281 1649
