byte offset: 0
first index: 0
index count: 19482
topology: trianglelist
format: DXGI_FORMAT_R16_UINT

0 1 2
1 0 3
4 0 2
5 4 2
1 5 2
0 4 6
7 0 6
7 3 0
4 5 8
5 9 8
10 8 9
8 10 11
11 4 8
4 11 6
12 11 10
11 12 13
14 1 3
1 14 15
1 15 5
5 15 16
14 16 15
16 14 17
16 18 5
18 10 9
5 18 9
10 18 19
19 16 17
16 19 18
19 12 10
19 17 20
12 19 21
21 19 20
17 14 22
3 22 14
22 3 23
3 7 23
11 13 24
6 11 24
25 26 27
28 27 26
29 28 26
30 27 28
27 30 31
31 32 27
25 27 32
32 31 33
34 31 30
30 35 34
35 30 36
36 30 37
37 28 29
30 28 37
31 34 38
38 33 31
33 38 39
36 40 35
40 36 41
37 41 36
41 42 40
42 41 43
44 43 41
41 37 44
43 44 45
43 46 42
46 43 47
43 45 47
48 45 44
37 48 44
48 37 29
49 50 51
50 49 52
51 53 49
53 51 54
52 55 50
56 50 55
50 56 57
51 50 57
55 52 58
59 57 56
57 59 60
51 60 54
57 60 51
54 61 53
61 54 62
62 63 61
63 62 64
64 65 63
65 64 66
66 67 65
67 66 68
68 69 67
69 68 70
69 71 67
71 69 72
73 72 69
69 70 73
72 73 74
74 73 75
73 70 75
76 71 72
77 70 68
77 68 66
78 77 66
66 64 78
64 79 78
79 80 78
78 81 77
78 80 81
80 82 81
83 70 77
81 83 77
84 70 83
85 70 84
86 72 74
87 72 86
87 76 72
87 88 76
76 88 71
71 88 89
88 90 89
90 88 91
91 92 90
90 92 93
89 90 93
89 93 94
94 67 89
89 67 71
95 67 94
67 95 65
96 65 95
65 96 63
97 63 96
63 97 61
98 94 93
98 95 94
99 95 98
95 99 96
100 61 97
61 100 53
101 53 100
53 101 49
102 49 101
49 102 52
103 52 102
102 104 103
104 102 105
101 105 102
52 103 58
105 106 104
106 105 107
101 100 107
105 101 107
107 108 106
108 107 109
109 107 100
109 99 110
108 109 111
111 109 112
96 109 97
109 96 99
97 109 100
99 113 110
99 98 113
98 114 113
114 98 93
115 114 93
116 115 93
93 117 116
117 93 92
117 118 116
113 119 110
119 113 120
113 114 120
114 121 120
121 122 120
122 119 120
121 114 123
114 115 123
124 121 123
115 124 123
125 126 127
128 127 126
127 128 129
126 130 128
130 126 131
132 131 126
125 132 126
133 131 132
127 134 125
129 135 127
135 129 136
137 135 136
135 137 138
139 138 137
138 139 140
140 141 138
141 140 142
138 143 135
143 138 141
144 142 140
142 144 145
146 145 144
145 146 147
148 146 144
140 148 144
148 140 139
146 148 149
150 145 147
151 145 150
145 151 142
136 152 137
153 137 152
137 153 139
152 154 153
154 152 155
155 156 154
156 155 157
158 155 152
155 158 159
157 155 159
160 157 159
161 157 160
160 162 161
163 161 162
161 163 164
164 156 157
161 164 157
164 163 165
156 164 165
166 163 162
167 166 162
162 160 167
166 167 168
169 168 167
168 169 170
171 170 169
170 171 172
167 173 169
173 167 160
160 159 173
174 169 173
169 174 171
159 174 173
163 175 165
176 165 175
175 177 176
178 176 177
178 179 176
180 179 178
179 180 181
153 179 181
179 153 154
154 176 179
176 154 156
176 156 165
128 172 171
172 128 130
181 139 153
139 181 148
181 149 148
149 181 180
171 129 128
129 171 174
158 129 174
174 159 158
129 158 136
152 136 158
182 183 184
184 185 182
185 186 182
182 186 187
188 184 183
188 183 189
190 188 189
188 190 191
184 188 191
192 190 189
189 183 193
193 194 189
195 189 194
194 196 195
189 195 197
195 198 197
198 195 199
196 199 195
199 196 200
199 201 198
200 201 199
202 196 194
194 203 202
203 194 150
194 193 150
204 203 150
147 204 150
189 197 205
206 207 208
209 206 208
208 210 209
211 212 213
212 211 214
215 211 213
211 215 216
213 212 217
217 215 213
218 215 217
219 218 217
218 219 220
221 220 219
222 221 219
223 222 219
219 217 223
212 223 217
222 223 224
225 224 223
214 225 212
223 212 225
224 225 226
225 227 226
227 225 228
225 214 228
228 229 227
229 228 230
230 231 229
231 230 232
231 232 233
234 232 230
228 234 230
232 234 235
236 235 234
235 236 237
236 238 237
238 236 239
238 240 237
241 235 237
236 216 239
216 236 211
237 242 241
236 214 211
214 236 234
234 228 214
232 235 243
235 241 243
244 243 241
241 245 244
241 246 245
246 241 247
241 248 247
247 248 249
249 250 247
250 246 247
251 246 250
246 251 252
253 250 249
250 253 251
251 254 252
253 254 251
255 243 244
232 243 255
232 255 233
248 256 257
256 258 257
257 258 259
256 260 258
260 256 242
248 241 256
256 241 242
242 261 260
237 261 242
261 237 240
262 263 264
262 264 265
264 266 265
267 268 269
268 267 270
271 269 268
269 271 272
268 270 273
268 273 271
267 269 274
272 274 269
274 275 267
274 276 275
276 274 277
272 277 274
267 275 278
275 276 279
275 279 278
280 281 282
280 283 281
283 280 284
280 285 284
285 280 286
282 286 280
287 286 282
288 287 282
289 288 282
290 287 288
290 288 291
288 289 291
287 290 292
286 292 285
292 286 287
293 294 295
294 293 296
295 297 293
298 297 295
297 298 299
299 300 297
300 299 301
301 302 300
301 303 302
304 303 301
303 304 305
306 305 304
305 306 307
305 307 308
308 307 309
309 307 310
305 308 311
303 305 311
308 312 311
312 308 309
313 309 310
309 313 314
314 312 309
312 315 311
303 311 315
302 316 315
315 312 317
314 317 312
317 314 318
318 314 319
314 313 319
319 320 318
304 321 306
321 304 322
321 322 323
323 322 299
322 304 301
299 322 301
323 299 298
324 325 326
325 327 326
328 327 325
327 328 329
328 330 329
331 330 328
330 331 332
333 331 328
331 333 334
335 334 333
334 335 336
336 337 334
337 331 334
337 338 331
338 332 331
339 328 325
328 339 333
333 339 340
333 340 335
341 340 339
342 341 339
325 342 339
343 342 325
342 343 344
343 345 344
345 343 346
343 347 346
347 343 324
325 324 343
348 345 346
347 348 346
127 135 349
349 134 127
135 143 349
350 133 132
351 352 353
352 351 354
354 355 352
355 354 356
357 355 356
355 357 358
357 359 358
359 357 360
361 351 353
351 361 362
363 364 365
365 366 363
367 368 369
369 368 370
370 371 369
367 369 371
367 371 372
368 373 370
374 368 367
372 374 367
375 368 374
376 368 375
375 377 376
377 375 378
375 379 378
379 375 374
374 372 379
370 380 371
373 380 370
381 382 383
382 381 384
385 386 387
386 385 388
386 389 387
389 386 390
390 391 389
391 390 392
393 391 392
391 393 394
395 393 392
390 395 392
386 395 390
388 395 386
396 385 387
396 387 397
398 396 397
399 400 401
402 403 404
405 406 79
407 405 79
60 407 79
407 60 59
79 54 60
62 54 79
79 64 62
408 409 410
411 412 413
412 411 414
413 415 411
412 416 413
417 413 416
416 418 417
418 416 419
420 419 416
416 412 420
419 420 421
421 422 419
419 422 423
419 423 418
422 424 423
425 424 422
422 421 425
424 425 426
427 417 418
415 428 427
413 417 428
427 428 417
413 428 415
429 415 427
430 427 418
418 431 430
418 423 431
432 431 423
423 424 432
420 433 421
433 420 434
434 435 433
435 434 436
437 421 433
421 437 425
438 425 437
437 439 438
433 439 437
433 435 439
425 438 440
441 435 436
442 435 441
435 442 443
435 443 439
444 439 443
439 444 438
445 436 434
436 445 446
441 436 446
447 441 446
445 447 446
445 448 447
412 448 445
448 412 414
449 441 447
434 412 445
412 434 420
447 448 450
414 450 448
450 414 451
414 452 451
452 414 411
452 411 415
415 453 452
453 415 454
454 415 429
455 449 447
456 455 447
450 456 447
457 458 459
458 457 460
461 458 460
458 461 462
463 464 465
464 463 466
466 467 464
466 468 467
463 465 469
184 470 185
470 186 185
471 472 473
474 471 473
475 474 473
476 474 475
474 476 477
476 478 477
478 479 477
478 476 480
481 480 476
475 481 476
480 481 482
482 481 483
483 481 484
475 484 481
485 477 479
479 486 485
486 479 487
487 488 486
488 489 486
485 486 489
489 488 490
488 491 490
491 488 492
488 493 492
488 494 493
485 489 495
494 496 493
496 492 493
496 494 497
492 496 498
498 491 492
491 498 499
499 490 491
500 499 498
499 500 501
501 502 499
490 499 502
502 489 490
489 502 495
502 501 503
504 502 503
495 502 504
505 501 500
501 505 506
503 501 506
506 505 507
508 506 507
509 498 496
498 509 500
510 509 496
496 497 510
510 511 509
511 500 509
500 511 505
505 511 507
511 510 512
513 511 512
511 513 514
511 514 507
514 508 507
512 515 513
515 512 516
510 516 512
516 510 517
497 517 510
513 518 514
515 518 513
519 514 518
520 519 518
515 520 518
521 522 523
524 521 523
525 521 524
524 526 525
526 524 527
528 527 524
523 528 524
528 529 527
530 527 529
527 530 526
522 531 523
523 531 528
531 522 532
532 533 531
531 533 534
534 528 531
529 528 534
533 532 535
521 536 522
526 537 525
537 526 538
530 538 526
539 537 538
536 537 539
539 538 540
538 530 540
525 537 521
537 536 521
532 541 535
541 532 542
536 539 542
543 541 542
542 539 543
540 543 539
522 542 532
542 522 536
530 544 540
529 544 530
545 546 547
546 545 548
549 545 547
545 549 550
550 551 545
551 550 552
552 553 551
553 552 554
555 553 554
553 555 556
557 545 551
548 545 557
551 553 558
556 558 553
558 556 559
558 559 560
559 561 560
562 550 549
550 562 563
563 552 550
552 563 564
564 554 552
564 563 565
563 562 565
564 565 566
554 564 566
566 555 554
565 567 566
555 566 567
555 568 556
568 555 569
570 568 569
568 570 571
572 571 570
571 572 573
549 573 572
572 562 549
573 549 547
546 573 547
573 546 574
565 575 567
576 575 565
569 576 570
576 569 575
577 571 573
574 577 573
571 578 568
578 556 568
556 578 559
578 579 559
559 579 561
580 570 576
570 580 572
576 565 580
574 581 577
581 574 582
580 565 562
562 572 580
575 555 567
555 575 569
583 584 585
586 583 585
585 587 586
588 586 587
588 589 586
590 586 589
591 589 588
589 591 592
593 592 591
592 593 594
595 592 594
592 595 596
597 596 595
596 597 598
599 598 597
598 599 600
601 595 594
595 601 597
593 601 594
597 601 599
601 602 599
602 600 599
603 589 592
603 590 589
596 603 592
598 603 596
604 590 603
603 598 604
600 604 598
590 604 605
605 604 606
604 600 606
600 602 607
601 593 608
591 608 593
608 591 609
610 600 607
610 606 600
609 591 588
611 612 609
601 612 613
611 613 612
611 614 613
605 615 590
590 615 586
616 617 618
616 619 617
619 620 617
619 616 621
619 621 622
623 622 621
622 623 624
623 621 625
621 616 625
623 626 624
627 624 626
627 626 628
626 629 628
624 627 630
631 630 627
630 631 632
632 633 630
633 624 630
624 633 622
634 622 633
622 634 635
633 632 636
637 636 632
636 637 638
639 636 638
636 639 640
640 633 636
633 640 634
632 641 637
641 632 631
631 642 641
642 631 643
643 644 642
644 643 645
646 644 645
644 646 647
638 648 639
648 638 649
650 648 649
650 649 651
651 638 637
638 651 649
650 652 648
652 639 648
652 650 653
654 650 651
650 654 655
654 656 655
656 642 644
647 656 644
653 657 652
652 657 658
652 658 659
658 660 659
660 658 661
662 661 658
658 657 662
661 662 663
664 663 662
663 664 665
663 666 661
660 661 666
667 660 666
656 654 668
654 669 668
665 670 663
666 663 670
670 671 666
665 672 670
673 662 657
662 673 664
641 668 669
641 669 637
669 651 637
668 641 642
642 656 668
653 673 657
669 654 651
672 674 670
674 671 670
672 675 674
675 672 676
656 647 677
656 677 655
678 679 680
679 678 681
681 682 679
682 681 683
683 684 682
684 683 685
686 679 682
679 686 687
687 680 679
688 687 686
689 683 681
683 689 690
690 685 683
689 691 690
689 692 691
693 691 692
691 693 694
695 693 692
696 691 694
696 690 691
694 697 696
692 698 695
698 699 695
699 698 700
700 701 699
701 700 702
703 695 699
704 701 702
701 704 705
706 701 705
695 703 707
693 695 707
693 707 708
694 693 708
709 704 702
702 700 709
704 709 710
711 710 709
709 712 711
712 709 713
709 700 713
713 714 712
714 713 715
700 715 713
716 711 712
711 716 717
718 712 714
712 718 716
719 716 718
719 720 716
720 717 716
721 720 719
720 721 722
721 723 722
721 724 723
721 719 725
688 721 725
726 721 688
727 717 720
727 720 722
724 728 723
723 728 729
729 722 723
729 727 722
724 730 728
728 731 729
728 732 731
729 731 733
733 727 729
731 734 733
734 731 735
735 736 734
736 735 737
738 737 735
738 731 732
738 735 731
737 738 739
738 740 739
740 738 741
742 739 740
739 742 743
737 739 743
704 734 736
734 704 710
710 733 734
733 710 744
710 711 744
717 744 711
717 727 744
736 705 704
705 736 745
737 745 736
705 745 746
745 737 747
747 748 745
749 748 747
749 747 743
743 750 749
750 751 749
752 751 750
743 752 750
752 743 742
752 742 753
753 754 752
745 748 755
754 756 752
752 756 757
758 752 757
740 753 742
753 740 759
741 759 740
759 741 760
761 760 741
760 761 762
761 730 762
730 761 728
738 761 741
761 738 732
728 761 732
697 763 764
764 696 697
765 696 764
765 690 696
685 690 765
766 697 694
766 694 708
697 766 767
768 697 767
768 767 769
767 770 769
767 766 770
771 769 772
771 772 773
772 774 773
774 775 773
775 776 773
776 775 777
778 777 775
777 778 779
778 775 780
775 774 780
781 779 778
779 781 782
783 782 781
782 783 784
785 784 783
784 785 786
787 783 781
785 788 786
788 785 789
790 789 785
781 791 787
778 791 781
791 778 780
779 792 777
792 793 777
792 794 793
794 792 795
795 796 794
797 794 796
794 797 798
798 793 794
796 795 799
800 799 795
799 800 801
799 802 796
802 799 803
801 803 799
804 802 803
800 805 801
806 801 805
807 806 805
805 808 807
809 807 808
807 809 810
808 805 811
800 811 805
810 812 807
806 807 812
813 806 812
813 812 814
815 813 814
814 816 815
815 816 817
815 817 818
819 804 815
804 820 815
815 820 813
818 817 821
817 822 821
822 817 816
812 810 823
814 812 823
824 814 823
822 816 824
824 816 814
818 821 825
826 825 821
825 826 827
826 828 827
828 826 829
821 830 826
826 831 829
831 826 830
831 832 829
832 831 833
833 834 832
834 833 835
835 833 836
831 836 833
836 831 837
837 838 836
838 837 839
840 839 837
831 840 837
831 830 840
839 840 841
822 841 840
842 832 834
832 842 843
843 829 832
821 822 840
821 840 830
839 788 838
788 839 844
841 844 839
844 841 845
810 844 845
844 810 809
809 788 844
823 810 845
823 845 824
841 822 824
841 824 845
788 809 786
789 838 788
838 789 846
789 847 846
846 836 838
836 846 848
848 846 849
850 848 849
835 848 850
836 848 835
850 851 835
851 850 852
853 851 852
853 835 851
835 853 834
842 834 853
846 854 849
853 855 842
855 853 856
853 857 856
858 857 853
859 860 635
861 860 859
859 862 861
861 620 860
862 859 667
635 667 859
860 619 635
622 635 619
619 860 863
667 635 634
634 660 667
660 634 640
640 659 660
659 640 639
639 652 659
862 667 666
864 865 866
865 864 867
868 867 864
867 868 869
864 870 868
870 864 871
866 871 864
871 866 872
873 872 866
865 873 866
872 873 874
868 870 875
868 875 869
873 876 874
876 877 874
877 872 874
872 877 871
877 870 871
877 876 878
870 877 879
880 870 879
877 881 879
881 877 878
875 882 869
875 883 882
876 884 878
884 881 878
884 876 885
873 885 876
886 885 873
886 884 885
873 887 886
887 888 886
884 886 888
888 887 889
865 889 887
889 865 867
867 890 889
890 867 869
889 891 888
891 889 890
891 884 888
865 887 873
890 892 891
890 869 892
892 869 882
892 882 893
884 891 894
895 894 891
881 884 894
896 881 894
894 897 896
879 881 896
896 898 879
899 900 901
901 902 899
902 901 903
627 902 903
904 899 902
905 899 904
899 905 900
645 903 901
903 645 643
631 903 643
627 903 631
646 901 900
901 646 645
902 628 904
628 902 627
906 907 908
908 623 906
908 907 629
625 906 623
623 908 626
626 908 629
687 725 909
909 725 719
909 719 718
680 687 909
909 718 680
718 714 680
678 680 714
678 714 715
678 715 910
698 910 715
715 700 698
910 698 692
692 689 910
681 910 689
910 681 678
688 725 687
686 726 688
726 686 911
682 911 686
911 682 684
912 548 557
548 912 913
914 485 495
485 914 915
485 915 477
915 474 477
471 915 914
915 471 474
472 471 914
495 504 914
504 472 914
472 504 503
699 916 703
701 916 699
917 918 919
919 920 917
917 920 921
922 918 917
733 744 727
743 747 737
923 75 70
70 85 923
85 924 923
925 926 927
927 928 925
928 929 925
929 928 930
930 928 931
931 932 930
928 933 931
928 934 933
934 928 935
928 927 935
930 936 929
936 930 937
937 938 936
938 937 939
939 940 938
940 939 941
942 941 939
939 943 942
932 943 930
939 937 943
943 937 930
941 942 944
945 943 932
945 942 943
942 945 946
944 942 946
947 944 946
947 946 945
945 948 947
945 949 948
950 948 949
950 949 951
949 952 951
952 949 945
953 951 952
951 953 954
955 951 954
951 955 956
950 951 956
953 957 954
957 953 958
958 959 957
959 958 960
961 957 959
957 961 962
954 962 955
962 954 957
963 962 961
963 961 964
961 959 965
960 965 959
960 966 965
966 960 934
955 967 956
968 967 955
969 968 955
963 969 962
955 962 969
970 956 967
970 967 971
967 972 971
971 972 973
967 974 972
974 975 972
975 974 976
977 976 974
975 976 978
977 978 976
979 974 967
980 979 967
981 980 967
982 980 981
983 980 982
984 980 983
980 984 979
985 979 984
986 974 979
985 986 979
974 986 977
986 987 977
987 986 988
985 988 986
989 987 988
988 985 990
988 990 991
988 991 989
991 992 989
992 991 993
993 994 992
995 992 994
992 995 996
996 989 992
997 996 995
996 997 998
994 999 995
999 994 1000
1001 1000 994
994 1002 1001
994 993 1002
1002 963 1001
1000 1001 1003
1004 995 999
995 1004 997
1005 1003 1001
1005 1001 1006
964 1006 1001
964 1001 963
998 1007 996
996 1007 1008
989 996 1008
1007 1009 1008
1009 1007 1010
1011 1009 1010
1009 1011 1012
1008 987 989
987 1008 1009
1012 987 1009
977 987 1012
1013 1011 1010
1007 1013 1010
1011 1013 1014
1013 1007 1015
1016 1015 1007
1016 1017 1015
1017 1016 1018
1019 1018 1016
1018 1019 1020
1016 997 1019
997 1016 998
1021 1020 1019
1020 1021 1022
1022 1023 1020
1020 1023 1024
1024 1023 1025
1023 1022 1026
1027 1019 997
1019 1027 1021
1028 1023 1026
1028 1029 1023
1025 1023 1030
1030 1031 1025
1025 1031 1032
1031 1033 1032
1033 1031 1034
1034 1035 1033
1035 1034 1036
1037 1033 1035
1033 1037 1038
1038 1032 1033
1037 1039 1038
1039 1037 1040
1039 1041 1038
1032 1038 1041
1041 1039 1042
1041 1042 1043
1044 1041 1043
1041 1044 1045
1045 1032 1041
1025 1032 1045
1042 1046 1043
1042 1047 1046
1042 1039 1047
1040 1048 1039
1047 1039 1048
1047 1048 1049
1049 1048 1050
1048 1040 1050
1051 1049 1050
1050 1052 1051
1053 1052 1050
1050 1054 1053
1055 1053 1054
1056 1053 1055
1055 1057 1056
1057 1055 1058
1059 1058 1055
1055 1054 1059
1058 1059 1060
1053 1056 1061
1061 1052 1053
1051 1052 1061
1056 1062 1061
1062 1056 1063
1064 1056 1057
1056 1064 1063
1057 1065 1064
1065 1057 1066
1067 1066 1057
1068 1066 1067
1068 1067 1069
1070 1069 1067
1070 1067 1057
1071 1068 1069
1068 1071 1072
1069 1073 1071
1070 1073 1069
1073 1070 1074
1066 1068 1075
1072 1075 1068
1076 1066 1075
1066 1076 1065
1072 1076 1075
1072 1077 1076
1077 1065 1076
1072 1078 1077
1072 1079 1078
1079 1080 1078
1081 1078 1080
1080 1082 1081
1081 1083 1078
1077 1078 1083
1083 1084 1077
1065 1077 1084
1084 1064 1065
1064 1084 1085
1086 1085 1084
1083 1086 1084
1086 1083 1087
1088 1086 1087
1087 1089 1088
1088 1090 1086
1085 1086 1090
1090 1088 1091
1092 1090 1091
1093 1092 1091
1094 1092 1093
1094 1093 1095
1095 1093 1096
1093 1091 1096
1095 1097 1094
1095 1098 1097
1098 1099 1097
1098 1100 1099
1100 1101 1099
1097 1099 1101
1102 1097 1101
1101 1103 1102
1103 1101 1104
1105 1103 1104
1103 1105 1106
1107 1106 1105
1108 1107 1105
1107 1108 1109
1110 1107 1109
1107 1110 1111
1112 1107 1111
1107 1112 1113
1106 1107 1113
1111 1114 1112
1114 1111 1115
1116 1114 1115
1114 1116 1117
1118 1113 1112
1112 1114 1118
1113 1118 1119
1118 1120 1119
1109 1121 1110
1121 1109 1122
1123 1121 1122
1121 1123 1124
1124 1125 1121
1125 1110 1121
1125 1124 1126
1111 1127 1115
1116 1115 1127
1110 1125 1127
1127 1111 1110
1127 1128 1116
1117 1116 1129
1129 1116 1130
1131 1129 1130
1131 1130 1132
1132 1130 1116
1132 1116 1128
1133 1129 1131
1133 1131 1134
1133 1134 1135
1134 1136 1135
1137 1136 1134
1134 1138 1137
1137 1138 1139
1138 1140 1139
1134 1131 1141
1141 1138 1134
1135 1136 1142
1143 1129 1133
1133 1144 1143
1133 1145 1144
1135 1145 1133
1144 1145 1146
1135 1146 1145
1143 1144 1147
1144 1146 1147
1147 1146 1148
1146 1135 1149
1149 1148 1146
1149 1135 1142
1148 1149 1150
1151 1150 1149
1150 1151 1152
1150 1152 1153
1152 1154 1153
1154 1152 1155
1155 1152 1156
1157 1154 1155
1157 1155 1158
1158 1155 1159
1156 1159 1155
1159 1156 1160
1157 1161 1154
1157 1162 1161
1163 1161 1162
1164 1163 1162
1157 1164 1162
1164 1157 1165
1165 1166 1164
1164 1166 1167
1163 1164 1167
940 1163 1167
1168 1167 1166
940 1167 1168
1166 1165 1169
1168 1166 1169
1169 1170 1168
1161 1163 1171
940 1171 1163
1171 1154 1161
1154 1171 1153
1172 1153 1171
1171 940 1172
1153 1172 1173
1174 1173 1172
1173 1174 1175
1176 1175 1174
1175 1176 1177
1176 1178 1177
1178 1147 1177
1147 1175 1177
1147 1178 1179
1147 1148 1175
1175 1148 1173
1148 1150 1173
1150 1153 1173
1178 1176 1180
944 1180 1176
1180 944 947
1176 941 944
941 1176 1174
1172 941 1174
941 1172 940
1143 1147 1179
1181 1143 1179
1178 1181 1179
1181 1178 1182
1180 1182 1178
1182 1183 1181
1182 1180 1184
947 1184 1180
1129 1143 1185
1185 1117 1129
1185 1114 1117
1114 1185 1186
1118 1114 1186
1186 1185 1187
1187 1188 1186
1188 1118 1186
1189 1118 1188
1118 1189 1120
1190 1185 1143
1120 1191 1119
1192 1119 1191
1193 1119 1192
1193 1113 1119
1113 1193 1106
1193 1192 1194
1106 1193 1103
1193 1195 1103
1195 1193 1196
1194 1196 1193
1197 1103 1195
1103 1197 1102
1197 1097 1102
1097 1197 1094
1198 1094 1197
1195 1199 1197
1199 1195 1196
1191 1200 1192
1094 1201 1202
1201 1203 1202
1203 1201 1204
1204 1205 1203
1205 1204 1206
1206 1051 1205
1201 1207 1204
1092 1094 1202
1203 1092 1202
1092 1203 1208
1092 1208 1209
1062 1209 1208
1062 1203 1205
1203 1062 1208
1209 1062 1063
1063 1085 1209
1085 1090 1209
1092 1209 1090
1085 1063 1064
1205 1061 1062
1061 1205 1051
1210 1211 1212
1211 1213 1212
1213 1211 1214
1215 1212 1213
1212 1215 1216
1217 1216 1215
1216 1218 1212
1210 1212 1218
1219 1218 1216
1217 1219 1216
1213 1220 1215
1221 1215 1220
1215 1221 1222
1222 1217 1215
1220 1213 1223
1214 1223 1213
1223 1214 1224
1225 1222 1221
1222 1225 1226
1226 1217 1222
1227 1226 1225
1226 1227 1228
1228 1229 1226
1217 1226 1229
1229 1228 1230
1231 1228 1227
1228 1231 1232
1228 1232 1230
1233 1229 1230
1233 1217 1229
1217 1233 1219
1234 1235 1236
1235 1237 1236
1237 1235 1238
1239 1236 1237
1236 1239 1240
1241 1236 1240
1234 1236 1241
1242 1241 1240
1235 1234 1243
1244 1238 1235
1238 1244 1245
1244 1246 1245
1246 1244 1247
1247 1248 1246
1248 1247 1249
1250 1249 1247
1249 1250 1251
1252 1247 1244
1247 1252 1250
1251 1253 1249
1253 1251 1254
1255 1253 1254
1255 1256 1253
1249 1256 1248
1256 1249 1253
1256 1255 1257
1254 1251 1258
1258 1259 1254
1260 1254 1259
1254 1260 1255
1259 1261 1260
1261 1259 1262
1263 1262 1259
1262 1263 1264
1264 1263 1265
1263 1266 1265
1267 1265 1266
1266 1268 1267
1268 1266 1269
1270 1269 1266
1266 1263 1270
1271 1270 1263
1263 1259 1271
1265 1267 1272
1267 1268 1273
1272 1267 1273
1270 1271 1274
1270 1275 1269
1276 1270 1274
1277 1270 1276
1276 1278 1277
1279 1270 1277
1280 1276 1274
1276 1280 1278
1281 1280 1274
1280 1281 1282
1282 1281 1283
1281 1284 1283
1280 1282 1285
1285 1282 1283
1286 1287 1288
1289 1287 1286
1287 1289 1290
1291 1292 1293
1294 1293 1292
1295 1293 1294
1296 1295 1294
1294 1297 1296
1298 1297 1294
1298 1299 1297
1299 1298 1300
1300 1301 1299
1301 1300 1302
1302 1303 1301
1303 1302 1304
1305 1299 1301
1299 1305 1306
1297 1306 1296
1306 1297 1299
1307 1301 1303
1301 1307 1305
1296 1306 1308
1296 1308 1295
1306 1309 1308
1307 1309 1305
1306 1305 1309
1310 1295 1308
1311 1310 1308
1308 1309 1311
1310 1311 1312
1313 1312 1311
1312 1313 1314
1311 1315 1313
1315 1311 1309
1309 1307 1315
1314 1316 1312
1316 1314 1317
1318 1316 1317
1316 1318 1319
1319 1291 1316
1312 1291 1310
1291 1312 1316
1319 1320 1291
1292 1291 1320
1291 1293 1310
1295 1310 1293
1245 1313 1315
1313 1245 1246
1246 1314 1313
1315 1238 1245
1238 1315 1307
1303 1238 1307
1238 1303 1237
1304 1237 1303
1237 1304 1239
1317 1257 1318
1314 1246 1248
1248 1317 1314
1317 1248 1256
1257 1317 1256
1321 1322 1323
1322 1321 1324
1322 1325 1323
1325 1322 1326
1323 1327 1321
1327 1323 1325
1328 1327 1325
1329 1327 1328
1328 1330 1329
1331 1329 1330
1332 1329 1331
1333 1329 1332
1329 1333 1327
1333 1321 1327
1332 1334 1333
1334 1335 1333
1335 1324 1321
1321 1333 1335
1335 1334 1336
1337 1335 1336
1335 1337 1338
1324 1335 1338
1339 1338 1337
1338 1339 1340
1341 1340 1339
1340 1341 1342
1342 1343 1340
1343 1338 1340
1343 1342 1344
1344 1345 1343
1345 1344 1346
1347 1345 1346
1345 1347 1348
1347 1346 1349
1350 1346 1344
1326 1345 1348
1345 1326 1322
1346 1350 1351
1345 1324 1343
1324 1345 1322
1338 1343 1324
1342 1352 1344
1344 1352 1350
1353 1350 1352
1350 1353 1354
1350 1354 1355
1355 1356 1350
1350 1356 1357
1356 1358 1357
1358 1356 1359
1359 1356 1355
1355 1360 1359
1360 1355 1361
1359 1362 1358
1362 1359 1360
1360 1361 1363
1362 1360 1363
1364 1353 1352
1342 1364 1352
1365 1364 1342
1341 1365 1342
1357 1366 1367
1367 1366 1368
1366 1369 1368
1367 1368 1370
1370 1351 1367
1351 1370 1371
1367 1351 1350
1357 1367 1350
1346 1351 1371
1371 1349 1346
1372 1373 1374
1372 1375 1373
1373 1375 1376
1377 1378 1379
1379 1380 1377
1378 1381 1379
1381 1378 1382
1379 1383 1380
1379 1381 1383
1382 1378 1384
1377 1384 1378
1384 1377 1385
1386 1384 1385
1384 1386 1387
1382 1384 1387
1377 1388 1385
1385 1389 1386
1385 1388 1389
1390 1391 1392
1390 1392 1393
1393 1394 1390
1395 1390 1394
1390 1395 1396
1391 1390 1396
1397 1391 1396
1398 1391 1397
1399 1391 1398
1400 1399 1398
1397 1401 1398
1401 1400 1398
1401 1397 1402
1402 1396 1395
1396 1402 1397
1403 1404 1405
1405 1406 1403
1404 1403 1407
1408 1404 1407
1407 1409 1408
1410 1409 1407
1409 1410 1411
1411 1410 1412
1411 1412 1413
1413 1414 1411
1414 1413 1415
1415 1416 1414
1416 1415 1417
1415 1418 1417
1418 1419 1417
1419 1420 1417
1415 1421 1418
1413 1421 1415
1422 1418 1421
1418 1422 1419
1423 1420 1419
1419 1424 1423
1424 1419 1422
1425 1422 1421
1413 1425 1421
1412 1425 1426
1422 1425 1427
1427 1424 1422
1424 1427 1428
1428 1429 1424
1424 1429 1423
1429 1428 1430
1414 1416 1431
1431 1432 1414
1431 1433 1432
1433 1409 1432
1432 1411 1414
1409 1411 1432
1433 1408 1409
1434 1435 1436
1436 1435 1437
1437 1438 1436
1438 1437 1439
1438 1439 1440
1440 1441 1438
1441 1440 1442
1441 1443 1438
1443 1441 1444
1444 1445 1443
1445 1444 1446
1446 1444 1447
1447 1444 1441
1447 1441 1448
1448 1441 1442
1438 1449 1436
1449 1438 1443
1443 1450 1449
1443 1445 1450
1451 1449 1450
1452 1449 1451
1436 1449 1452
1453 1436 1452
1452 1454 1453
1455 1453 1454
1453 1455 1456
1457 1453 1456
1453 1457 1434
1436 1453 1434
1458 1456 1455
1457 1456 1458
1235 1459 1244
1459 1235 1243
1244 1459 1252
1460 1461 1462
1461 1463 1462
1462 1463 1464
1465 1464 1463
1464 1465 1466
1467 1465 1463
1465 1467 1468
1469 1468 1467
1468 1469 1470
1469 1471 1470
1471 1469 1472
1473 1470 1471
1468 1470 1473
1465 1468 1473
1466 1465 1473
1474 1241 1242
1475 1476 1477
1476 1475 1478
1479 1478 1475
1478 1479 1480
1479 1481 1480
1481 1479 1482
1483 1481 1482
1481 1483 1484
1476 1485 1477
1485 1476 1486
1487 1488 1489
1488 1487 1490
1491 1492 1493
1492 1494 1493
1494 1492 1495
1491 1495 1492
1491 1496 1495
1493 1494 1497
1498 1491 1493
1498 1496 1491
1499 1498 1493
1500 1499 1493
1501 1499 1500
1499 1501 1502
1499 1503 1498
1503 1499 1502
1496 1498 1503
1494 1495 1504
1497 1494 1504
1505 1506 1507
1508 1505 1507
1509 1510 1511
1512 1513 1514
1515 1516 1517
1518 1519 1520
1519 1518 1521
1519 1522 1520
1522 1519 1523
1524 1525 1526
1525 1524 1527
1526 1525 1528
1526 1528 1529
1524 1530 1527
1531 1532 1533
1534 1532 1531
1531 1535 1534
1535 1531 1536
1536 1531 1533
1537 1532 1534
1537 1534 1538
1535 1539 1534
1539 1538 1534
1540 1538 1539
1540 1539 1541
1538 1540 1542
1542 1543 1538
1538 1543 1537
1543 1542 1544
1544 1545 1543
1546 1543 1545
1543 1546 1537
1547 1539 1535
1547 1541 1539
1536 1547 1535
1548 1541 1547
1541 1548 1549
1549 1548 1550
1550 1548 1551
1547 1551 1548
1551 1552 1550
1550 1552 1553
1553 1554 1550
1550 1554 1555
1550 1555 1556
1547 1557 1551
1558 1556 1555
1554 1558 1555
1556 1558 1559
1558 1554 1560
1553 1560 1554
1560 1553 1561
1552 1561 1553
1561 1562 1560
1562 1561 1563
1564 1563 1561
1561 1552 1564
1564 1551 1557
1551 1564 1552
1563 1564 1565
1563 1566 1562
1566 1563 1567
1565 1567 1563
1567 1568 1566
1569 1568 1567
1570 1560 1562
1560 1570 1558
1571 1558 1570
1558 1571 1559
1572 1571 1570
1572 1562 1566
1562 1572 1570
1566 1568 1572
1571 1572 1573
1572 1574 1573
1574 1572 1575
1575 1568 1569
1568 1575 1572
1576 1573 1574
1573 1576 1577
1577 1571 1573
1571 1577 1578
1559 1571 1578
1574 1575 1579
1576 1574 1579
1580 1579 1575
1581 1579 1580
1576 1579 1581
1533 1565 1582
1536 1533 1582
1557 1536 1582
1547 1536 1557
1565 1564 1582
1557 1582 1564
87 1583 88
91 88 1583
1584 1585 1586
1587 1585 1584
1585 1587 1588
1589 1588 1587
1589 1587 1590
1591 1590 1587
1590 1592 1589
1592 1590 1593
1593 1594 1592
1594 1593 1595
1593 1596 1595
1596 1593 1597
1597 1598 1596
1598 1597 1599
1599 1600 1598
1600 1599 1601
1602 1595 1596
1596 1598 1602
1594 1595 1602
1598 1600 1602
1602 1600 1603
1601 1603 1600
1604 1593 1590
1604 1590 1591
1597 1593 1604
1604 1599 1597
1591 1605 1604
1599 1604 1605
1605 1601 1599
1605 1591 1606
1606 1607 1605
1601 1605 1607
1603 1601 1608
1602 1609 1594
1609 1592 1594
1592 1609 1610
1611 1608 1601
1611 1601 1607
1610 1589 1592
1612 1610 1613
1602 1614 1613
1612 1613 1614
1612 1614 1615
1606 1591 1616
1591 1587 1616
1617 1618 1619
1617 1619 1620
1620 1619 1621
1620 1622 1617
1620 1623 1622
1623 1624 1622
1624 1623 1625
1624 1626 1622
1622 1626 1617
1624 1625 1627
1625 1628 1627
1628 1629 1627
1627 1629 1630
1628 1625 1631
1631 1632 1628
1628 1632 1633
1632 1631 1634
1635 1634 1631
1635 1625 1623
1625 1635 1631
1623 1636 1635
1636 1623 1637
1634 1635 1638
1638 1639 1634
1639 1638 1640
1638 1641 1640
1641 1638 1642
1635 1642 1638
1642 1635 1636
1634 1643 1632
1643 1634 1639
1644 1632 1643
1632 1644 1645
1632 1645 1633
1646 1645 1644
1645 1646 1647
1647 1633 1645
1646 1648 1647
1648 1646 1649
1650 1640 1641
1640 1650 1651
1652 1651 1650
1652 1653 1651
1653 1640 1651
1640 1653 1639
1652 1650 1654
1641 1654 1650
1654 1655 1652
1656 1653 1652
1652 1657 1656
1656 1657 1658
1644 1658 1646
1658 1649 1646
1655 1654 1659
1654 1660 1659
1654 1661 1660
1662 1660 1661
1660 1662 1663
1663 1664 1660
1660 1664 1659
1664 1663 1665
1665 1666 1664
1666 1665 1667
1665 1663 1668
1668 1663 1662
1658 1669 1656
1656 1669 1670
1667 1665 1671
1668 1671 1665
1671 1668 1672
1667 1671 1673
1658 1644 1669
1674 1664 1666
1664 1674 1659
1669 1643 1670
1643 1669 1644
1643 1639 1670
1670 1639 1653
1655 1659 1674
1670 1653 1656
1673 1671 1675
1675 1671 1672
1673 1675 1676
1676 1677 1673
1678 1679 773
773 776 1678
1680 1678 776
1680 776 793
776 777 793
793 798 1680
1681 1637 1682
1681 1682 1683
1683 1684 1681
1683 1682 1621
1682 1637 1620
1623 1620 1637
1620 1685 1682
1686 1637 1681
1684 1686 1681
1684 1668 1686
1637 1686 1636
1662 1636 1686
1686 1668 1662
1636 1662 1642
1661 1642 1662
1642 1661 1641
1654 1641 1661
1687 1688 1689
1689 1690 1687
1690 1691 1687
1691 1692 1687
1687 1692 1688
1692 1691 1633
1633 1647 1692
1648 1692 1647
1692 1648 1688
1691 1690 1629
1629 1628 1691
1628 1633 1691
1693 1694 1695
1694 1693 1624
1694 1630 1695
1626 1624 1693
1624 1627 1694
1627 1630 1694
803 1696 820
1696 813 820
1696 806 813
803 801 1696
1696 801 806
804 803 820
819 802 804
802 819 1697
1697 796 802
796 1697 797
1649 1658 1698
1658 1657 1698
792 779 1699
782 1699 779
1699 782 811
800 1699 811
784 811 782
811 784 808
809 808 784
795 1699 800
1699 795 792
786 809 784
783 787 1700
785 783 1700
829 843 828
1701 1702 1703
1702 1701 1704
1701 1705 1704
1706 1701 1703
1707 1708 1709
1708 1707 1710
1710 1707 1711
1711 1712 1710
1712 1713 1710
1713 1712 1714
1710 1713 1715
1710 1715 1716
1716 1717 1710
1710 1717 1708
1060 1712 1711
1712 1060 1059
1712 1059 1054
1714 1712 1054
1050 1714 1054
1718 1716 1036
1036 1719 1718
1036 1034 1719
1719 1034 1031
1719 1031 1720
1721 1719 1720
1719 1721 1722
1719 1722 1718
1722 1723 1718
1723 1722 1721
1724 1031 1725
1029 1724 1725
1726 1023 1029
1727 1728 1729
1728 1727 1730
1731 1727 1729
1732 1727 1731
1733 1727 1732
1734 1727 1733
1727 1735 1730
1735 1736 1730
1736 1735 1737
1737 1738 1736
1739 1736 1738
1736 1739 1740
1740 1730 1736
1730 1740 1728
1740 1739 1741
1741 1728 1740
1728 1741 1729
1738 1737 1742
1743 1729 1741
1729 1743 1731
1744 1731 1743
1731 1744 1732
1745 1732 1744
1732 1745 1733
1745 1734 1733
1744 1746 1745
1746 1744 1747
1743 1747 1744
1734 1745 1748
1749 1748 1745
1748 1749 1750
1747 1751 1746
1752 1753 1754
1753 1752 1755
1756 1754 1753
1754 1756 1757
1752 1758 1755
1759 1757 1756
1757 1759 1760
1761 1760 1759
1760 1761 1762
1761 1763 1762
1763 1761 1764
1764 1765 1763
1765 1764 1766
1766 1767 1765
1767 1766 1768
1755 1758 1769
1767 1768 1770
1770 1768 1771
1772 1773 1774
1773 1772 1775
1773 1776 1774
1776 1773 1777
1778 1775 1772
1775 1778 1779
1780 1779 1778
1779 1780 1781
1782 1781 1780
1781 1782 1783
1784 1783 1782
1783 1784 1785
1785 1784 1786
1787 1788 1789
1788 1787 1790
1787 1791 1790
1791 1787 1792
1792 1793 1791
1793 1794 1791
1793 1792 1795
978 1795 1792
1795 978 1796
1191 1794 1793
1792 1787 975
978 1792 975
975 1787 1797
975 1797 1798
1797 973 1798
1799 1793 1795
1793 1799 1800
1793 1800 1801
1191 1793 1801
1191 1801 1802
1191 1802 1200
1800 1799 1803
1803 1804 1800
1805 1804 1803
1803 1806 1805
1799 1807 1803
1807 1808 1803
1807 1799 1809
1795 1809 1799
1809 1795 1796
1796 1014 1809
1810 1809 1014
1810 1014 1811
1811 1812 1810
1812 1811 1813
1017 1813 1811
1813 1814 1812
1814 1813 1815
1813 1816 1815
1813 1017 1816
1018 1816 1017
1816 1018 1817
1020 1817 1018
1817 1020 1024
1814 1818 1812
1814 1819 1818
1812 1818 1820
1810 1812 1820
1820 1821 1810
1807 1821 1820
1820 1822 1807
1818 1043 1820
1822 1820 1043
1823 1043 1818
1823 1818 1819
1824 1043 1823
1825 1822 1043
1826 1824 1823
1827 1826 1823
1819 1827 1823
1807 1822 1828
1822 1829 1828
1825 1829 1822
1809 1821 1807
1809 1810 1821
1808 1807 1828
1829 1808 1828
1046 1825 1043
1006 1830 1831
1830 961 1831
1832 961 965
965 1833 1832
1833 965 1834
966 1834 965
1835 1833 1834
966 1835 1834
1836 1837 1838
1838 1839 1836
1840 1838 1837
1840 1841 1838
1840 1842 1841
1843 1844 1837
1845 1846 1847
1846 1845 1848
1849 1847 1846
1847 1849 1850
1851 1850 1849
1850 1851 1852
1851 1853 1852
1853 1851 1854
1854 1855 1853
1855 1854 1856
1857 1855 1856
1855 1857 1858
1858 1857 1859
1859 1857 1860
1861 1859 1860
1862 1863 1864
1149 1865 1151
1865 1149 1142
1866 1867 1868
1868 1869 1866
1870 1867 1866
1871 1870 1866
1872 1871 1866
1873 1872 1866
1866 1869 1874
1875 1874 1869
1874 1875 1876
1877 1876 1875
1875 1878 1877
1878 1875 1879
1879 1869 1868
1869 1879 1875
1879 1880 1878
1880 1868 1867
1868 1880 1879
1876 1877 1881
1867 1882 1880
1882 1867 1870
1883 1870 1871
1870 1883 1882
1871 1884 1883
1884 1871 1872
1873 1884 1872
1885 1883 1884
1883 1885 1886
1882 1883 1886
1884 1873 1887
1887 1888 1884
1888 1887 1889
1886 1885 1890
1891 1892 1893
1892 1891 1894
1893 1895 1891
1895 1893 1896
1892 1894 1897
1896 1898 1895
1898 1896 1899
1899 1900 1898
1900 1899 1901
1902 1900 1901
1900 1902 1903
1904 1903 1902
1903 1904 1905
1906 1905 1904
1905 1906 1907
1894 1908 1897
1906 1909 1907
1909 1910 1907
1911 1912 1913
1912 1911 1914
1915 1912 1914
1912 1915 1916
1913 1917 1911
1917 1913 1918
1918 1919 1917
1919 1918 1920
1920 1921 1919
1921 1920 1922
1922 1923 1921
1923 1922 1924
1924 1925 1923
1926 1123 1122
1123 1926 1927
1928 1927 1926
1927 1928 1929
1109 1926 1122
1926 1109 1108
1108 1928 1926
1928 1108 1930
1105 1930 1108
1930 1105 1104
1101 1930 1104
1930 1101 1931
1100 1931 1101
1095 1932 1933
1933 1932 1934
1935 1933 1934
1933 1935 1936
1935 1937 1936
1936 1937 1938
1095 1933 1098
1933 1939 1098
1939 1933 1936
1932 1095 1096
1091 1932 1096
1932 1091 1088
1940 1932 1088
1940 1934 1932
1089 1940 1088
1941 1942 1943
1943 1944 1941
1945 1944 1943
1945 1943 1946
1945 1946 1947
1948 1944 1949
1950 1951 1952
1951 1950 1953
1952 1954 1950
1954 1952 1955
1956 1954 1955
1954 1956 1957
1958 1957 1956
1957 1958 1959
1953 1960 1951
1960 1953 1961
1958 1962 1959
1962 1958 1963
1964 1962 1963
1964 1965 1962
1966 1965 1964
998 1016 1007
1967 1968 1969
1811 1015 1017
1015 1811 1013
1014 1013 1811
1014 1796 1011
1796 1012 1011
1012 1796 978
978 977 1012
772 1970 774
769 1970 772
1191 1971 1972
1191 1972 1794
1191 1120 1971
1973 1974 1975
1975 1974 1976
1977 1974 1973
1974 1977 1978
1976 1974 1979
1979 1974 1978
1978 1980 1979
1980 1978 1981
1979 1982 1976
1982 1979 1980
1983 1981 1978
1981 1983 1984
1978 1985 1983
1985 1978 1977
1788 1986 1987
1788 1988 1986
1986 1988 1989
1988 1791 1989
1990 1989 1791
1788 1790 1988
1988 1790 1791
1991 1989 1990
1986 1992 1987
1992 1986 1993
1994 1993 1986
1986 1989 1994
1993 1994 1995
1995 1996 1993
1996 1995 1997
1997 1998 1996
1998 1997 1999
2000 1999 1997
1999 2000 2001
2002 2000 1997
1995 2002 1997
2003 2002 1995
1994 2003 1995
1993 2004 1992
2004 1993 1996
1996 1998 2005
1996 2005 2004
1998 2006 2005
2007 2003 1994
1994 2008 2007
2009 2007 2008
2008 1994 1989
2008 1989 1991
2009 2008 1991
2010 2011 2012
2011 2013 2012
2014 2010 2012
2013 2015 2012
2016 2015 2013
2015 2016 2017
2015 2018 2012
2017 2018 2015
2018 2014 2012
2019 2014 2018
2018 2020 2019
2021 2020 2018
2018 2017 2021
2020 2021 2022
1805 2023 2024
1805 2024 2025
1805 2025 1804
2025 1800 1804
2025 2026 1800
2024 2026 2025
2027 1800 2026
2024 2028 2026
2029 2027 2026
2026 2030 2029
2026 2028 2030
2031 2024 2023
2024 2031 2032
2032 2028 2024
2033 2032 2031
2032 2033 2034
2034 2033 2035
2028 2032 2036
2034 2036 2032
2036 2037 2028
2036 2034 2038
2038 2039 2036
2036 2039 2037
2040 2038 2034
2034 2035 2040
2038 2040 2041
2041 2042 2038
2038 2042 2039
2042 2041 2043
2044 2029 2030
2044 2030 2045
2028 2037 2045
2035 2046 2040
2045 2030 2028
972 975 1798
973 972 1798
970 950 956
2047 2048 2049
2047 2050 2048
2050 2047 2051
2051 2052 2050
2052 2051 2053
2054 2055 2056
2055 2054 2057
2058 2056 2055
2056 2058 2059
2060 2059 2058
2059 2060 2061
2062 2061 2060
2061 2062 2063
2062 2064 2063
2064 2062 2065
2065 2066 2064
2066 2065 2067
2054 2068 2057
2068 2054 2069
2069 2070 2068
2070 2069 2071
2070 2071 2072
2067 2073 2066
2073 2067 2074
2074 2075 2073
2075 2074 2076
2077 2075 2076
2078 2079 2080
2079 2078 2081
2082 2080 2079
2080 2082 2083
2078 2084 2081
2084 2078 2085
2085 2086 2084
2086 2085 2087
2088 2086 2087
2086 2088 2089
2090 2083 2082
2083 2090 2091
2092 2089 2088
2089 2092 2093
2094 2093 2092
2093 2094 2095
2095 2094 2096
2091 2097 2098
2099 2098 2097
2098 2099 2100
2100 2099 2101
2097 2091 2102
2103 2104 2105
2104 2103 2106
2107 2105 2104
2105 2107 2108
2107 2109 2108
2109 2107 2110
2110 2111 2109
2111 2110 2112
2112 2113 2111
2113 2112 2114
2115 2106 2103
2106 2115 2116
2117 2116 2115
2116 2117 2118
2119 2118 2117
2114 2120 2113
2120 2114 2121
2122 2123 2124
2123 2122 2125
2124 2123 2126
2122 2127 2125
2127 2122 2128
2129 2130 2131
2130 2129 2132
2131 2133 2129
2133 2131 2134
2135 2133 2134
2133 2135 2136
2137 2136 2135
2136 2137 2138
2137 2139 2138
2139 2137 2140
2140 2141 2139
2141 2140 2142
2142 2143 2141
2143 2142 2144
2145 2143 2144
2132 2146 2130
2146 2132 2147
2148 2149 2150
2151 2148 2150
2148 2151 2152
2153 2152 2151
2152 2153 2154
2155 2156 2157
2156 2155 2158
2158 2159 2156
2159 2158 2160
2160 2161 2159
2161 2160 2162
2162 2163 2161
2163 2162 2164
2165 2163 2164
2163 2165 2166
2167 2166 2165
2166 2167 2168
2169 2155 2157
2155 2169 2170
2171 2170 2169
2170 2171 2172
2171 2173 2172
2174 2168 2167
2168 2174 2175
2176 2175 2174
2175 2176 2177
2178 2177 2176
2179 2180 2181
2180 2179 2182
2181 2183 2179
2183 2181 2184
2185 2180 2182
2180 2185 2186
2187 2186 2185
2186 2187 2188
2187 2189 2188
2189 2187 2190
2184 2191 2183
2191 2184 2192
2190 2193 2189
2193 2190 2194
2194 2195 2193
2195 2194 2196
2196 2197 2195
2198 2192 2199
2199 2200 2198
2200 2199 2201
2201 2202 2200
2192 2198 2203
2204 2205 2206
2205 2204 2207
2207 2208 2205
2208 2207 2209
2210 2208 2209
2208 2210 2211
2212 2211 2210
2211 2212 2213
2214 2213 2212
2213 2214 2215
2206 2216 2204
2216 2206 2217
2217 2218 2216
2218 2217 2219
2220 2218 2219
2221 2215 2214
2215 2221 2222
2223 2224 2225
2224 2223 2226
2226 2227 2224
2228 2223 2225
2223 2228 2229
2230 2231 2232
2231 2230 2233
2234 2232 2231
2232 2234 2235
2234 2236 2235
2236 2234 2237
2237 2238 2236
2238 2237 2239
2240 2238 2239
2238 2240 2241
2242 2241 2240
2241 2242 2243
2244 2243 2242
2243 2244 2245
2246 2245 2244
2247 2233 2230
2233 2247 2248
2249 2250 2251
2250 2249 2252
2253 2251 2250
2251 2253 2254
2255 2254 2253
2254 2255 2256
2257 2256 2255
2256 2257 2258
2255 2259 2257
2259 2255 2260
2253 2260 2255
2250 2260 2253
2250 2252 2261
2261 2252 2262
2262 2263 2261
2264 2261 2263
2263 2262 2265
2266 2263 2265
2264 2263 2266
2266 2267 2264
2267 2266 2268
2269 2268 2266
2265 2269 2266
2269 2265 2270
2268 2269 2271
2269 2272 2271
2272 2269 2273
2269 2270 2273
2273 2270 2274
2275 2272 2273
2273 2274 2275
2275 2274 2276
2277 2275 2276
2275 2277 2278
2272 2275 2278
2276 2279 2277
2279 2276 2280
2276 2281 2280
2276 2274 2281
2280 2282 2279
2282 2280 2283
2281 2274 2284
2285 2281 2284
2280 2281 2285
2280 2285 2286
2286 2285 2284
2280 2286 2283
2286 2287 2283
2287 2286 2288
2286 2284 2288
2289 2284 2274
2289 2290 2284
2290 2288 2284
2290 2291 2288
2287 2288 2291
2289 2292 2290
2293 2292 2289
2293 2289 2270
2290 2294 2291
2290 2292 2294
2265 2293 2270
2262 2293 2265
2262 2292 2293
2270 2289 2274
2252 2292 2262
2294 2292 2252
2294 2252 2249
2295 2291 2294
2295 2296 2291
2297 2291 2296
2297 2296 2298
2297 2298 2299
2295 2294 2300
2301 2295 2300
2302 2301 2300
2302 2303 2301
2301 2304 2295
2298 2296 2304
2295 2304 2296
2298 2304 2305
2306 2298 2305
2306 2299 2298
2306 2307 2299
2307 2308 2299
2308 2297 2299
2308 2307 2309
2307 2306 2310
2311 2310 2306
2311 2306 2312
2305 2304 2312
2306 2305 2312
2310 2311 2313
2314 2313 2311
2314 2311 2315
2312 2304 2315
2301 2315 2304
2303 2315 2301
2311 2312 2315
2316 2315 2303
2316 2314 2315
2313 2314 2317
2318 2314 2316
2314 2318 2317
2319 2318 2316
2318 2319 2320
2319 2321 2320
2321 2319 2322
2322 2319 2323
2322 2324 2321
2324 2322 2325
2325 2322 2323
2325 2323 2326
2326 2323 2327
2327 2328 2326
2329 2326 2328
2323 2330 2327
2319 2330 2323
2319 2303 2330
2319 2316 2303
2327 2330 2302
2330 2303 2302
2327 2302 2300
2328 2327 2300
2331 2324 2325
2331 2325 2332
2325 2326 2332
2329 2332 2326
2329 2333 2332
2332 2333 2331
2333 2329 2334
2333 2334 2335
2335 2336 2333
2336 2335 2337
2333 2338 2331
2336 2338 2333
2336 2339 2338
2337 2339 2336
2339 2337 2340
2300 2294 2328
2341 2340 2337
2337 2258 2341
2341 2258 2257
2254 2335 2334
2334 2251 2254
2251 2334 2329
2329 2249 2251
2249 2329 2328
2294 2249 2328
2335 2254 2256
2337 2256 2258
2256 2337 2335
2257 2342 2341
2257 2343 2342
2343 2257 2259
2343 2259 2344
2259 2260 2344
2260 2345 2344
2346 2345 2260
2345 2346 2264
2260 2250 2346
2345 2264 2267
2264 2346 2261
2250 2261 2346
2347 2348 2349
2350 2348 2347
2347 2349 2351
2350 2352 2348
2352 2350 2353
2354 2352 2353
2353 2355 2354
2355 2356 2354
2355 2353 2357
2353 2350 2357
2350 2358 2357
2359 2358 2350
2359 2347 2351
2359 2350 2347
2360 2359 2351
2360 2351 2361
2362 2360 2361
2361 2363 2362
2363 2361 2364
2361 2365 2364
2351 2365 2361
2351 2366 2365
2354 2356 2367
2354 2368 2352
2367 2368 2354
2368 2369 2352
2368 2370 2369
2370 2368 2371
2372 2371 2368
2372 2368 2367
2373 2371 2372
2367 2374 2372
2374 2375 2372
2372 2375 2373
2376 2352 2369
2377 2369 2370
2366 2378 2365
2366 2379 2378
2376 2379 2349
2379 2366 2349
2349 2348 2376
2376 2348 2352
2379 2380 2378
2380 2379 2376
2369 2377 2380
2380 2376 2369
2380 2377 2381
2380 2381 2382
2380 2382 2378
2373 2383 2371
2383 2373 2375
2383 2384 2371
2385 2383 2375
2383 2386 2384
2386 2383 2385
2386 2385 2387
2388 2386 2387
2386 2388 2384
2389 2388 2387
2389 2390 2388
2390 2389 2391
2392 2390 2391
2390 2392 2393
2393 2394 2390
2388 2390 2394
2388 2394 2384
2394 2393 2395
2393 2396 2395
2396 2393 2392
2396 2397 2395
2392 2398 2396
2399 2395 2397
2399 2394 2395
2399 2400 2394
2400 2399 2401
2396 2402 2397
2398 2402 2396
2403 2402 2398
2403 2404 2402
2405 2404 2403
2406 2404 2405
2404 2406 2407
2404 2407 2408
2402 2404 2408
2402 2408 2409
2409 2397 2402
2384 2394 2400
2370 2384 2400
2384 2370 2371
2377 2370 2400
2401 2377 2400
2409 2408 2410
2409 2410 2411
2410 2401 2411
2411 2397 2409
2397 2411 2399
2410 2408 2412
2408 2413 2412
2407 2413 2408
2401 2399 2411
2414 2413 2407
2406 2414 2407
2414 2406 2415
2413 2416 2412
2416 2413 2414
2410 2417 2401
2381 2401 2417
2401 2381 2377
2418 2416 2414
2414 2415 2418
2419 2418 2415
2416 2420 2412
2420 2416 2421
2418 2421 2416
2421 2422 2420
2422 2417 2420
2422 2421 2423
2424 2422 2423
2422 2424 2425
2426 2425 2424
2425 2426 2427
2428 2427 2426
2426 2429 2428
2365 2427 2428
2378 2427 2365
2427 2378 2425
2429 2364 2428
2364 2365 2428
2429 2363 2364
2363 2429 2430
2431 2430 2429
2429 2426 2431
2424 2431 2426
2431 2432 2430
2433 2423 2421
2421 2418 2433
2434 2433 2418
2434 2435 2433
2435 2434 2436
2436 2437 2435
2431 2437 2438
2437 2436 2438
2438 2432 2431
2423 2433 2435
2437 2423 2435
2423 2437 2424
2431 2424 2437
2418 2419 2434
2309 2283 2439
2287 2439 2283
2309 2282 2283
2366 2351 2349
2367 2356 2374
2410 2412 2420
2417 2410 2420
2417 2422 2440
2422 2382 2440
2382 2422 2425
2378 2382 2425
2381 2440 2382
2440 2381 2417
2441 2442 2443
2442 2441 2444
2442 2445 2443
2446 2442 2444
2447 2446 2444
2446 2447 2448
2449 2446 2448
2446 2449 2450
2449 2451 2450
2451 2449 2452
2445 2453 2443
2453 2445 2454
2441 2443 2455
2456 2441 2455
2441 2456 2457
2447 2457 2456
2458 2447 2456
2447 2458 2448
2448 2459 2449
2459 2448 2458
2459 2452 2449
2452 2459 2460
2455 2461 2456
2461 2455 2462
2456 2463 2458
2463 2456 2461
2464 2459 2458
2459 2464 2465
2465 2460 2459
2460 2465 2466
2462 2467 2461
2467 2463 2461
2467 2462 2468
2467 2469 2463
2469 2467 2470
2464 2469 2470
2471 2464 2470
2464 2471 2465
2471 2466 2465
2466 2471 2472
2473 2468 2462
2468 2473 2474
2468 2475 2467
2467 2475 2470
2470 2475 2471
2471 2475 2472
2475 2468 2474
2473 2462 2455
2476 2473 2455
2443 2476 2455
2476 2443 2477
2473 2476 2478
2443 2453 2477
2472 2479 2466
2479 2460 2466
2460 2479 2480
2480 2452 2460
2452 2480 2481
2482 2452 2481
2452 2482 2451
2482 2483 2451
2483 2450 2451
2450 2483 2446
2446 2483 2442
2442 2483 2445
2445 2483 2454
2479 2472 2484
2475 2484 2472
2485 2486 2487
2486 2485 2488
2486 2489 2487
2489 2486 2490
2487 2491 2485
2489 2491 2487
2492 2491 2489
2489 2493 2492
2493 2489 2494
2490 2494 2489
2495 2492 2493
2492 2495 2496
2496 2491 2492
2497 2496 2495
2496 2497 2498
2498 2491 2496
2494 2499 2493
2499 2495 2493
2499 2494 2500
2490 2500 2494
2495 2499 2501
2500 2502 2499
2502 2501 2499
2502 2500 2503
2504 2503 2500
2505 2504 2500
2500 2490 2505
2506 2504 2505
2506 2507 2504
2503 2504 2507
2507 2506 2508
2501 2502 2509
2501 2509 2510
2511 2507 2508
2507 2511 2512
2512 2503 2507
2503 2512 2513
2513 2502 2503
2502 2513 2514
2502 2515 2509
2515 2502 2514
2515 2510 2509
2510 2515 2516
2511 2517 2512
2512 2517 2513
2513 2517 2514
2514 2517 2518
2516 2518 2517
2514 2518 2519
2519 2518 2516
2515 2519 2516
2514 2519 2515
2505 2520 2506
2520 2505 2488
2485 2520 2488
2510 2521 2501
2501 2521 2522
2521 2523 2522
2524 2523 2521
2523 2524 2525
2522 2523 2525
2522 2495 2501
2495 2522 2497
2521 2510 2524
2505 2526 2488
2526 2505 2490
2486 2526 2490
2488 2526 2486
2469 2527 2463
2527 2469 2464
2458 2527 2464
2463 2527 2458
2457 2528 2441
2528 2457 2447
2444 2528 2447
2441 2528 2444
2529 2530 2531
2530 2529 2532
2530 2532 2533
2534 2531 2530
2534 2535 2531
2535 2534 2536
2534 2537 2536
2537 2534 2538
2539 2533 2532
2533 2539 2540
2529 2541 2532
2529 2542 2541
2542 2529 2543
2535 2542 2543
2544 2535 2536
2535 2544 2542
2536 2545 2544
2545 2536 2537
2546 2532 2541
2532 2546 2547
2532 2547 2539
2548 2541 2542
2541 2548 2549
2542 2550 2548
2550 2542 2544
2545 2551 2544
2551 2545 2552
2553 2546 2541
2553 2541 2549
2546 2553 2554
2555 2549 2548
2555 2548 2550
2549 2555 2556
2556 2553 2549
2557 2555 2550
2555 2557 2558
2551 2558 2557
2559 2551 2552
2551 2559 2558
2553 2556 2560
2556 2555 2561
2555 2558 2561
2558 2559 2561
2561 2560 2556
2557 2550 2562
2562 2551 2557
2544 2551 2562
2550 2544 2562
2563 2559 2552
2552 2564 2563
2564 2565 2563
2565 2564 2566
2567 2566 2564
2566 2567 2568
2567 2569 2568
2569 2567 2570
2565 2571 2563
2559 2563 2571
2559 2571 2561
2571 2565 2572
2571 2572 2561
2569 2570 2573
2570 2538 2573
2538 2534 2573
2534 2530 2573
2530 2533 2573
2533 2540 2573
2570 2537 2538
2537 2570 2567
2567 2545 2537
2545 2567 2564
2564 2552 2545
2574 2575 2576
2575 2574 2577
2578 2575 2577
2575 2578 2579
2577 2574 2580
2578 2577 2580
2581 2578 2580
2582 2578 2581
2578 2582 2583
2579 2578 2583
2581 2584 2582
2584 2581 2585
2585 2581 2580
2585 2586 2584
2586 2585 2587
2587 2585 2580
2588 2583 2582
2584 2588 2582
2583 2588 2589
2589 2579 2583
2588 2584 2590
2591 2589 2588
2590 2591 2588
2589 2591 2592
2592 2593 2589
2594 2589 2593
2579 2589 2594
2595 2594 2593
2596 2595 2593
2593 2592 2596
2595 2596 2597
2591 2590 2598
2590 2599 2598
2596 2600 2597
2600 2596 2601
2592 2601 2596
2601 2592 2602
2591 2602 2592
2602 2591 2603
2591 2604 2603
2604 2591 2598
2599 2604 2598
2604 2599 2605
2600 2601 2606
2601 2602 2606
2602 2603 2606
2603 2607 2606
2605 2606 2607
2603 2608 2607
2608 2605 2607
2604 2605 2608
2603 2604 2608
2609 2594 2595
2594 2609 2576
2574 2576 2609
2599 2610 2611
2611 2610 2612
2612 2613 2611
2614 2613 2612
2610 2614 2612
2590 2614 2610
2584 2614 2590
2614 2584 2586
2610 2599 2590
2594 2576 2615
2615 2579 2594
2575 2579 2615
2576 2575 2615
2543 2529 2616
2616 2535 2543
2531 2535 2616
2529 2531 2616
2617 2618 2619
2618 2617 2620
2620 2621 2618
2621 2620 2622
2622 2623 2621
2623 2622 2624
2624 2625 2623
2625 2624 2626
2627 2623 2625
2623 2627 2628
2621 2623 2628
2628 2618 2621
2618 2629 2619
2629 2630 2619
2630 2629 2631
2632 2631 2629
2631 2633 2630
2634 2633 2631
2632 2634 2631
2635 2634 2632
2634 2635 2636
2636 2637 2634
2633 2634 2637
2637 2638 2633
2637 2636 2639
2640 2637 2639
2637 2640 2641
2637 2641 2638
2641 2642 2638
2640 2643 2641
2641 2643 2642
2643 2644 2642
2643 2645 2644
2645 2643 2646
2643 2640 2646
2647 2644 2645
2644 2647 2648
2644 2648 2649
2644 2649 2642
2650 2648 2647
2648 2650 2651
2649 2652 2642
2653 2652 2649
2648 2653 2649
2648 2654 2653
2654 2652 2653
2648 2651 2654
2654 2651 2655
2655 2656 2654
2654 2656 2652
2657 2642 2652
2657 2652 2658
2658 2652 2656
2658 2656 2659
2655 2659 2656
2657 2658 2660
2661 2657 2660
2661 2638 2657
2658 2659 2662
2658 2662 2660
2633 2638 2661
2630 2633 2661
2630 2661 2660
2638 2642 2657
2619 2630 2660
2662 2619 2660
2662 2617 2619
2663 2662 2659
2663 2659 2664
2665 2664 2659
2665 2666 2664
2665 2667 2666
2663 2668 2662
2669 2668 2663
2670 2668 2669
2670 2669 2671
2669 2663 2672
2666 2672 2664
2663 2664 2672
2666 2673 2672
2674 2673 2666
2674 2666 2667
2675 2674 2667
2676 2675 2667
2676 2667 2665
2675 2676 2677
2674 2675 2678
2678 2679 2674
2679 2680 2674
2673 2680 2672
2674 2680 2673
2679 2678 2681
2681 2682 2679
2682 2683 2679
2680 2683 2672
2669 2672 2683
2671 2669 2683
2679 2683 2680
2684 2671 2683
2684 2683 2682
2682 2681 2685
2686 2682 2685
2682 2686 2684
2686 2687 2684
2687 2686 2688
2689 2687 2688
2687 2689 2690
2690 2691 2687
2692 2690 2689
2690 2692 2693
2693 2691 2690
2693 2694 2691
2694 2695 2691
2695 2694 2696
2697 2696 2694
2691 2695 2698
2687 2691 2698
2687 2698 2671
2687 2671 2684
2695 2670 2698
2698 2670 2671
2695 2668 2670
2696 2668 2695
2699 2693 2692
2699 2700 2693
2693 2700 2694
2697 2694 2700
2701 2697 2700
2700 2699 2701
2697 2701 2702
2701 2703 2702
2704 2703 2701
2703 2704 2705
2701 2699 2706
2704 2701 2706
2704 2706 2707
2707 2705 2704
2705 2707 2708
2668 2696 2662
2709 2705 2708
2705 2709 2626
2709 2625 2626
2703 2622 2702
2620 2702 2622
2702 2620 2697
2617 2697 2620
2697 2617 2696
2662 2696 2617
2622 2703 2624
2705 2624 2703
2624 2705 2626
2625 2709 2710
2711 2625 2710
2625 2711 2627
2711 2712 2627
2627 2712 2628
2628 2712 2713
2714 2628 2713
2713 2632 2714
2618 2628 2714
2713 2635 2632
2632 2629 2714
2618 2714 2629
2715 2716 2717
2718 2715 2717
2715 2719 2716
2720 2718 2717
2718 2720 2721
2722 2721 2720
2723 2721 2722
2723 2722 2724
2721 2723 2725
2721 2725 2718
2718 2725 2726
2727 2718 2726
2727 2719 2715
2727 2715 2718
2728 2719 2727
2728 2729 2719
2730 2729 2728
2731 2729 2730
2729 2731 2732
2729 2732 2733
2719 2729 2733
2719 2733 2734
2722 2735 2724
2722 2720 2736
2735 2722 2736
2737 2735 2736
2737 2736 2738
2739 2737 2738
2735 2737 2740
2740 2737 2741
2737 2739 2741
2736 2742 2738
2742 2736 2743
2736 2720 2743
2744 2743 2720
2745 2742 2743
2734 2733 2746
2734 2746 2747
2744 2716 2747
2747 2716 2734
2716 2744 2717
2744 2720 2717
2747 2746 2748
2748 2744 2747
2743 2748 2745
2748 2743 2744
2748 2749 2745
2748 2750 2749
2748 2746 2750
2739 2738 2751
2751 2741 2739
2752 2741 2751
2745 2753 2742
2754 2742 2753
2751 2738 2754
2742 2754 2738
2754 2753 2755
2756 2755 2753
2753 2757 2756
2758 2754 2755
2758 2755 2759
2759 2760 2758
2760 2761 2758
2762 2761 2752
2758 2761 2762
2751 2754 2762
2762 2754 2758
2762 2752 2751
2760 2759 2763
2759 2764 2763
2764 2759 2765
2755 2765 2759
2765 2755 2766
2756 2766 2755
2765 2766 2767
2767 2764 2765
2767 2766 2768
2756 2768 2766
2764 2767 2769
2767 2768 2770
2769 2767 2770
2771 2769 2770
2771 2770 2772
2773 2771 2772
2772 2774 2773
2774 2772 2775
2772 2776 2775
2770 2776 2772
2770 2777 2776
2777 2770 2768
2778 2777 2768
2777 2778 2779
2777 2779 2776
2768 2756 2778
2779 2780 2776
2776 2780 2781
2775 2776 2781
2757 2778 2756
2779 2778 2757
2782 2775 2781
2782 2774 2775
2774 2782 2783
2781 2780 2784
2784 2782 2781
2779 2757 2785
2749 2785 2757
2786 2782 2784
2782 2786 2783
2757 2745 2749
2757 2753 2745
2787 2783 2786
2788 2784 2780
2779 2788 2780
2785 2788 2779
2784 2788 2789
2789 2786 2784
2790 2789 2788
2785 2790 2788
2789 2790 2791
2790 2792 2791
2792 2790 2793
2793 2794 2792
2794 2793 2795
2796 2794 2795
2794 2796 2797
2733 2796 2795
2746 2733 2795
2795 2793 2746
2797 2796 2732
2732 2796 2733
2731 2797 2732
2797 2731 2798
2799 2797 2798
2797 2799 2794
2799 2792 2794
2799 2798 2800
2791 2801 2789
2786 2789 2801
2802 2786 2801
2803 2802 2801
2802 2803 2804
2805 2804 2803
2799 2806 2805
2804 2805 2806
2806 2799 2800
2801 2791 2803
2791 2805 2803
2805 2791 2792
2792 2799 2805
2786 2802 2787
2677 2807 2651
2655 2651 2807
2677 2651 2650
2734 2716 2719
2735 2740 2724
2790 2785 2808
2750 2790 2808
2790 2750 2793
2746 2793 2750
2749 2750 2808
2808 2785 2749
2809 2810 2811
2810 2809 2812
2812 2813 2810
2813 2812 2814
2814 2815 2813
2815 2814 2816
2816 2817 2815
2817 2816 2818
2819 2815 2817
2815 2819 2820
2813 2815 2820
2820 2810 2813
2810 2821 2811
2821 2822 2811
2822 2821 2823
2824 2823 2821
2823 2825 2822
2826 2825 2823
2824 2826 2823
2827 2826 2824
2826 2827 2828
2828 2829 2826
2825 2826 2829
2829 2830 2825
2829 2828 2831
2832 2829 2831
2829 2832 2833
2829 2833 2830
2833 2834 2830
2832 2835 2833
2833 2835 2834
2835 2836 2834
2835 2837 2836
2837 2835 2838
2835 2832 2838
2839 2836 2837
2836 2839 2840
2836 2840 2841
2836 2841 2834
2842 2840 2839
2840 2842 2843
2841 2844 2834
2845 2844 2841
2840 2845 2841
2840 2846 2845
2846 2844 2845
2840 2843 2846
2846 2843 2847
2847 2848 2846
2846 2848 2844
2849 2834 2844
2849 2844 2850
2850 2844 2848
2850 2848 2851
2847 2851 2848
2849 2850 2852
2853 2849 2852
2853 2830 2849
2850 2851 2854
2850 2854 2852
2825 2830 2853
2822 2825 2853
2822 2853 2852
2830 2834 2849
2811 2822 2852
2854 2811 2852
2854 2809 2811
2855 2854 2851
2855 2851 2856
2857 2856 2851
2857 2858 2856
2857 2859 2858
2855 2860 2854
2861 2860 2855
2862 2860 2861
2862 2861 2863
2861 2855 2864
2858 2864 2856
2855 2856 2864
2858 2865 2864
2866 2865 2858
2866 2858 2859
2867 2866 2859
2868 2867 2859
2868 2859 2857
2867 2868 2869
2866 2867 2870
2870 2871 2866
2871 2872 2866
2865 2872 2864
2866 2872 2865
2871 2870 2873
2873 2874 2871
2874 2875 2871
2872 2875 2864
2861 2864 2875
2863 2861 2875
2871 2875 2872
2876 2863 2875
2876 2875 2874
2874 2873 2877
2878 2874 2877
2874 2878 2876
2878 2879 2876
2879 2878 2880
2881 2879 2880
2879 2881 2882
2882 2883 2879
2884 2882 2881
2882 2884 2885
2885 2883 2882
2885 2886 2883
2886 2887 2883
2887 2886 2888
2889 2888 2886
2883 2887 2890
2879 2883 2890
2879 2890 2863
2879 2863 2876
2887 2862 2890
2890 2862 2863
2887 2860 2862
2888 2860 2887
2891 2885 2884
2891 2892 2885
2885 2892 2886
2889 2886 2892
2893 2889 2892
2892 2891 2893
2889 2893 2894
2893 2895 2894
2896 2895 2893
2895 2896 2897
2893 2891 2898
2896 2893 2898
2896 2898 2899
2899 2897 2896
2897 2899 2900
2860 2888 2854
2901 2897 2900
2897 2901 2818
2901 2817 2818
2895 2814 2894
2812 2894 2814
2894 2812 2889
2809 2889 2812
2889 2809 2888
2854 2888 2809
2814 2895 2816
2897 2816 2895
2816 2897 2818
2817 2901 2902
2903 2817 2902
2817 2903 2819
2903 2904 2819
2819 2904 2820
2820 2904 2905
2906 2820 2905
2905 2824 2906
2810 2820 2906
2905 2827 2824
2824 2821 2906
2810 2906 2821
2907 2908 2909
2910 2907 2909
2907 2911 2908
2912 2910 2909
2910 2912 2913
2914 2913 2912
2915 2913 2914
2915 2914 2916
2913 2915 2917
2913 2917 2910
2910 2917 2918
2919 2910 2918
2919 2911 2907
2919 2907 2910
2920 2911 2919
2920 2921 2911
2922 2921 2920
2923 2921 2922
2921 2923 2924
2921 2924 2925
2911 2921 2925
2911 2925 2926
2914 2927 2916
2914 2912 2928
2927 2914 2928
2929 2927 2928
2929 2928 2930
2931 2929 2930
2927 2929 2932
2932 2929 2933
2929 2931 2933
2928 2934 2930
2934 2928 2935
2928 2912 2935
2936 2935 2912
2937 2934 2935
2926 2925 2938
2926 2938 2939
2936 2908 2939
2939 2908 2926
2908 2936 2909
2936 2912 2909
2939 2938 2940
2940 2936 2939
2935 2940 2937
2940 2935 2936
2940 2941 2937
2940 2942 2941
2940 2938 2942
2931 2930 2943
2943 2933 2931
2944 2933 2943
2937 2945 2934
2946 2934 2945
2943 2930 2946
2934 2946 2930
2946 2945 2947
2948 2947 2945
2945 2949 2948
2950 2946 2947
2950 2947 2951
2951 2952 2950
2952 2953 2950
2954 2953 2944
2950 2953 2954
2943 2946 2954
2954 2946 2950
2954 2944 2943
2952 2951 2955
2951 2956 2955
2956 2951 2957
2947 2957 2951
2957 2947 2958
2948 2958 2947
2957 2958 2959
2959 2956 2957
2959 2958 2960
2948 2960 2958
2956 2959 2961
2959 2960 2962
2961 2959 2962
2963 2961 2962
2963 2962 2964
2965 2963 2964
2964 2966 2965
2966 2964 2967
2964 2968 2967
2962 2968 2964
2962 2969 2968
2969 2962 2960
2970 2969 2960
2969 2970 2971
2969 2971 2968
2960 2948 2970
2971 2972 2968
2968 2972 2973
2967 2968 2973
2949 2970 2948
2971 2970 2949
2974 2967 2973
2974 2966 2967
2966 2974 2975
2973 2972 2976
2976 2974 2973
2971 2949 2977
2941 2977 2949
2978 2974 2976
2974 2978 2975
2949 2937 2941
2949 2945 2937
2979 2975 2978
2980 2976 2972
2971 2980 2972
2977 2980 2971
2976 2980 2981
2981 2978 2976
2982 2981 2980
2977 2982 2980
2981 2982 2983
2982 2984 2983
2984 2982 2985
2985 2986 2984
2986 2985 2987
2988 2986 2987
2986 2988 2989
2925 2988 2987
2938 2925 2987
2987 2985 2938
2989 2988 2924
2924 2988 2925
2923 2989 2924
2989 2923 2990
2991 2989 2990
2989 2991 2986
2991 2984 2986
2991 2990 2992
2983 2993 2981
2978 2981 2993
2994 2978 2993
2995 2994 2993
2994 2995 2996
2997 2996 2995
2991 2998 2997
2996 2997 2998
2998 2991 2992
2993 2983 2995
2983 2997 2995
2997 2983 2984
2984 2991 2997
2978 2994 2979
2869 2999 2843
2847 2843 2999
2869 2843 2842
2926 2908 2911
2927 2932 2916
2982 2977 3000
2942 2982 3000
2982 2942 2985
2938 2985 2942
2941 2942 3000
3000 2977 2941
3001 3002 3003
3002 3001 3004
3002 3004 3005
3006 3003 3002
3006 3007 3003
3007 3006 3008
3006 3009 3008
3009 3006 3010
3011 3005 3004
3005 3011 3012
3001 3013 3004
3001 3014 3013
3014 3001 3015
3007 3014 3015
3016 3007 3008
3007 3016 3014
3008 3017 3016
3017 3008 3009
3018 3004 3013
3004 3018 3019
3004 3019 3011
3020 3013 3014
3013 3020 3021
3014 3022 3020
3022 3014 3016
3017 3023 3016
3023 3017 3024
3025 3018 3013
3025 3013 3021
3018 3025 3026
3027 3021 3020
3027 3020 3022
3021 3027 3028
3028 3025 3021
3029 3027 3022
3027 3029 3030
3023 3030 3029
3031 3023 3024
3023 3031 3030
3025 3028 3032
3028 3027 3033
3027 3030 3033
3030 3031 3033
3033 3032 3028
3029 3022 3034
3034 3023 3029
3016 3023 3034
3022 3016 3034
3035 3031 3024
3024 3036 3035
3036 3037 3035
3037 3036 3038
3039 3038 3036
3038 3039 3040
3039 3041 3040
3041 3039 3042
3037 3043 3035
3031 3035 3043
3031 3043 3033
3043 3037 3044
3043 3044 3033
3041 3042 3045
3042 3010 3045
3010 3006 3045
3006 3002 3045
3002 3005 3045
3005 3012 3045
3042 3009 3010
3009 3042 3039
3039 3017 3009
3017 3039 3036
3036 3024 3017
3046 3047 3048
3047 3046 3049
3050 3047 3049
3047 3050 3051
3049 3046 3052
3050 3049 3052
3053 3050 3052
3054 3050 3053
3050 3054 3055
3051 3050 3055
3053 3056 3054
3056 3053 3057
3057 3053 3052
3057 3058 3056
3058 3057 3059
3059 3057 3052
3060 3055 3054
3056 3060 3054
3055 3060 3061
3061 3051 3055
3060 3056 3062
3063 3061 3060
3062 3063 3060
3061 3063 3064
3064 3065 3061
3066 3061 3065
3051 3061 3066
3067 3066 3065
3068 3067 3065
3065 3064 3068
3067 3068 3069
3063 3062 3070
3062 3071 3070
3068 3072 3069
3072 3068 3073
3064 3073 3068
3073 3064 3074
3063 3074 3064
3074 3063 3075
3063 3076 3075
3076 3063 3070
3071 3076 3070
3076 3071 3077
3072 3073 3078
3073 3074 3078
3074 3075 3078
3075 3079 3078
3077 3078 3079
3075 3080 3079
3080 3077 3079
3076 3077 3080
3075 3076 3080
3081 3066 3067
3066 3081 3048
3046 3048 3081
3071 3082 3083
3083 3082 3084
3084 3085 3083
3086 3085 3084
3082 3086 3084
3062 3086 3082
3056 3086 3062
3086 3056 3058
3082 3071 3062
3066 3048 3087
3087 3051 3066
3047 3051 3087
3048 3047 3087
3015 3001 3088
3088 3007 3015
3003 3007 3088
3001 3003 3088
3089 3090 3091
3090 3089 3092
3090 3093 3091
3094 3090 3092
3095 3094 3092
3094 3095 3096
3097 3094 3096
3094 3097 3098
3097 3099 3098
3099 3097 3100
3093 3101 3091
3101 3093 3102
3089 3091 3103
3104 3089 3103
3089 3104 3105
3095 3105 3104
3106 3095 3104
3095 3106 3096
3096 3107 3097
3107 3096 3106
3107 3100 3097
3100 3107 3108
3103 3109 3104
3109 3103 3110
3104 3111 3106
3111 3104 3109
3112 3107 3106
3107 3112 3113
3113 3108 3107
3108 3113 3114
3110 3115 3109
3115 3111 3109
3115 3110 3116
3115 3117 3111
3117 3115 3118
3112 3117 3118
3119 3112 3118
3112 3119 3113
3119 3114 3113
3114 3119 3120
3121 3116 3110
3116 3121 3122
3116 3123 3115
3115 3123 3118
3118 3123 3119
3119 3123 3120
3123 3116 3122
3121 3110 3103
3124 3121 3103
3091 3124 3103
3124 3091 3125
3121 3124 3126
3091 3101 3125
3120 3127 3114
3127 3108 3114
3108 3127 3128
3128 3100 3108
3100 3128 3129
3130 3100 3129
3100 3130 3099
3130 3131 3099
3131 3098 3099
3098 3131 3094
3094 3131 3090
3090 3131 3093
3093 3131 3102
3127 3120 3132
3123 3132 3120
3133 3134 3135
3134 3133 3136
3134 3137 3135
3137 3134 3138
3135 3139 3133
3137 3139 3135
3140 3139 3137
3137 3141 3140
3141 3137 3142
3138 3142 3137
3143 3140 3141
3140 3143 3144
3144 3139 3140
3145 3144 3143
3144 3145 3146
3146 3139 3144
3142 3147 3141
3147 3143 3141
3147 3142 3148
3138 3148 3142
3143 3147 3149
3148 3150 3147
3150 3149 3147
3150 3148 3151
3152 3151 3148
3153 3152 3148
3148 3138 3153
3154 3152 3153
3154 3155 3152
3151 3152 3155
3155 3154 3156
3149 3150 3157
3149 3157 3158
3159 3155 3156
3155 3159 3160
3160 3151 3155
3151 3160 3161
3161 3150 3151
3150 3161 3162
3150 3163 3157
3163 3150 3162
3163 3158 3157
3158 3163 3164
3159 3165 3160
3160 3165 3161
3161 3165 3162
3162 3165 3166
3164 3166 3165
3162 3166 3167
3167 3166 3164
3163 3167 3164
3162 3167 3163
3153 3168 3154
3168 3153 3136
3133 3168 3136
3158 3169 3149
3149 3169 3170
3169 3171 3170
3172 3171 3169
3171 3172 3173
3170 3171 3173
3170 3143 3149
3143 3170 3145
3169 3158 3172
3153 3174 3136
3174 3153 3138
3134 3174 3138
3136 3174 3134
3117 3175 3111
3175 3117 3112
3106 3175 3112
3111 3175 3106
3105 3176 3089
3176 3105 3095
3092 3176 3095
3089 3176 3092
3177 3178 3179
3178 3177 3180
3181 3179 3178
3179 3181 3182
3183 3182 3181
3182 3183 3184
3185 3184 3183
3184 3185 3186
3183 3187 3185
3187 3183 3188
3181 3188 3183
3178 3188 3181
3178 3180 3189
3189 3180 3190
3190 3191 3189
3192 3189 3191
3191 3190 3193
3194 3191 3193
3192 3191 3194
3194 3195 3192
3195 3194 3196
3197 3196 3194
3193 3197 3194
3197 3193 3198
3196 3197 3199
3197 3200 3199
3200 3197 3201
3197 3198 3201
3201 3198 3202
3203 3200 3201
3201 3202 3203
3203 3202 3204
3205 3203 3204
3203 3205 3206
3200 3203 3206
3204 3207 3205
3207 3204 3208
3204 3209 3208
3204 3202 3209
3208 3210 3207
3210 3208 3211
3209 3202 3212
3213 3209 3212
3208 3209 3213
3208 3213 3214
3214 3213 3212
3208 3214 3211
3214 3215 3211
3215 3214 3216
3214 3212 3216
3217 3212 3202
3217 3218 3212
3218 3216 3212
3218 3219 3216
3215 3216 3219
3217 3220 3218
3221 3220 3217
3221 3217 3198
3218 3222 3219
3218 3220 3222
3193 3221 3198
3190 3221 3193
3190 3220 3221
3198 3217 3202
3180 3220 3190
3222 3220 3180
3222 3180 3177
3223 3219 3222
3223 3224 3219
3225 3219 3224
3225 3224 3226
3225 3226 3227
3223 3222 3228
3229 3223 3228
3230 3229 3228
3230 3231 3229
3229 3232 3223
3226 3224 3232
3223 3232 3224
3226 3232 3233
3234 3226 3233
3234 3227 3226
3234 3235 3227
3235 3236 3227
3236 3225 3227
3236 3235 3237
3235 3234 3238
3239 3238 3234
3239 3234 3240
3233 3232 3240
3234 3233 3240
3238 3239 3241
3242 3241 3239
3242 3239 3243
3240 3232 3243
3229 3243 3232
3231 3243 3229
3239 3240 3243
3244 3243 3231
3244 3242 3243
3241 3242 3245
3246 3242 3244
3242 3246 3245
3247 3246 3244
3246 3247 3248
3247 3249 3248
3249 3247 3250
3250 3247 3251
3250 3252 3249
3252 3250 3253
3253 3250 3251
3253 3251 3254
3254 3251 3255
3255 3256 3254
3257 3254 3256
3251 3258 3255
3247 3258 3251
3247 3231 3258
3247 3244 3231
3255 3258 3230
3258 3231 3230
3255 3230 3228
3256 3255 3228
3259 3252 3253
3259 3253 3260
3253 3254 3260
3257 3260 3254
3257 3261 3260
3260 3261 3259
3261 3257 3262
3261 3262 3263
3263 3264 3261
3264 3263 3265
3261 3266 3259
3264 3266 3261
3264 3267 3266
3265 3267 3264
3267 3265 3268
3228 3222 3256
3269 3268 3265
3265 3186 3269
3269 3186 3185
3182 3263 3262
3262 3179 3182
3179 3262 3257
3257 3177 3179
3177 3257 3256
3222 3177 3256
3263 3182 3184
3265 3184 3186
3184 3265 3263
3185 3270 3269
3185 3271 3270
3271 3185 3187
3271 3187 3272
3187 3188 3272
3188 3273 3272
3274 3273 3188
3273 3274 3192
3188 3178 3274
3273 3192 3195
3192 3274 3189
3178 3189 3274
3275 3276 3277
3278 3276 3275
3275 3277 3279
3278 3280 3276
3280 3278 3281
3282 3280 3281
3281 3283 3282
3283 3284 3282
3283 3281 3285
3281 3278 3285
3278 3286 3285
3287 3286 3278
3287 3275 3279
3287 3278 3275
3288 3287 3279
3288 3279 3289
3290 3288 3289
3289 3291 3290
3291 3289 3292
3289 3293 3292
3279 3293 3289
3279 3294 3293
3282 3284 3295
3282 3296 3280
3295 3296 3282
3296 3297 3280
3296 3298 3297
3298 3296 3299
3300 3299 3296
3300 3296 3295
3301 3299 3300
3295 3302 3300
3302 3303 3300
3300 3303 3301
3304 3280 3297
3305 3297 3298
3294 3306 3293
3294 3307 3306
3304 3307 3277
3307 3294 3277
3277 3276 3304
3304 3276 3280
3307 3308 3306
3308 3307 3304
3297 3305 3308
3308 3304 3297
3308 3305 3309
3308 3309 3310
3308 3310 3306
3301 3311 3299
3311 3301 3303
3311 3312 3299
3313 3311 3303
3311 3314 3312
3314 3311 3313
3314 3313 3315
3316 3314 3315
3314 3316 3312
3317 3316 3315
3317 3318 3316
3318 3317 3319
3320 3318 3319
3318 3320 3321
3321 3322 3318
3316 3318 3322
3316 3322 3312
3322 3321 3323
3321 3324 3323
3324 3321 3320
3324 3325 3323
3320 3326 3324
3327 3323 3325
3327 3322 3323
3327 3328 3322
3328 3327 3329
3324 3330 3325
3326 3330 3324
3331 3330 3326
3331 3332 3330
3333 3332 3331
3334 3332 3333
3332 3334 3335
3332 3335 3336
3330 3332 3336
3330 3336 3337
3337 3325 3330
3312 3322 3328
3298 3312 3328
3312 3298 3299
3305 3298 3328
3329 3305 3328
3337 3336 3338
3337 3338 3339
3338 3329 3339
3339 3325 3337
3325 3339 3327
3338 3336 3340
3336 3341 3340
3335 3341 3336
3329 3327 3339
3342 3341 3335
3334 3342 3335
3342 3334 3343
3341 3344 3340
3344 3341 3342
3338 3345 3329
3309 3329 3345
3329 3309 3305
3346 3344 3342
3342 3343 3346
3347 3346 3343
3344 3348 3340
3348 3344 3349
3346 3349 3344
3349 3350 3348
3350 3345 3348
3350 3349 3351
3352 3350 3351
3350 3352 3353
3354 3353 3352
3353 3354 3355
3356 3355 3354
3354 3357 3356
3293 3355 3356
3306 3355 3293
3355 3306 3353
3357 3292 3356
3292 3293 3356
3357 3291 3292
3291 3357 3358
3359 3358 3357
3357 3354 3359
3352 3359 3354
3359 3360 3358
3361 3351 3349
3349 3346 3361
3362 3361 3346
3362 3363 3361
3363 3362 3364
3364 3365 3363
3359 3365 3366
3365 3364 3366
3366 3360 3359
3351 3361 3363
3365 3351 3363
3351 3365 3352
3359 3352 3365
3346 3347 3362
3237 3211 3367
3215 3367 3211
3237 3210 3211
3294 3279 3277
3295 3284 3302
3338 3340 3348
3345 3338 3348
3345 3350 3368
3350 3310 3368
3310 3350 3353
3306 3310 3353
3309 3368 3310
3368 3309 3345
3369 3370 3371
3369 3372 3370
3372 3369 3373
3373 3374 3372
3374 3373 3375
3376 3374 3375
3374 3376 3377
3378 3373 3369
3373 3378 3379
3379 3375 3373
3378 3380 3379
3380 3378 3381
3382 3380 3381
3380 3382 3383
3380 3383 3384
3383 3382 3385
3384 3383 3386
3386 3383 3385
3374 3377 3387
3372 3374 3387
3372 3387 3388
3375 3389 3376
3375 3390 3389
3375 3391 3390
3385 3392 3386
3392 3393 3386
3386 3393 3394
3394 3384 3386
3393 3395 3394
3394 3395 3396
3394 3396 3397
3394 3397 3398
3393 3392 3399
3400 3399 3392
3399 3400 3401
3399 3402 3393
3399 3403 3402
3401 3403 3399
3403 3401 3404
3404 3401 3385
3405 3403 3404
3406 3405 3404
3407 3406 3404
3407 3404 3408
3408 3404 3385
3407 3408 3409
3408 3381 3409
3410 3409 3381
3381 3378 3410
3410 3411 3409
3409 3411 3412
3411 3413 3412
3413 3411 3414
3414 3415 3413
3415 3414 3371
3414 3411 3416
3411 3410 3416
3415 3371 3417
3417 3371 3370
3417 3370 3388
3388 3370 3372
3412 3418 3409
3409 3418 3419
3414 3416 3420
3420 3369 3414
3378 3369 3420
3369 3371 3414
3421 3419 3418
3412 3421 3418
3419 3407 3409
3422 3423 3424
3423 3422 3425
3425 3422 3426
3423 3427 3424
3427 3428 3424
3422 3429 3426
3430 3426 3429
3429 3431 3430
3432 3431 3429
3422 3432 3429
3431 3432 3433
3433 3434 3431
3434 3433 3435
3436 3435 3433
3436 3433 3432
3432 3437 3436
3437 3432 3438
3435 3436 3439
3440 3437 3438
3437 3440 3441
3442 3439 3441
3439 3442 3443
3439 3443 3435
3443 3444 3435
3435 3444 3445
3435 3445 3434
3444 3443 3446
3446 3443 3442
3442 3447 3446
3442 3448 3447
3434 3445 3449
3434 3449 3431
3449 3430 3431
3442 3450 3448
3451 3450 3442
3442 3441 3451
3451 3441 3440
3450 3452 3448
3452 3453 3448
3452 3454 3453
3452 3455 3454
3456 3455 3452
3456 3452 3450
3457 3456 3450
3451 3457 3450
3456 3457 3458
3455 3456 3459
3456 3460 3459
3460 3456 3461
3462 3461 3456
3462 3463 3451
3456 3463 3462
3463 3456 3458
3462 3464 3461
3464 3460 3461
3464 3462 3465
3440 3465 3462
3451 3440 3462
3465 3440 3466
3466 3440 3467
3464 3468 3460
3469 3464 3465
3469 3470 3464
3470 3471 3464
3471 3468 3464
3471 3472 3468
3473 3469 3465
3465 3474 3473
3465 3466 3474
3475 3468 3472
3468 3475 3460
3475 3459 3460
3476 3459 3475
3476 3455 3459
3477 3466 3467
3474 3466 3477
3440 3438 3467
3478 3473 3474
3479 3478 3474
3480 3479 3474
3481 3480 3474
3474 3477 3481
3477 3428 3481
3477 3424 3428
3424 3477 3482
3482 3438 3432
3482 3432 3483
3424 3482 3483
3422 3424 3483
3432 3422 3483
3391 3375 3484
3375 3485 3484
3485 3375 3379
3485 3486 3484
3486 3391 3484
3487 3486 3485
3391 3486 3487
3485 3488 3487
3488 3391 3487
3488 3485 3380
3380 3485 3379
3391 3488 3489
3490 3489 3488
3488 3491 3490
3492 3491 3488
3488 3493 3492
3493 3488 3494
3494 3495 3493
3495 3494 3384
3384 3488 3380
3488 3384 3494
3496 3495 3384
3496 3493 3495
3398 3493 3496
3493 3398 3497
3492 3493 3497
3398 3496 3394
3384 3394 3496
3491 3498 3490
3492 3498 3491
3391 3489 3390
3499 3500 3501
3502 3499 3501
3503 3499 3502
3500 3499 3503
3385 3504 3505
3505 3504 3381
3382 3504 3385
3504 3382 3381
3385 3505 3408
3408 3505 3381
3506 3507 3508
3506 3508 3509
3510 3506 3509
3507 3506 3510
3511 3512 3513
3512 3511 3514
3515 3512 3514
3513 3512 3515
3516 3517 3518
3516 3518 3519
3518 3520 3519
3517 3520 3518
3447 3521 3446
3522 3521 3447
3448 3522 3447
3441 3439 3523
3523 3439 3436
3437 3523 3436
3441 3523 3437
3524 3525 3526
3524 3527 3525
3527 3524 3528
3528 3529 3527
3529 3528 3530
3531 3529 3530
3529 3531 3532
3533 3528 3524
3528 3533 3534
3534 3530 3528
3533 3535 3534
3535 3533 3536
3537 3535 3536
3535 3537 3538
3535 3538 3539
3538 3537 3540
3539 3538 3541
3541 3538 3540
3529 3532 3542
3527 3529 3542
3527 3542 3543
3530 3544 3531
3530 3545 3544
3530 3546 3545
3540 3547 3541
3547 3548 3541
3541 3548 3549
3549 3539 3541
3548 3550 3549
3549 3550 3551
3549 3551 3552
3549 3552 3553
3548 3547 3554
3555 3554 3547
3554 3555 3556
3554 3557 3548
3554 3558 3557
3556 3558 3554
3558 3556 3559
3559 3556 3540
3560 3558 3559
3561 3560 3559
3562 3561 3559
3562 3559 3563
3563 3559 3540
3562 3563 3564
3563 3536 3564
3565 3564 3536
3536 3533 3565
3565 3566 3564
3564 3566 3567
3566 3568 3567
3568 3566 3569
3569 3570 3568
3570 3569 3526
3569 3566 3571
3566 3565 3571
3570 3526 3572
3572 3526 3525
3572 3525 3543
3543 3525 3527
3567 3573 3564
3564 3573 3574
3569 3571 3575
3575 3524 3569
3533 3524 3575
3524 3526 3569
3576 3574 3573
3567 3576 3573
3574 3562 3564
3577 3578 3579
3578 3577 3580
3580 3577 3581
3578 3582 3579
3582 3583 3579
3577 3584 3581
3585 3581 3584
3584 3586 3585
3587 3586 3584
3577 3587 3584
3586 3587 3588
3588 3589 3586
3589 3588 3590
3591 3590 3588
3591 3588 3587
3587 3592 3591
3592 3587 3593
3590 3591 3594
3595 3592 3593
3592 3595 3596
3597 3594 3596
3594 3597 3598
3594 3598 3590
3598 3599 3590
3590 3599 3600
3590 3600 3589
3599 3598 3601
3601 3598 3597
3597 3602 3601
3597 3603 3602
3589 3600 3604
3589 3604 3586
3604 3585 3586
3597 3605 3603
3606 3605 3597
3597 3596 3606
3606 3596 3595
3605 3607 3603
3607 3608 3603
3607 3609 3608
3607 3610 3609
3611 3610 3607
3611 3607 3605
3612 3611 3605
3606 3612 3605
3611 3612 3613
3610 3611 3614
3611 3615 3614
3615 3611 3616
3617 3616 3611
3617 3618 3606
3611 3618 3617
3618 3611 3613
3617 3619 3616
3619 3615 3616
3619 3617 3620
3595 3620 3617
3606 3595 3617
3620 3595 3621
3621 3595 3622
3619 3623 3615
3624 3619 3620
3624 3625 3619
3625 3626 3619
3626 3623 3619
3626 3627 3623
3628 3624 3620
3620 3629 3628
3620 3621 3629
3630 3623 3627
3623 3630 3615
3630 3614 3615
3631 3614 3630
3631 3610 3614
3632 3621 3622
3629 3621 3632
3595 3593 3622
3633 3628 3629
3634 3633 3629
3635 3634 3629
3636 3635 3629
3629 3632 3636
3632 3583 3636
3632 3579 3583
3579 3632 3637
3637 3593 3587
3637 3587 3638
3579 3637 3638
3577 3579 3638
3587 3577 3638
3546 3530 3639
3530 3640 3639
3640 3530 3534
3640 3641 3639
3641 3546 3639
3642 3641 3640
3546 3641 3642
3640 3643 3642
3643 3546 3642
3643 3640 3535
3535 3640 3534
3546 3643 3644
3645 3644 3643
3643 3646 3645
3647 3646 3643
3643 3648 3647
3648 3643 3649
3649 3650 3648
3650 3649 3539
3539 3643 3535
3643 3539 3649
3651 3650 3539
3651 3648 3650
3553 3648 3651
3648 3553 3652
3647 3648 3652
3553 3651 3549
3539 3549 3651
3646 3653 3645
3647 3653 3646
3546 3644 3545
3654 3655 3656
3657 3654 3656
3658 3654 3657
3655 3654 3658
3540 3659 3660
3660 3659 3536
3537 3659 3540
3659 3537 3536
3540 3660 3563
3563 3660 3536
3661 3662 3663
3661 3663 3664
3665 3661 3664
3662 3661 3665
3666 3667 3668
3667 3666 3669
3670 3667 3669
3668 3667 3670
3671 3672 3673
3671 3673 3674
3673 3675 3674
3672 3675 3673
3602 3676 3601
3677 3676 3602
3603 3677 3602
3596 3594 3678
3678 3594 3591
3592 3678 3591
3596 3678 3592
3679 3680 3681
3682 3679 3681
3679 3682 3683
3684 3683 3682
3683 3684 3685
3684 3686 3685
3686 3684 3687
3683 3688 3679
3688 3683 3689
3689 3683 3685
3690 3688 3689
3688 3690 3691
3690 3692 3691
3692 3690 3693
3690 3694 3693
3693 3695 3692
3694 3696 3693
3696 3695 3693
3684 3697 3687
3682 3697 3684
3682 3698 3697
3685 3686 3699
3685 3699 3700
3701 3685 3700
3685 3701 3702
3695 3696 3703
3704 3703 3696
3696 3705 3704
3694 3705 3696
3704 3705 3706
3705 3707 3706
3705 3708 3707
3705 3709 3708
3703 3704 3710
3711 3703 3710
3710 3712 3711
3710 3704 3713
3710 3713 3714
3714 3712 3710
3712 3714 3715
3715 3695 3712
3716 3715 3714
3717 3715 3716
3718 3715 3717
3718 3719 3715
3719 3695 3715
3718 3720 3719
3719 3720 3691
3721 3691 3720
3691 3721 3688
3721 3720 3722
3720 3723 3722
3724 3722 3723
3722 3724 3725
3726 3725 3724
3725 3726 3680
3725 3727 3722
3722 3727 3721
3726 3728 3680
3728 3681 3680
3728 3698 3681
3698 3682 3681
3723 3720 3729
3720 3730 3729
3725 3731 3727
3731 3725 3679
3688 3731 3679
3679 3725 3680
3732 3729 3730
3723 3729 3732
3730 3720 3718
3733 3734 3735
3734 3733 3736
3735 3737 3733
3734 3736 3738
3738 3736 3739
3733 3737 3740
3741 3740 3737
3740 3741 3742
3742 3743 3740
3743 3733 3740
3743 3742 3744
3745 3744 3742
3744 3745 3746
3743 3744 3747
3746 3747 3744
3745 3742 3748
3748 3742 3741
3745 3748 3749
3746 3745 3749
3746 3749 3750
3750 3751 3746
3752 3746 3751
3747 3746 3752
3751 3750 3753
3754 3752 3751
3753 3754 3751
3752 3754 3755
3754 3753 3756
3754 3756 3757
3754 3757 3758
3759 3754 3758
3754 3759 3755
3758 3757 3760
3760 3757 3761
3760 3761 3762
3760 3762 3763
3763 3764 3760
3764 3758 3760
3764 3765 3758
3759 3758 3765
3765 3764 3766
3764 3763 3767
3768 3764 3767
3764 3768 3769
3770 3764 3769
3770 3759 3771
3764 3771 3766
3771 3764 3770
3772 3770 3769
3772 3769 3768
3770 3772 3773
3773 3774 3770
3759 3770 3774
3774 3773 3775
3775 3776 3774
3772 3768 3777
3778 3773 3772
3778 3772 3779
3779 3772 3780
3780 3772 3777
3780 3777 3781
3782 3773 3778
3773 3782 3783
3773 3783 3775
3784 3777 3768
3777 3784 3781
3784 3768 3767
3785 3784 3767
3785 3767 3763
3786 3776 3775
3783 3786 3775
3774 3776 3787
3788 3783 3782
3789 3783 3788
3790 3783 3789
3791 3783 3790
3783 3791 3786
3786 3791 3739
3786 3739 3736
3736 3792 3786
3792 3743 3787
3792 3793 3743
3736 3793 3792
3733 3793 3736
3733 3743 3793
3743 3794 3787
3794 3774 3787
3774 3794 3755
3759 3774 3755
3755 3794 3795
3755 3795 3752
3795 3747 3752
3794 3747 3795
3794 3743 3747
3796 3797 3798
3797 3796 3690
3701 3796 3798
3796 3701 3799
3800 3796 3799
3796 3800 3801
3802 3796 3801
3796 3694 3690
3694 3796 3803
3804 3694 3803
3803 3805 3804
3796 3805 3803
3805 3796 3802
3802 3806 3805
3709 3805 3806
3805 3709 3807
3807 3694 3804
3807 3804 3805
3709 3705 3807
3705 3694 3807
3801 3800 3808
3802 3801 3808
3701 3798 3809
3809 3702 3701
3797 3702 3809
3797 3685 3702
3685 3797 3689
3798 3797 3809
3690 3689 3797
3810 3811 3812
3813 3811 3810
3814 3813 3810
3812 3814 3810
3695 3815 3816
3815 3691 3816
3692 3695 3816
3816 3691 3692
3695 3719 3815
3719 3691 3815
3817 3818 3819
3817 3820 3818
3821 3820 3817
3819 3821 3817
3822 3823 3824
3824 3825 3822
3826 3825 3824
3823 3826 3824
3827 3828 3829
3827 3830 3828
3828 3830 3831
3829 3828 3831
3756 3753 3832
3833 3756 3832
3757 3756 3833
3701 3700 3799
3834 3835 3836
3837 3834 3836
3834 3837 3838
3839 3838 3837
3838 3839 3840
3839 3841 3840
3841 3839 3842
3838 3843 3834
3843 3838 3844
3844 3838 3840
3845 3843 3844
3843 3845 3846
3845 3847 3846
3847 3845 3848
3845 3849 3848
3848 3850 3847
3849 3851 3848
3851 3850 3848
3839 3852 3842
3837 3852 3839
3837 3853 3852
3840 3841 3854
3840 3854 3855
3856 3840 3855
3840 3856 3857
3850 3851 3858
3859 3858 3851
3851 3860 3859
3849 3860 3851
3859 3860 3861
3860 3862 3861
3860 3863 3862
3860 3864 3863
3858 3859 3865
3866 3858 3865
3865 3867 3866
3865 3859 3868
3865 3868 3869
3869 3867 3865
3867 3869 3870
3870 3850 3867
3871 3870 3869
3872 3870 3871
3873 3870 3872
3873 3874 3870
3874 3850 3870
3873 3875 3874
3874 3875 3846
3876 3846 3875
3846 3876 3843
3876 3875 3877
3875 3878 3877
3879 3877 3878
3877 3879 3880
3881 3880 3879
3880 3881 3835
3880 3882 3877
3877 3882 3876
3881 3883 3835
3883 3836 3835
3883 3853 3836
3853 3837 3836
3878 3875 3884
3875 3885 3884
3880 3886 3882
3886 3880 3834
3843 3886 3834
3834 3880 3835
3887 3884 3885
3878 3884 3887
3885 3875 3873
3888 3889 3890
3889 3888 3891
3890 3892 3888
3889 3891 3893
3893 3891 3894
3888 3892 3895
3896 3895 3892
3895 3896 3897
3897 3898 3895
3898 3888 3895
3898 3897 3899
3900 3899 3897
3899 3900 3901
3898 3899 3902
3901 3902 3899
3900 3897 3903
3903 3897 3896
3900 3903 3904
3901 3900 3904
3901 3904 3905
3905 3906 3901
3907 3901 3906
3902 3901 3907
3906 3905 3908
3909 3907 3906
3908 3909 3906
3907 3909 3910
3909 3908 3911
3909 3911 3912
3909 3912 3913
3914 3909 3913
3909 3914 3910
3913 3912 3915
3915 3912 3916
3915 3916 3917
3915 3917 3918
3918 3919 3915
3919 3913 3915
3919 3920 3913
3914 3913 3920
3920 3919 3921
3919 3918 3922
3923 3919 3922
3919 3923 3924
3925 3919 3924
3925 3914 3926
3919 3926 3921
3926 3919 3925
3927 3925 3924
3927 3924 3923
3925 3927 3928
3928 3929 3925
3914 3925 3929
3929 3928 3930
3930 3931 3929
3927 3923 3932
3933 3928 3927
3933 3927 3934
3934 3927 3935
3935 3927 3932
3935 3932 3936
3937 3928 3933
3928 3937 3938
3928 3938 3930
3939 3932 3923
3932 3939 3936
3939 3923 3922
3940 3939 3922
3940 3922 3918
3941 3931 3930
3938 3941 3930
3929 3931 3942
3943 3938 3937
3944 3938 3943
3945 3938 3944
3946 3938 3945
3938 3946 3941
3941 3946 3894
3941 3894 3891
3891 3947 3941
3947 3898 3942
3947 3948 3898
3891 3948 3947
3888 3948 3891
3888 3898 3948
3898 3949 3942
3949 3929 3942
3929 3949 3910
3914 3929 3910
3910 3949 3950
3910 3950 3907
3950 3902 3907
3949 3902 3950
3949 3898 3902
3951 3952 3953
3952 3951 3845
3856 3951 3953
3951 3856 3954
3955 3951 3954
3951 3955 3956
3957 3951 3956
3951 3849 3845
3849 3951 3958
3959 3849 3958
3958 3960 3959
3951 3960 3958
3960 3951 3957
3957 3961 3960
3864 3960 3961
3960 3864 3962
3962 3849 3959
3962 3959 3960
3864 3860 3962
3860 3849 3962
3956 3955 3963
3957 3956 3963
3856 3953 3964
3964 3857 3856
3952 3857 3964
3952 3840 3857
3840 3952 3844
3953 3952 3964
3845 3844 3952
3965 3966 3967
3968 3966 3965
3969 3968 3965
3967 3969 3965
3850 3970 3971
3970 3846 3971
3847 3850 3971
3971 3846 3847
3850 3874 3970
3874 3846 3970
3972 3973 3974
3972 3975 3973
3976 3975 3972
3974 3976 3972
3977 3978 3979
3979 3980 3977
3981 3980 3979
3978 3981 3979
3982 3983 3984
3982 3985 3983
3983 3985 3986
3984 3983 3986
3911 3908 3987
3988 3911 3987
3912 3911 3988
3856 3855 3954
3989 83 3990
83 81 3990
81 82 3990
82 3991 3990
3991 3989 3990
3989 3992 83
3992 84 83
3993 84 3992
3989 3993 3992
3994 3995 3996
3996 3997 3994
3998 3995 3994
3999 3998 3994
4000 3999 3994
4001 4000 3994
4002 4001 3994
3994 3997 4003
3997 4004 4003
4004 3997 4005
4006 3997 3996
3997 4006 4005
4006 4007 4005
4008 4005 4007
4004 4005 4008
4009 3996 3995
3996 4009 4006
3998 4009 3995
4009 3998 4010
3999 4010 3998
4010 3999 4011
4000 4011 3999
4011 4000 4012
4001 4012 4000
4012 4001 4013
4001 4014 4013
4014 4001 4002
4015 4011 4012
4012 4016 4015
4016 4012 4013
4013 4017 4016
4013 4014 4017
4011 4015 4018
4011 4018 4019
4011 4019 4010
4006 4020 4007
4021 4022 4023
4024 4021 4023
4021 4024 4025
4026 4025 4024
4025 4026 4027
4027 4028 4025
4028 4027 4029
4030 4026 4024
4026 4030 4031
4032 4031 4030
4031 4032 4033
4034 4032 4030
4027 4035 4029
4036 4031 4033
4037 4036 4033
4036 4037 4038
4039 4036 4038
4040 4036 4039
4031 4036 4040
4040 4026 4031
4039 4035 4041
4035 4027 4041
4041 4042 4039
4039 4042 4040
4027 4042 4041
4039 4038 4043
4043 4044 4039
4045 4035 4039
4043 4046 4044
4046 4043 4047
4047 4038 4037
4038 4047 4043
4048 4046 4047
4026 4040 4042
4042 4027 4026
4049 4035 4045
4035 4049 4029
4050 4029 4049
4029 4050 4028
4050 4051 4028
4051 4025 4028
4025 4051 4021
4052 4021 4051
4021 4052 4022
4051 4053 4052
4051 4050 4053
4047 4054 4048
4055 4048 4054
4056 4055 4054
4054 4037 4056
4055 4056 4057
4037 4033 4056
4032 4057 4056
4033 4032 4056
4057 4032 4034
4058 4057 4034
4059 4058 4034
4037 4054 4047
4060 4058 4059
4061 4058 4060
4058 4061 4062
4063 4062 4061
4061 4064 4063
4065 4064 4061
4061 4066 4065
4061 4060 4066
4067 4065 4066
4065 4067 4068
4068 4069 4065
4069 4064 4065
4060 4070 4066
4059 4070 4060
4023 4067 4066
4070 4023 4066
4023 4022 4067
4064 4069 4071
4071 4069 4072
4073 4071 4072
4071 4073 4074
4075 4071 4074
4073 4076 4074
4076 4073 4077
4076 4077 4078
4078 4079 4076
4076 4079 4080
4075 4074 4080
4076 4080 4074
4081 4079 4078
4082 4081 4078
4083 4081 4082
4081 4083 4084
4079 4084 4080
4084 4079 4081
4083 4085 4084
4080 4084 4085
4075 4080 4085
4086 4083 4082
4078 4086 4082
4083 4086 4087
4083 4087 4088
4083 4088 4085
4073 4089 4077
4077 4089 4078
4078 4089 4090
4089 4091 4090
4091 4089 4092
4089 4073 4092
4073 4072 4092
4091 4093 4090
4093 4091 4094
4090 4093 4078
4072 4095 4092
4072 4096 4095
4096 4097 4095
4097 4096 4098
4098 4099 4097
4099 4098 4100
4097 4101 4095
4092 4095 4101
4099 4102 4097
4099 4103 4102
4103 4099 4104
4104 4099 4105
4104 4105 4106
4102 4103 4107
4108 4101 4097
4102 4108 4097
4109 4098 4096
4098 4109 4110
4110 4100 4098
4100 4110 4111
4096 4112 4109
4109 4113 4110
4113 4109 4114
4114 4109 4112
4115 4114 4112
4115 4116 4114
4117 4115 4112
4068 4117 4112
4117 4068 4067
4022 4117 4067
4117 4022 4118
4068 4112 4096
4119 4117 4118
4117 4119 4120
4115 4117 4120
4121 4120 4119
4122 4121 4119
4123 4121 4122
4122 4124 4123
4124 4125 4123
4125 4124 4126
4127 4126 4124
4126 4127 4128
4125 4129 4123
4129 4125 4130
4130 4131 4129
4131 4130 4132
4126 4128 4133
4130 4134 4132
4134 4135 4132
4135 4134 4136
4137 4136 4134
4138 4137 4134
4134 4130 4138
4125 4138 4130
4137 4139 4133
4133 4139 4126
4139 4137 4140
4137 4138 4140
4138 4125 4140
4126 4140 4125
4140 4126 4139
4137 4141 4136
4141 4137 4142
4143 4137 4133
4144 4141 4142
4141 4144 4145
4136 4145 4135
4145 4136 4141
4146 4145 4144
4133 4147 4143
4147 4133 4128
4128 4148 4147
4148 4128 4127
4148 4127 4149
4124 4149 4127
4149 4124 4122
4150 4149 4122
4122 4119 4150
4149 4150 4151
4149 4151 4148
4145 4146 4152
4146 4153 4152
4153 4154 4152
4152 4154 4135
4135 4145 4152
4154 4153 4155
4153 4146 4156
4155 4131 4154
4154 4131 4132
4135 4154 4132
4131 4155 4157
4158 4157 4155
4157 4158 4159
4157 4129 4131
4160 4159 4158
4161 4160 4158
4161 4162 4160
4158 4163 4161
4161 4163 4164
4164 4165 4161
4166 4161 4165
4161 4166 4162
4166 4120 4162
4120 4166 4115
4121 4162 4120
4116 4166 4165
4115 4166 4116
4165 4167 4116
4167 4168 4116
4169 4168 4167
4167 4170 4169
4171 4170 4167
4172 4169 4170
4169 4172 4173
4172 4174 4173
4174 4172 4175
4172 4176 4175
4171 4176 4170
4172 4170 4176
4177 4174 4175
4178 4174 4177
4177 4179 4178
4179 4177 4180
4180 4175 4176
4175 4180 4177
4179 4180 4181
4176 4181 4180
4171 4181 4176
4179 4182 4178
4174 4178 4182
4182 4179 4183
4179 4184 4183
4179 4181 4184
4185 4169 4173
4173 4174 4185
4169 4185 4186
4169 4186 4168
4185 4187 4186
4187 4185 4188
4189 4187 4188
4187 4189 4190
4188 4174 4189
4174 4188 4185
4168 4186 4191
4168 4191 4114
4192 4114 4191
4114 4192 4113
4193 4113 4192
4113 4193 4194
4192 4191 4195
4186 4195 4191
4193 4192 4196
4193 4196 4197
4197 4198 4193
4196 4199 4197
4200 4192 4195
4196 4192 4200
4194 4110 4113
4110 4194 4111
4198 4201 4193
4201 4202 4193
4203 4202 4201
4198 4203 4201
4168 4114 4116
4204 4205 4206
4207 4206 4205
4205 4204 4208
4209 4204 4206
4209 4210 4204
4211 4204 4210
4206 4212 4209
4212 4206 4213
4214 4211 4210
4211 4214 4215
4215 4214 4216
4214 4217 4216
4217 4210 4209
4210 4217 4214
4216 4218 4215
4218 4211 4215
4217 4219 4216
4219 4209 4212
4209 4219 4217
4220 4218 4216
4221 4220 4216
4222 4221 4216
4211 4218 4223
4220 4223 4218
4223 4224 4211
4224 4223 4225
4221 4225 4220
4223 4220 4225
4222 4226 4221
4225 4221 4226
4226 4222 4227
4225 4228 4224
4228 4225 4229
4225 4230 4229
4230 4225 4231
4227 4231 4226
4226 4231 4225
4232 4229 4230
4229 4232 4233
4233 4228 4229
4234 4233 4232
4235 4233 4234
4228 4233 4235
4234 4236 4235
4236 4228 4235
4228 4236 4237
4228 4237 4224
4237 4238 4224
4236 4239 4237
4237 4240 4238
4240 4237 4239
4231 4227 4241
4234 4242 4236
4234 4232 4243
4242 4234 4243
4244 4230 4231
4230 4244 4245
4245 4232 4230
4232 4245 4243
4236 4246 4239
4246 4240 4239
4240 4246 4247
4246 4248 4247
4248 4244 4249
4249 4250 4248
4249 4251 4250
4251 4249 4252
4253 4251 4252
4251 4253 4254
4254 4250 4251
4254 4253 4255
4255 4253 4256
4257 4253 4252
4249 4257 4252
4257 4249 4244
4258 4253 4257
4244 4258 4257
4259 4253 4258
4250 4254 4260
4255 4260 4254
4250 4260 4261
4262 4261 4260
4260 4255 4262
4256 4262 4255
4262 4256 4263
4263 4264 4262
4262 4264 4261
4261 4264 4265
4266 4265 4264
4264 4263 4213
4267 4259 4258
4259 4267 4268
4258 4244 4267
4265 4269 4261
4231 4268 4267
4267 4244 4231
4268 4231 4241
4264 4270 4266
4270 4264 4213
4206 4270 4213
4270 4206 4207
4244 4271 4245
4271 4244 4248
4271 4248 4246
4271 4243 4245
4243 4271 4242
4236 4242 4271
4271 4246 4236
4272 4273 4048
4273 4272 4274
4272 4275 4274
4048 4055 4272
4048 4273 4046
4276 4277 4278
4279 4276 4278
4276 4279 4280
4278 4277 4281
4279 4278 4281
4281 4282 4279
4283 4282 4281
4277 4283 4281
4283 4284 4282
4285 4282 4284
4279 4282 4285
4285 4280 4279
4286 4285 4284
4287 4286 4284
4286 4287 4288
4287 4289 4288
4289 4287 4290
4285 4286 4291
4292 4285 4291
4285 4292 4293
4280 4285 4293
4292 4294 4293
4294 4292 4295
4295 4290 4294
4290 4295 4289
4296 4293 4294
4290 4296 4294
4293 4296 4280
4296 4290 4297
4296 4297 4298
4299 4298 4297
4299 4297 4300
4290 4300 4297
4300 4290 4287
4299 4300 4301
4301 4302 4299
4302 4301 4303
4302 4303 4304
4305 4302 4304
4305 4299 4302
4298 4299 4305
4306 4305 4304
4306 4298 4305
4307 4306 4304
4308 4306 4307
4306 4308 4309
4298 4306 4309
4307 4310 4308
4311 4308 4310
4312 4311 4310
4310 4307 4313
4313 4307 4304
4314 4313 4304
4315 4313 4314
4312 4310 4315
4313 4315 4310
4314 4316 4315
4316 4314 4317
4317 4314 4304
4318 4316 4317
4304 4318 4317
4316 4318 4319
4320 4316 4319
4321 4316 4320
4315 4321 4312
4321 4315 4316
4308 4322 4309
4308 4323 4322
4323 4324 4322
4324 4309 4322
4324 4325 4309
4325 4298 4309
4325 4326 4298
4298 4326 4296
4320 4319 4327
4024 4023 4328
4328 4023 4329
4030 4024 4328
4030 4328 4329
4070 4329 4023
4329 4070 4330
4070 4059 4330
4059 4331 4330
4331 4329 4330
4331 4030 4329
4332 4331 4059
4030 4331 4332
4034 4030 4332
4034 4332 4059
4333 4334 4064
4334 4063 4064
4064 4071 4333
4071 4075 4333
4335 4336 4337
4338 4336 4335
4339 4336 4338
4337 4336 4339
4340 4337 4339
4340 4339 4341
4339 4338 4341
4072 4069 4096
4068 4096 4069
4091 4342 4094
4343 4344 4345
4344 4343 4346
4347 4343 4345
4348 4343 4347
4349 4343 4348
4350 4343 4349
4351 4343 4350
4343 4352 4346
4353 4346 4352
4346 4353 4354
4355 4346 4354
4346 4355 4344
4355 4354 4356
4357 4356 4354
4353 4357 4354
4358 4344 4355
4344 4358 4345
4358 4347 4345
4347 4358 4359
4359 4348 4347
4348 4359 4360
4360 4349 4348
4349 4360 4361
4361 4350 4349
4350 4361 4362
4363 4350 4362
4350 4363 4351
4362 4364 4363
4360 4365 4361
4361 4365 4366
4366 4362 4361
4362 4366 4364
4365 4360 4367
4360 4368 4367
4360 4359 4368
4355 4356 4369
4370 4156 4146
4156 4370 4371
4156 4371 4372
4146 4144 4370
4373 4374 4129
4374 4375 4129
4159 4374 4373
4375 4374 4376
4374 4159 4376
4377 4375 4376
4159 4377 4376
4375 4377 4121
4162 4121 4377
4375 4121 4378
4375 4378 4129
4123 4129 4378
4121 4123 4378
4160 4162 4377
4377 4159 4160
4159 4373 4157
4157 4373 4129
4379 4380 4381
4382 4380 4379
4379 4383 4382
4383 4384 4382
4384 4383 4385
4382 4384 4386
4387 4382 4386
4380 4387 4381
4382 4387 4380
4388 4387 4386
4381 4387 4388
4389 4385 4383
4385 4389 4390
4388 4386 4391
4391 4386 4384
4389 4392 4390
4392 4389 4393
4394 4393 4389
4395 4393 4394
4395 4396 4393
4396 4392 4393
4396 4391 4397
4392 4396 4397
4394 4398 4395
4394 4399 4398
4399 4394 4400
4399 4401 4398
4398 4401 4402
4398 4402 4395
4402 4403 4395
4395 4403 4396
4403 4404 4396
4403 4402 4405
4402 4401 4405
4406 4401 4399
4407 4401 4406
4406 4408 4407
4408 4406 4409
4409 4399 4400
4399 4409 4406
4410 4408 4409
4411 4408 4410
4412 4401 4407
4413 4412 4407
4411 4413 4408
4407 4408 4413
4414 4412 4413
4412 4414 4415
4415 4401 4412
4414 4416 4415
4401 4415 4416
4416 4414 4417
4413 4411 4418
4418 4414 4413
4418 4419 4414
4419 4417 4414
4419 4420 4417
4400 4421 4409
4400 4422 4421
4422 4400 4423
4400 4394 4423
4394 4424 4423
4389 4424 4394
4422 4425 4421
4421 4425 4409
4426 4427 4428
4429 4426 4428
4430 4429 4428
4427 4430 4428
4431 4430 4427
4431 4432 4430
4430 4432 4429
4187 4190 4433
4167 4165 4434
4165 4435 4434
4435 4165 4164
4171 4167 4434
4436 4437 4438
4439 4436 4438
4440 4436 4439
4436 4440 4441
4442 4436 4441
4437 4436 4442
4384 4439 4438
4437 4384 4438
4439 4384 4385
4384 4437 4391
4397 4437 4442
4437 4397 4391
4441 4397 4442
4397 4441 4392
4440 4392 4441
4392 4440 4390
4439 4390 4440
4390 4439 4385
4300 4287 4284
4300 4443 4301
4291 4444 4292
4444 4291 4286
4288 4444 4286
4289 4444 4288
4444 4289 4295
4292 4444 4295
4105 4445 4106
4099 4445 4105
4446 4447 4448
4447 4446 4449
4449 4450 4447
4450 4449 4451
4448 4452 4446
4452 4448 4453
4451 4454 4450
4454 4451 4455
4456 4454 4455
4457 4455 4451
4451 4458 4457
4458 4451 4449
4457 4458 4459
4449 4460 4458
4460 4449 4446
4446 4461 4460
4461 4446 4452
4458 4462 4459
4462 4458 4460
4461 4462 4460
4461 4463 4462
4462 4464 4459
4459 4464 4465
4462 4466 4464
4466 4462 4463
4467 4466 4463
4468 4467 4463
4468 4463 4461
4469 4468 4461
4456 4455 4470
4471 4470 4455
4457 4471 4455
4471 4457 4472
4471 4472 4465
4465 4472 4459
4469 4461 4452
4473 4469 4452
4473 4452 4453
4472 4457 4459
4474 4475 4476
4477 4476 4475
4478 4476 4477
4479 4478 4477
4477 4480 4479
4480 4477 4481
4481 4482 4480
4482 4481 4483
4481 4477 4484
4484 4483 4481
4477 4475 4484
4484 4475 4485
4475 4474 4485
4483 4484 4486
4486 4484 4487
4484 4485 4487
4488 4480 4482
4480 4488 4489
4479 4480 4489
4478 4479 4490
4482 4491 4488
4492 4488 4491
4488 4492 4493
4489 4488 4493
4494 4489 4493
4495 4494 4493
4490 4496 4494
4496 4489 4494
4497 4495 4493
4497 4493 4492
4491 4482 4498
4483 4498 4482
4479 4496 4490
4479 4489 4496
4499 4486 4487
4499 4500 4486
4501 4486 4500
4498 4483 4501
4486 4501 4483
