byte offset: 0
first index: 0
index count: 2400
topology: trianglelist
format: DXGI_FORMAT_R16_UINT

0 1 2
1 0 3
4 2 1
2 4 5
6 5 4
5 6 7
8 7 6
7 8 9
10 9 8
9 10 11
12 11 10
11 12 13
14 13 12
13 14 15
16 15 14
15 16 17
18 17 16
17 18 19
20 19 18
19 20 21
9 22 7
23 7 22
7 23 5
24 5 23
5 24 2
25 2 24
2 25 0
17 26 15
27 15 26
15 27 13
28 13 27
13 28 11
29 11 28
22 9 29
11 29 9
24 30 25
30 24 31
23 31 24
31 23 32
22 32 23
32 22 33
29 33 22
33 29 34
28 34 29
34 28 35
27 35 28
35 27 36
26 36 27
36 26 37
38 37 26
26 17 38
19 38 17
38 19 39
21 39 19
39 21 40
37 38 41
39 41 38
41 39 42
40 42 39
42 40 43
34 44 33
45 33 44
33 45 32
46 32 45
32 46 31
47 31 46
31 47 30
42 48 41
49 41 48
41 49 37
50 37 49
37 50 36
51 36 50
36 51 35
52 35 51
44 34 52
35 52 34
46 53 47
53 46 54
45 54 46
54 45 55
44 55 45
55 44 56
52 56 44
56 52 57
51 57 52
57 51 58
50 58 51
58 50 59
49 59 50
59 49 60
48 60 49
60 48 61
62 61 48
48 42 62
43 62 42
62 43 63
61 62 64
63 64 62
64 63 65
56 66 55
67 55 66
55 67 54
68 54 67
54 68 53
61 69 60
70 60 69
60 70 59
71 59 70
59 71 58
72 58 71
58 72 57
73 57 72
66 56 73
57 73 56
67 74 68
74 67 75
66 75 67
75 66 76
73 76 66
76 73 77
72 77 73
77 72 78
71 78 72
78 71 79
70 79 71
79 70 80
69 80 70
80 69 81
82 81 69
69 61 82
64 82 61
82 64 83
65 83 64
83 65 84
81 82 85
83 85 82
85 83 86
84 86 83
86 84 87
78 88 77
89 77 88
77 89 76
90 76 89
76 90 75
91 75 90
75 91 74
86 92 85
93 85 92
85 93 81
94 81 93
81 94 80
95 80 94
80 95 79
96 79 95
88 78 96
79 96 78
90 97 91
97 90 98
89 98 90
98 89 99
88 99 89
99 88 100
96 100 88
100 96 101
95 101 96
101 95 102
94 102 95
102 94 103
93 103 94
103 93 104
92 104 93
104 92 105
106 105 92
92 86 106
87 106 86
106 87 107
105 106 108
107 108 106
108 107 109
100 110 99
111 99 110
99 111 98
112 98 111
98 112 97
105 113 104
114 104 113
104 114 103
115 103 114
103 115 102
116 102 115
102 116 101
117 101 116
110 100 117
101 117 100
111 118 112
118 111 119
110 119 111
119 110 120
117 120 110
120 117 121
116 121 117
121 116 122
115 122 116
122 115 123
114 123 115
123 114 124
113 124 114
124 113 125
126 125 113
113 105 126
108 126 105
126 108 127
109 127 108
127 109 128
125 126 129
127 129 126
129 127 130
128 130 127
130 128 131
122 132 121
133 121 132
121 133 120
134 120 133
120 134 119
135 119 134
119 135 118
130 136 129
137 129 136
129 137 125
138 125 137
125 138 124
139 124 138
124 139 123
140 123 139
132 122 140
123 140 122
134 141 135
141 134 142
133 142 134
142 133 143
132 143 133
143 132 144
140 144 132
144 140 145
139 145 140
145 139 146
138 146 139
146 138 147
137 147 138
147 137 148
136 148 137
148 136 149
150 149 136
136 130 150
131 150 130
150 131 151
149 150 152
151 152 150
152 151 153
144 154 143
155 143 154
143 155 142
156 142 155
142 156 141
149 157 148
158 148 157
148 158 147
159 147 158
147 159 146
160 146 159
146 160 145
161 145 160
154 144 161
145 161 144
155 162 156
162 155 163
154 163 155
163 154 164
161 164 154
164 161 165
160 165 161
165 160 166
159 166 160
166 159 167
158 167 159
167 158 168
157 168 158
168 157 169
170 169 157
157 149 170
152 170 149
170 152 171
153 171 152
171 153 172
169 170 173
171 173 170
173 171 174
172 174 171
174 172 175
166 176 165
177 165 176
165 177 164
178 164 177
164 178 163
179 163 178
163 179 162
174 180 173
181 173 180
173 181 169
182 169 181
169 182 168
183 168 182
168 183 167
184 167 183
176 166 184
167 184 166
178 185 179
185 178 186
177 186 178
186 177 187
176 187 177
187 176 188
184 188 176
188 184 189
183 189 184
189 183 190
182 190 183
190 182 191
181 191 182
191 181 192
180 192 181
192 180 193
194 193 180
180 174 194
175 194 174
194 175 195
193 194 196
195 196 194
196 195 197
188 198 187
199 187 198
187 199 186
200 186 199
186 200 185
193 201 192
202 192 201
192 202 191
203 191 202
191 203 190
204 190 203
190 204 189
205 189 204
198 188 205
189 205 188
199 206 200
206 199 207
198 207 199
207 198 208
205 208 198
208 205 209
204 209 205
209 204 210
203 210 204
210 203 211
202 211 203
211 202 212
201 212 202
212 201 213
214 213 201
201 193 214
196 214 193
214 196 215
197 215 196
215 197 216
213 214 217
215 217 214
217 215 218
216 218 215
218 216 219
210 220 209
221 209 220
209 221 208
222 208 221
208 222 207
223 207 222
207 223 206
218 224 217
225 217 224
217 225 213
226 213 225
213 226 212
227 212 226
212 227 211
228 211 227
220 210 228
211 228 210
224 218 229
219 229 218
229 219 230
231 232 233
232 231 234
233 235 231
235 233 236
236 237 235
237 236 238
238 239 237
239 238 240
240 241 239
241 240 242
242 243 241
243 242 244
244 245 243
245 244 246
246 247 245
247 246 248
248 249 247
249 248 250
250 251 249
251 250 252
253 240 238
238 254 253
240 253 255
255 242 240
242 255 256
256 244 242
244 256 257
257 246 244
246 257 258
258 248 246
248 258 259
259 250 248
250 259 260
260 252 250
252 260 261
262 253 254
254 263 262
263 254 264
236 264 254
264 236 233
233 265 264
265 233 232
254 238 236
264 266 263
266 264 265
267 256 255
255 268 267
253 262 268
268 255 253
269 260 259
259 270 269
270 259 258
258 271 270
271 258 257
257 272 271
256 267 272
272 257 256
273 267 268
268 274 273
274 268 262
262 275 274
275 262 263
263 276 275
276 263 266
277 271 272
272 278 277
267 273 278
278 272 267
271 277 279
279 270 271
270 279 280
280 269 270
269 280 281
281 282 269
260 269 282
282 261 260
261 282 283
282 281 284
284 283 282
283 284 285
286 277 278
278 287 286
287 278 273
273 288 287
288 273 274
274 289 288
289 274 275
275 290 289
290 275 276
291 284 281
281 292 291
292 281 280
280 293 292
293 280 279
279 294 293
277 286 294
294 279 277
295 289 290
289 295 296
296 288 289
288 296 297
297 287 288
287 297 298
298 286 287
286 298 299
299 294 286
294 299 300
300 293 294
293 300 301
301 292 293
292 301 302
303 296 295
296 303 304
304 297 296
297 304 305
305 298 297
298 305 306
306 299 298
299 306 307
307 300 299
300 307 308
308 301 300
301 308 309
309 302 301
302 309 310
310 311 302
291 302 311
302 291 292
311 312 291
284 291 312
312 285 284
285 312 313
312 311 314
314 313 312
313 314 315
311 310 316
316 314 311
314 316 317
317 315 314
315 317 318
319 308 307
307 320 319
320 307 306
306 321 320
321 306 305
305 322 321
322 305 304
304 323 322
323 304 303
324 317 316
316 325 324
325 316 310
310 326 325
326 310 309
309 327 326
308 319 327
327 309 308
328 322 323
322 328 329
329 321 322
321 329 330
331 327 319
319 332 331
320 330 332
332 319 320
330 320 321
327 331 333
333 326 327
326 333 334
334 325 326
325 334 335
336 329 328
329 336 337
337 330 329
330 337 338
338 332 330
332 338 339
339 331 332
331 339 340
340 333 331
333 340 341
341 334 333
334 341 342
342 335 334
335 342 343
343 344 335
324 335 344
335 324 325
344 345 324
317 324 345
345 318 317
318 345 346
345 344 347
347 346 345
346 347 348
344 343 349
349 347 344
347 349 350
350 348 347
348 350 351
352 341 340
340 353 352
353 340 339
339 354 353
354 339 338
338 355 354
355 338 337
337 356 355
356 337 336
357 350 349
349 358 357
358 349 343
343 359 358
359 343 342
342 360 359
341 352 360
360 342 341
361 355 356
355 361 362
362 354 355
354 362 363
364 360 352
352 365 364
353 363 365
365 352 353
363 353 354
360 364 366
366 359 360
359 366 367
367 358 359
358 367 368
369 362 361
362 369 370
370 363 362
363 370 371
371 365 363
365 371 372
372 364 365
364 372 373
373 366 364
366 373 374
374 367 366
367 374 375
375 368 367
368 375 376
376 377 368
357 368 377
368 357 358
377 378 357
350 357 378
378 351 350
351 378 379
378 377 380
380 379 378
379 380 381
377 376 382
382 380 377
380 382 383
383 381 380
381 383 384
385 374 373
373 386 385
386 373 372
372 387 386
387 372 371
371 388 387
388 371 370
370 389 388
389 370 369
390 383 382
382 391 390
391 382 376
376 392 391
392 376 375
375 393 392
374 385 393
393 375 374
394 388 389
388 394 395
395 387 388
387 395 396
397 393 385
385 398 397
386 396 398
398 385 386
396 386 387
393 397 399
399 392 393
392 399 400
400 391 392
391 400 401
402 395 394
395 402 403
403 396 395
396 403 404
404 398 396
398 404 405
405 397 398
397 405 406
406 399 397
399 406 407
407 400 399
400 407 408
408 401 400
401 408 409
409 410 401
390 401 410
401 390 391
410 411 390
383 390 411
411 384 383
384 411 412
411 410 413
413 412 411
412 413 414
410 409 415
415 413 410
413 415 416
416 414 413
414 416 417
418 407 406
406 419 418
419 406 405
405 420 419
420 405 404
404 421 420
421 404 403
403 422 421
422 403 402
423 416 415
415 424 423
424 415 409
409 425 424
425 409 408
408 426 425
407 418 426
426 408 407
427 421 422
421 427 428
428 420 421
420 428 429
430 426 418
418 431 430
419 429 431
431 418 419
429 419 420
426 430 432
432 425 426
425 432 433
433 424 425
424 433 434
435 428 427
428 435 436
436 429 428
429 436 437
437 431 429
431 437 438
438 430 431
430 438 439
439 432 430
432 439 440
440 433 432
433 440 441
441 434 433
434 441 442
442 443 434
423 434 443
434 423 424
443 444 423
416 423 444
444 417 416
417 444 445
444 443 446
446 445 444
445 446 447
443 442 448
448 446 443
446 448 449
449 447 446
447 449 450
451 440 439
439 452 451
452 439 438
438 453 452
453 438 437
437 454 453
454 437 436
436 455 454
455 436 435
456 449 448
448 457 456
457 448 442
442 458 457
458 442 441
441 459 458
440 451 459
459 441 440
449 456 460
460 450 449
450 460 461
