byte offset: 0
first index: 0
index count: 12210
topology: trianglelist
format: DXGI_FORMAT_R16_UINT

0 1 2
1 0 3
3 4 1
4 3 5
6 3 0
3 6 7
7 5 3
0 8 6
8 0 9
2 9 0
9 2 10
11 7 6
8 11 6
7 11 12
12 13 7
5 7 13
13 12 14
15 2 1
2 15 16
16 10 2
17 16 15
16 17 18
19 18 17
18 19 20
19 21 20
21 19 22
15 23 17
23 15 24
25 22 19
17 25 19
25 17 23
22 25 26
21 27 20
27 18 20
27 21 28
29 16 18
18 27 29
16 29 30
1 24 15
24 1 4
10 16 30
31 32 33
32 31 34
34 35 32
35 34 36
36 37 35
37 36 38
14 35 37
35 14 12
12 32 35
32 39 33
39 32 11
32 12 11
11 8 39
40 41 42
41 40 43
44 42 41
42 44 45
46 41 43
41 46 47
41 48 44
48 41 47
43 49 46
49 43 50
46 51 47
51 46 52
49 52 46
53 47 51
47 53 48
52 49 54
54 55 52
55 54 56
57 55 56
55 57 58
58 59 55
52 59 51
59 52 55
59 53 51
59 58 60
61 59 60
59 61 62
53 59 62
43 63 50
63 43 40
40 64 63
64 40 65
65 66 64
66 65 67
68 67 65
67 68 69
70 69 68
69 70 71
71 72 69
72 71 73
42 65 40
65 42 68
45 68 42
68 45 70
74 72 73
72 74 75
76 72 75
72 76 77
69 77 67
77 69 72
78 67 77
67 78 66
79 77 76
77 79 78
80 81 82
81 80 83
84 80 82
80 84 85
83 86 81
86 83 87
88 89 90
89 88 91
89 92 90
92 89 93
94 92 93
92 94 95
96 91 88
91 96 97
98 95 94
95 98 99
100 99 98
99 100 101
101 100 102
103 97 96
97 103 104
103 105 104
105 103 106
107 108 109
108 107 110
109 111 107
111 109 112
112 113 111
113 112 114
115 113 114
113 115 116
117 116 115
116 117 118
117 119 118
119 117 120
120 121 119
121 120 122
123 121 122
121 123 124
108 110 125
126 127 128
129 127 126
129 130 127
130 129 131
131 132 130
133 130 132
130 133 134
134 127 130
135 134 133
134 135 136
137 136 135
138 137 135
139 136 137
132 131 140
140 131 141
141 131 142
131 129 142
143 135 133
135 143 144
144 138 135
145 144 143
144 145 146
143 147 145
147 143 148
133 148 143
149 147 148
147 149 150
151 150 149
150 151 152
153 152 151
152 153 154
146 155 144
155 146 156
146 157 156
158 156 157
156 158 159
157 146 160
145 160 146
147 161 145
160 145 161
161 162 160
162 161 163
164 163 161
163 164 165
166 165 164
165 166 167
166 168 167
168 166 169
169 170 168
170 169 171
172 170 171
170 172 173
161 147 164
166 152 169
152 166 150
150 164 147
164 150 166
154 169 152
169 154 171
154 172 171
174 173 172
172 175 174
175 172 176
172 154 176
173 174 177
153 176 154
176 153 178
178 175 176
175 178 179
179 180 175
180 174 175
180 179 181
178 182 179
183 177 174
174 180 183
184 183 180
183 184 185
185 186 183
177 183 186
186 185 187
188 181 179
182 188 179
182 189 188
182 190 189
182 191 190
192 190 191
191 193 192
193 191 194
190 192 195
195 189 190
196 191 182
196 182 197
189 195 198
199 189 198
189 199 200
200 188 189
201 200 199
200 201 202
203 200 202
200 203 204
205 204 203
204 205 181
181 188 204
188 200 204
205 180 181
180 205 184
199 206 201
206 199 207
198 207 199
207 208 206
208 207 209
210 209 207
209 210 211
212 211 210
211 212 213
213 214 211
215 213 212
213 215 216
217 216 215
216 217 218
219 218 217
217 220 219
220 217 193
215 193 217
218 219 221
219 222 221
222 219 223
220 223 219
223 224 222
224 223 225
225 226 224
226 225 227
227 228 226
228 227 229
221 230 218
229 231 228
231 229 232
233 232 229
232 233 234
232 235 231
235 232 236
234 236 232
236 237 235
237 236 238
239 237 238
237 239 240
241 240 239
240 241 242
240 243 237
242 243 240
229 244 233
233 244 245
244 246 245
247 238 236
236 234 247
234 248 247
248 234 249
249 250 248
250 249 251
252 248 250
253 252 250
253 250 254
251 254 250
255 254 251
248 252 256
256 247 248
252 257 256
258 257 252
258 252 253
258 253 259
259 253 260
259 260 261
262 256 257
263 262 257
262 263 264
260 253 265
253 254 265
254 255 265
266 259 261
261 267 266
267 261 268
268 269 267
269 268 270
271 270 268
270 271 272
270 272 273
274 272 271
272 274 275
276 275 274
275 276 277
270 273 278
273 272 279
268 280 271
281 271 280
276 274 281
274 271 281
280 268 261
281 280 265
265 280 260
261 260 280
278 282 270
282 278 283
283 284 282
284 283 285
286 284 285
284 286 287
286 288 287
289 282 284
287 289 284
282 289 269
289 267 269
267 289 290
291 290 289
289 287 291
290 291 292
293 292 291
287 288 293
287 293 291
292 293 294
294 295 292
295 294 296
293 288 297
298 292 295
292 298 290
295 299 298
299 295 300
296 300 295
301 299 300
300 302 301
303 301 302
301 303 304
302 300 305
300 296 305
304 306 301
299 301 306
306 307 299
307 298 299
307 306 308
309 308 306
306 304 309
308 309 310
298 307 266
259 266 307
266 290 298
290 266 267
307 308 258
308 310 258
307 258 259
258 310 257
310 263 257
311 304 303
304 311 312
311 313 312
313 311 314
315 312 313
316 315 313
314 316 313
315 316 317
312 315 318
319 318 315
317 319 315
318 319 320
318 320 310
310 320 263
318 304 312
304 318 309
310 309 318
321 320 319
320 321 263
322 321 319
319 317 322
321 322 323
324 322 317
322 324 325
325 323 322
324 326 325
327 325 326
325 327 328
323 325 328
326 324 329
330 329 324
329 330 331
332 331 330
331 332 333
330 334 332
334 330 316
316 314 334
330 317 316
317 330 324
328 335 323
336 323 335
323 336 321
321 336 264
336 337 264
337 336 338
335 338 336
321 264 263
338 335 339
340 339 335
339 340 341
342 341 340
341 342 343
335 328 340
340 327 342
327 340 328
344 264 337
264 344 262
345 262 344
262 345 256
247 256 345
238 247 345
344 238 345
338 241 337
343 346 341
346 343 347
347 348 346
348 347 349
238 344 239
239 337 241
337 239 344
348 350 346
351 350 348
348 352 351
351 352 353
350 341 346
341 350 339
354 339 350
351 354 350
241 338 354
339 354 338
242 241 354
242 354 351
351 353 242
242 353 243
355 352 348
355 348 349
353 352 356
243 353 356
357 356 352
357 352 355
356 357 358
359 356 358
243 356 359
360 359 358
361 360 358
362 360 361
360 362 363
360 363 364
360 364 359
365 361 358
361 365 366
361 366 362
365 367 366
368 367 365
358 368 365
367 368 230
368 369 230
358 370 368
368 370 214
368 214 369
371 370 358
363 362 228
228 364 363
364 228 231
369 214 213
224 362 366
366 367 224
362 224 226
367 230 221
230 369 218
224 367 222
367 221 222
228 362 226
369 213 216
218 369 216
370 372 214
371 372 370
371 373 372
373 209 372
209 373 208
214 372 211
211 372 209
235 364 231
374 364 235
374 235 237
359 364 374
374 243 359
237 243 374
375 376 377
375 377 378
377 376 379
379 376 380
380 376 381
376 382 381
380 381 139
380 139 383
383 139 137
384 139 381
381 382 384
139 384 136
385 136 384
382 385 384
382 128 385
136 385 134
127 134 385
128 127 385
386 128 382
387 128 386
386 382 388
388 382 389
390 128 387
390 126 128
391 126 390
126 391 392
129 126 392
393 129 392
392 394 393
395 394 392
395 396 394
395 392 397
397 392 391
393 394 398
394 396 398
393 398 399
129 393 400
401 400 393
401 393 399
400 401 402
142 400 402
142 129 400
402 141 142
141 402 194
141 194 403
403 194 404
402 220 194
401 220 402
405 220 401
405 401 399
246 405 399
225 405 246
246 227 225
227 246 244
244 229 227
405 225 223
223 220 405
194 220 193
403 140 141
403 406 140
404 406 403
140 406 149
149 132 140
132 149 148
148 133 132
196 406 404
197 406 196
149 406 151
197 151 406
153 151 197
197 178 153
197 182 178
196 404 191
404 194 191
193 215 192
212 192 215
192 212 195
212 198 195
198 212 210
207 198 210
407 408 409
409 408 410
409 410 411
411 410 412
411 412 413
413 412 414
415 414 412
415 416 414
415 277 416
417 277 415
277 417 275
418 417 415
418 419 417
275 417 419
419 418 420
419 272 275
419 279 272
421 279 419
421 419 420
273 279 421
416 277 422
422 277 423
423 277 276
423 276 424
424 276 425
425 276 426
276 281 426
265 426 281
265 427 426
255 427 265
255 428 427
428 255 429
427 428 430
430 428 431
431 428 429
429 255 432
255 251 432
251 433 432
433 434 432
433 245 434
251 249 433
249 234 433
245 398 434
245 435 398
398 436 434
434 436 437
399 398 435
246 399 435
245 246 435
233 245 433
433 234 233
434 438 432
438 434 439
434 437 439
432 438 429
440 429 438
429 440 441
440 438 442
442 438 439
398 443 436
398 444 443
398 396 444
429 441 445
431 429 445
378 446 447
378 447 375
447 446 448
448 446 449
449 446 450
449 450 451
389 376 375
389 382 376
138 155 452
138 144 155
156 452 155
452 156 159
453 162 454
453 160 162
160 453 157
158 157 453
455 454 162
456 455 162
162 457 456
457 162 163
163 458 457
458 163 165
165 459 458
459 165 167
168 459 167
459 168 460
170 460 168
460 170 461
170 462 461
462 170 173
463 457 458
457 463 464
464 456 457
463 465 464
466 464 465
464 466 467
465 463 468
463 469 468
469 463 470
470 471 469
471 470 472
472 473 471
473 472 474
462 474 461
475 467 466
467 475 476
477 467 476
476 478 477
478 476 479
467 477 456
459 472 470
472 459 460
460 474 472
474 460 461
470 458 459
458 470 463
478 455 477
455 456 477
473 480 471
476 481 479
481 476 475
482 481 475
466 482 475
482 466 483
482 483 484
484 483 485
486 484 485
483 487 485
487 483 488
488 489 487
489 488 490
490 491 489
491 490 492
492 493 491
493 494 491
483 465 488
465 483 466
488 468 490
468 488 465
490 469 492
469 490 468
495 484 486
496 495 486
491 494 497
497 489 491
489 497 498
498 487 489
493 499 494
494 499 500
494 500 497
499 493 501
493 502 501
502 493 492
502 503 501
499 501 504
501 505 504
506 504 505
504 506 507
508 505 501
503 508 501
505 508 509
510 509 508
509 510 511
512 510 508
513 512 508
513 508 503
513 480 512
514 511 510
512 514 510
512 515 514
511 514 516
514 517 516
517 514 518
515 518 514
518 519 517
519 518 520
518 521 520
521 518 522
518 515 522
522 523 521
523 522 524
515 524 522
524 515 525
512 525 515
525 526 524
526 523 524
526 525 527
528 527 525
527 528 529
462 527 529
527 462 530
530 526 527
173 530 462
530 173 177
474 462 529
529 473 474
473 529 528
528 525 512
177 531 530
526 530 531
531 532 526
523 526 532
532 531 533
186 533 531
531 177 186
533 186 187
480 528 512
480 473 528
480 513 534
513 503 534
503 502 534
502 492 534
492 469 534
469 471 534
480 534 471
535 536 537
536 535 538
536 539 537
540 537 539
537 540 541
541 535 537
539 542 540
542 543 540
543 542 544
545 540 543
546 540 545
546 541 540
547 541 546
535 541 547
544 542 548
549 548 542
542 539 549
539 550 549
550 539 551
539 536 551
552 551 536
552 536 538
551 552 553
551 553 554
554 550 551
548 549 555
550 555 549
555 556 548
548 556 557
556 558 557
558 556 559
558 559 560
561 560 559
560 561 562
556 563 559
563 556 564
556 555 564
565 564 555
564 565 566
562 561 567
561 568 567
569 567 568
567 569 570
568 571 569
571 568 572
572 573 571
574 572 568
568 561 574
559 574 561
574 559 563
572 574 575
563 575 574
572 575 576
567 570 577
573 578 571
578 573 579
579 580 578
581 570 569
581 571 578
571 581 569
570 581 582
582 577 570
577 582 583
582 584 583
585 576 575
575 563 585
576 585 586
585 587 586
566 587 585
587 566 588
585 564 566
564 585 563
588 566 565
565 550 589
555 550 565
550 554 589
590 591 592
591 593 592
593 591 594
595 591 590
591 595 596
596 597 591
597 596 598
598 599 597
599 598 600
599 600 601
599 601 602
596 595 538
538 598 596
535 600 598
598 538 535
600 535 547
603 600 547
601 600 603
593 594 604
605 604 594
604 605 606
606 607 604
607 606 608
605 609 606
609 605 610
604 607 611
609 610 612
608 613 607
613 611 607
613 608 614
615 614 608
606 615 608
615 606 609
614 615 616
617 616 615
617 615 609
616 617 618
616 618 619
614 620 613
621 613 620
613 621 622
613 622 623
611 613 623
620 614 624
616 624 614
624 625 620
621 620 625
625 624 626
626 627 625
627 626 628
629 626 624
624 616 629
619 629 616
626 629 630
630 628 626
625 627 631
630 629 632
629 619 632
628 630 633
634 627 628
633 634 628
627 634 635
635 631 627
636 633 630
636 637 633
634 633 637
637 636 638
639 637 638
631 635 640
635 641 640
639 642 637
643 637 642
637 643 644
644 634 637
634 645 635
645 634 646
634 644 646
647 645 646
645 647 648
649 648 647
648 649 650
647 651 649
651 647 652
646 652 647
652 646 644
643 652 644
648 653 645
652 654 651
653 635 645
635 653 655
635 655 641
656 650 649
650 656 657
657 658 650
658 648 650
658 657 659
657 660 659
649 661 656
661 649 651
662 656 661
656 662 663
663 657 656
661 664 662
664 661 665
661 666 665
651 666 661
666 651 654
657 663 667
668 667 663
662 668 663
667 668 669
670 669 668
671 670 668
668 662 671
664 671 662
670 671 672
669 670 673
669 674 667
671 675 672
674 657 667
657 674 660
676 669 673
677 676 673
670 677 673
676 677 678
679 678 677
677 680 679
680 677 681
682 681 677
672 682 670
677 670 682
681 682 683
684 683 682
682 672 684
675 684 672
683 684 685
684 686 685
684 687 686
684 675 687
681 688 680
683 688 681
685 689 683
688 683 689
689 690 688
690 689 691
692 690 691
691 693 692
693 691 694
689 694 691
695 692 693
696 695 693
695 696 697
698 696 693
699 698 693
699 693 694
700 699 694
694 689 700
689 685 700
697 701 695
701 702 695
692 695 702
703 692 702
692 703 704
690 692 704
704 705 690
705 704 706
704 707 706
703 707 704
702 701 708
708 703 702
709 708 701
701 710 709
711 709 710
709 711 712
711 713 712
713 714 712
714 713 715
716 709 712
709 716 717
708 709 717
717 718 708
703 708 718
718 717 719
715 720 714
721 714 720
720 722 721
722 720 723
724 721 722
721 724 725
725 724 726
725 727 721
714 721 727
712 727 716
727 712 714
727 725 728
728 716 727
725 729 728
720 730 723
731 726 724
726 731 732
732 731 733
723 734 722
724 734 731
734 724 722
734 723 735
730 735 723
735 730 736
735 736 737
729 738 728
716 728 738
738 729 739
738 739 740
740 719 738
719 740 741
738 717 716
717 738 719
741 718 719
718 742 703
707 703 742
743 744 745
744 743 746
744 747 745
747 744 748
749 746 743
746 749 750
751 750 749
749 752 751
752 749 753
753 754 752
754 753 755
756 754 755
754 756 757
758 757 756
757 758 759
760 759 758
758 761 760
761 758 762
762 763 761
763 762 764
765 763 764
763 765 766
767 766 765
766 767 768
768 767 769
770 769 767
767 771 770
771 767 772
772 773 771
773 772 774
775 773 774
773 775 776
777 776 775
776 777 778
778 777 779
777 780 779
780 777 781
781 782 780
782 781 783
784 782 783
782 784 785
786 785 784
785 786 787
787 786 788
786 789 788
789 786 790
790 791 789
791 790 792
793 791 792
791 793 794
795 794 793
794 795 796
796 795 797
795 798 797
798 795 799
799 800 798
800 799 801
802 800 801
800 802 803
804 803 802
803 804 805
806 805 804
804 807 806
807 804 808
808 809 807
809 808 810
811 809 810
809 811 812
813 812 811
812 813 814
815 814 813
815 813 816
813 817 816
817 813 818
818 819 817
819 818 820
821 819 820
819 821 822
823 822 821
822 823 824
824 823 825
823 826 825
826 823 827
827 828 826
828 827 829
830 828 829
828 830 831
832 831 830
831 832 833
834 833 832
832 748 834
748 832 747
835 836 837
836 835 838
839 835 837
835 839 840
839 841 840
841 839 842
842 843 841
843 842 844
844 845 843
845 844 846
847 845 846
845 847 848
847 849 848
849 847 850
850 851 849
851 850 852
853 851 852
851 853 854
855 854 853
854 855 856
855 857 856
857 855 858
858 859 857
859 858 860
861 859 860
859 861 862
863 862 861
862 863 864
863 865 864
865 863 866
867 865 866
865 867 868
869 868 867
868 869 870
871 870 869
870 871 872
871 873 872
873 871 874
875 873 874
873 875 876
877 876 875
876 877 878
879 878 877
878 879 880
879 881 880
881 879 882
882 883 881
883 882 884
885 883 884
883 885 886
887 886 885
886 887 888
887 889 888
889 887 890
890 891 889
891 890 892
893 891 892
891 893 894
895 894 893
894 895 896
895 897 896
897 895 898
898 899 897
899 898 900
901 899 900
899 901 902
903 902 901
902 903 904
903 905 904
905 903 906
906 907 905
907 906 908
909 907 908
907 909 910
911 910 909
910 911 912
911 913 912
913 911 914
914 838 913
838 914 836
915 916 917
917 916 918
915 919 916
919 920 916
918 921 922
922 921 923
923 921 924
924 921 925
925 926 927
927 926 928
928 926 929
929 926 930
930 931 932
932 931 933
933 931 934
934 931 935
935 936 937
937 936 938
938 936 939
939 936 940
940 941 942
942 941 943
944 943 941
945 944 941
946 945 947
948 946 947
949 948 947
950 949 947
951 950 952
953 951 952
954 953 952
955 954 952
956 955 957
958 956 957
959 958 957
960 959 957
961 960 962
963 961 962
964 963 962
920 964 962
965 966 967
966 965 968
968 969 966
969 968 970
971 969 970
969 971 972
973 972 971
972 973 974
967 975 965
975 967 976
977 978 979
978 977 980
980 981 978
981 980 982
983 981 982
981 983 984
985 984 983
984 985 986
979 987 977
987 979 988
989 990 991
990 989 992
993 990 992
990 993 994
991 995 989
995 991 996
997 998 999
998 997 1000
999 1001 997
1001 999 1002
1003 998 1000
998 1003 1004
1005 1004 1003
1004 1005 1006
1002 1007 1001
1007 1002 1008
1009 1010 1011
1010 1009 1012
1013 1014 1015
1014 1013 1016
1017 1014 1016
1014 1017 1018
1019 1018 1017
1018 1019 1020
1021 1013 1015
1013 1021 1022
1021 1023 1022
1023 1021 1024
1024 1025 1023
1025 1024 1026
1027 1028 1029
1028 1027 1030
1029 1031 1027
1031 1029 1032
1033 1034 1035
1034 1033 1036
1037 1036 1033
1036 1037 1038
1039 1040 1041
1040 1039 1042
1043 1041 1040
1041 1043 1044
1043 1045 1044
1045 1043 1046
1047 1042 1039
1042 1047 1048
1046 1049 1045
1049 1046 1050
1051 1052 1053
1052 1051 1054
1055 1054 1051
1054 1055 1056
1055 1057 1056
1057 1055 1058
1058 1059 1057
1059 1058 1060
1060 1061 1059
1061 1060 1062
1063 1064 1065
1064 1063 1066
1067 1066 1063
1066 1067 1068
1067 1069 1068
1069 1067 1070
1071 1072 1073
1072 1071 1074
1073 1075 1071
1075 1073 1076
1076 1077 1075
1077 1076 1078
1074 1079 1072
1079 1074 1080
1081 1079 1080
1079 1081 1082
1083 1084 1085
1084 1083 1086
1085 1087 1083
1087 1085 1088
1089 1084 1086
1084 1089 1090
1091 1090 1089
1090 1091 1092
1088 1093 1087
1093 1088 1094
1095 1096 1097
1096 1095 1098
1095 1099 1098
1099 1095 1100
1100 1101 1099
1101 1100 1102
1096 1103 1097
1103 1096 1104
1105 1103 1104
1103 1105 1106
1107 1106 1105
1106 1107 1108
1109 1110 1111
1112 1110 1109
1113 1110 1112
1114 1110 1113
1110 1114 1115
1115 1116 1110
1111 1110 1117
1117 1110 1118
1118 1110 1119
1119 1110 1120
1121 1120 1110
1122 1110 1116
1110 1122 1123
1123 1124 1110
1124 1125 1110
1125 1126 1110
1126 1127 1110
1127 1128 1110
1128 1129 1110
1129 1121 1110
1130 1131 1132
1131 1130 1133
1130 1134 1133
1134 1130 1135
1135 1136 1134
1136 1135 1137
1137 1138 1136
1138 1137 1139
1140 1139 1137
1139 1140 1141
1136 1142 1134
1143 1142 1136
1143 1136 1138
1143 1138 1144
1143 1145 1142
1145 1143 1146
1144 1146 1143
1146 1147 1145
1147 1146 1148
1148 1146 1149
1149 1146 1144
1150 1149 1144
1151 1150 1144
1139 1151 1138
1144 1138 1151
1150 1151 1152
1152 1153 1150
1153 1152 1154
1152 1151 1155
1156 1155 1141
1155 1156 1157
1155 1157 1152
1152 1157 1154
1149 1150 1158
1159 1149 1158
1148 1149 1159
1160 1159 1158
1161 1158 1150
1158 1161 1162
1158 1162 1163
1158 1163 1160
1164 1160 1163
1160 1164 1165
1165 1166 1160
1160 1166 1159
1167 1166 1165
1166 1167 1168
1168 1148 1166
1148 1159 1166
1148 1168 1147
1169 1147 1168
1147 1169 1170
1163 1171 1164
1172 1164 1171
1164 1172 1173
1165 1173 1167
1173 1165 1164
1171 1163 1174
1175 1174 1163
1163 1162 1175
1175 1176 1174
1177 1176 1175
1177 1175 1178
1177 1179 1176
1177 1180 1179
1176 1179 1181
1176 1181 1174
1174 1181 1171
1182 1181 1179
1181 1182 1183
1171 1183 1172
1183 1171 1181
1179 1184 1182
1184 1179 1180
1185 1172 1183
1172 1185 1186
1186 1173 1172
1175 1161 1178
1161 1175 1162
1183 1187 1185
1187 1183 1182
1188 1185 1187
1185 1188 1189
1189 1186 1185
1187 1190 1188
1191 1188 1190
1190 1187 1192
1182 1192 1187
1192 1182 1184
1193 1189 1188
1186 1189 1194
1194 1195 1186
1195 1194 1196
1194 1189 1197
1173 1186 1195
1195 1167 1173
1167 1195 1198
1196 1198 1195
1198 1168 1167
1168 1198 1169
1199 1169 1198
1198 1196 1199
1169 1199 1200
1200 1170 1169
1170 1200 1201
1201 1202 1170
1202 1201 1203
1203 1204 1202
1204 1203 1205
1145 1170 1202
1170 1145 1147
1142 1202 1204
1202 1142 1145
1205 1134 1204
1134 1142 1204
1134 1205 1133
1201 1206 1203
1207 1206 1201
1203 1206 1208
1208 1209 1203
1209 1205 1203
1205 1209 1210
1211 1205 1210
1211 1133 1205
1133 1211 1212
1213 1133 1212
1133 1213 1131
1201 1214 1207
1200 1214 1201
1200 1215 1214
1200 1216 1215
1199 1216 1200
1217 1216 1199
1199 1218 1217
1196 1218 1199
1196 1219 1218
1196 1220 1219
1194 1220 1196
1221 1220 1194
1194 1197 1221
1197 1189 1222
1189 1193 1222
1193 1188 1223
1188 1191 1223
1191 1190 1224
1225 1226 1227
1226 1228 1227
1228 1226 1229
1230 1227 1228
1228 1231 1230
1231 1228 1232
1229 1232 1228
1232 1233 1231
1234 1231 1233
1233 1235 1234
1235 1233 1236
1235 1236 1237
1238 1235 1237
1231 1234 1239
1239 1230 1231
1240 1239 1234
1235 1240 1234
1238 1240 1235
1239 1240 1241
1156 1241 1240
1241 1156 1242
1241 1243 1239
1230 1239 1243
1243 1241 1244
1242 1244 1241
1141 1242 1156
1242 1141 1140
1140 1245 1242
1244 1242 1245
1245 1140 1246
1245 1247 1244
1247 1245 1248
1246 1248 1245
1157 1156 1240
1157 1240 1238
1154 1238 1237
1237 1153 1154
1153 1237 1249
1237 1250 1249
1237 1251 1250
1251 1252 1250
1252 1251 1253
1253 1254 1252
1254 1253 1232
1236 1253 1251
1237 1236 1251
1253 1236 1233
1233 1232 1253
1154 1157 1238
1232 1229 1254
1255 1248 1256
1248 1257 1256
1258 1257 1248
1258 1259 1257
1248 1246 1258
1135 1258 1246
1258 1135 1130
1246 1137 1135
1137 1246 1140
1130 1132 1258
1258 1132 1259
1248 1255 1247
1247 1255 1260
1261 1247 1260
1247 1261 1262
1262 1244 1247
1244 1262 1243
1263 1243 1262
1243 1263 1230
1227 1230 1263
1264 1227 1263
1262 1261 1265
1266 1262 1265
1262 1266 1263
1263 1266 1267
1264 1263 1267
1227 1264 1268
1225 1227 1268
1226 1225 1269
270 282 269
1270 426 1271
1271 426 427
1271 427 430
425 426 1270
597 610 605
610 597 599
605 591 597
591 605 594
599 612 610
612 599 602
1141 1155 1139
1139 1155 1151
1272 1273 498
497 1272 498
497 1274 1272
1272 1274 1275
1275 1276 1272
1276 1273 1272
497 1277 1274
1274 1277 1278
1279 1274 1278
1279 1278 1280
1279 1281 1274
1281 1275 1274
1277 1282 1278
1278 1282 1280
1277 1283 1282
1277 497 500
1284 1277 500
1284 1283 1277
500 499 1284
1284 499 504
1285 1284 504
1285 1283 1284
1286 1283 1285
1285 1287 1286
1288 1286 1287
1287 1289 1288
1289 1287 1290
1291 1290 1287
1287 1285 1291
504 1291 1285
1290 1291 1292
507 1292 1291
1291 504 507
1292 507 1293
507 1294 1293
1293 1294 1295
1294 507 506
506 1296 1294
1296 506 1297
1297 1298 1296
1298 1297 1299
1299 1300 1298
1300 1299 1301
1298 1300 1302
1301 1303 1300
1303 1301 1304
1304 1305 1303
1305 1304 1306
517 1306 1304
1306 517 519
1299 516 1301
1304 516 517
516 1304 1301
516 1299 511
505 1297 506
1297 505 509
1299 509 511
509 1299 1297
1307 1303 1305
1303 1307 1308
1309 1308 1307
1302 1300 1308
1300 1303 1308
1309 1310 1308
1309 1311 1310
1311 1312 1310
1312 1302 1310
1310 1302 1308
1311 1313 1312
1314 1312 1313
1312 1314 1295
1313 1311 1315
1315 1316 1313
1313 1316 1314
1312 1295 1317
1312 1317 1302
1317 1298 1302
1314 1293 1295
1295 1294 1317
1316 1290 1314
1318 1290 1316
1315 1318 1316
1290 1318 1289
1290 1292 1314
1314 1292 1293
1317 1296 1298
1294 1296 1317
1319 1320 1321
1319 1322 1320
1320 1323 1321
1323 496 1321
496 1324 1321
1321 1324 1325
496 486 1324
486 1326 1324
1324 1326 1325
1326 486 485
485 1327 1326
1325 1326 1327
1325 1327 1273
1327 485 487
487 498 1327
1273 1327 498
1322 1319 1328
1322 1328 1329
1328 1330 1329
1330 1331 1329
1331 1332 1329
1331 1333 1332
1334 1325 1273
1335 1334 1273
1334 1336 1325
1336 1337 1325
1276 1335 1273
1337 1321 1325
1337 1319 1321
1338 332 1339
332 1338 333
334 1339 332
1339 334 1340
1339 1341 1338
1341 1339 1342
1342 1343 1341
1343 1342 1344
1344 1345 1343
1345 1344 1346
1342 1347 1344
1347 1342 1348
1339 1348 1342
1348 1339 1340
1340 1349 1348
1349 1340 1350
1351 1349 1350
1350 311 1351
311 1350 314
1340 314 1350
314 1340 334
1349 1351 1352
1352 1353 1349
1353 1348 1349
1348 1353 1347
1353 1352 1354
1352 1355 1354
1356 1347 1353
1354 1356 1353
1347 1356 1357
1344 1357 1346
1357 1344 1347
311 1358 1351
1358 1352 1351
1358 311 303
303 1359 1358
1359 303 302
302 1360 1359
1360 302 305
1361 1358 1359
1358 1361 1362
1352 1358 1362
1355 1352 1362
1363 1362 1361
1362 1363 1355
1361 1364 1363
1364 1361 1365
1359 1365 1361
1365 1359 1360
1366 1365 1360
1365 1366 1367
1367 1364 1365
1368 1367 1366
1366 294 1368
293 1368 294
1368 293 1369
294 1366 296
296 1360 305
1360 296 1366
1369 1370 1368
1367 1368 1370
1370 1369 1371
1371 1372 1370
1372 1371 1373
1373 1374 1372
1374 1373 1375
1376 1372 1374
1372 1376 1377
1370 1377 1367
1377 1370 1372
1375 1378 1374
1378 1375 1379
1375 1380 1379
1379 1381 1378
1381 1379 1382
1383 1381 1382
1382 1384 1383
1375 1385 1380
1380 1386 1379
1387 1377 1376
1387 1376 1388
1387 1388 1389
1390 1387 1389
1390 1389 1391
1390 1391 1392
1389 1393 1391
1389 1394 1393
1395 1391 1393
1393 1396 1395
1396 1393 1397
1397 1393 1394
1398 1397 1394
1399 1395 1396
1395 1399 1400
1391 1395 1401
1391 1401 1392
1400 1401 1395
1402 1392 1401
1403 1392 1402
1402 1404 1403
1356 1403 1404
1356 1404 1405
1406 1405 1404
1405 1406 1407
1394 1408 1398
1389 1408 1394
1388 1408 1389
1408 1388 1409
1410 1408 1409
1410 1409 1378
1409 1374 1378
1374 1409 1376
1376 1409 1388
1381 1410 1378
1383 1410 1381
1383 1411 1410
1408 1410 1411
1408 1411 1412
1407 1413 1405
1357 1405 1413
1405 1357 1356
1413 1346 1357
1346 1413 1414
1415 1414 1413
1413 1407 1415
1414 1415 1416
1416 1417 1414
1417 1416 1418
1345 1414 1417
1414 1345 1346
1419 1418 1416
1418 1419 1420
1421 1420 1419
1420 1421 1422
1423 1415 1407
1407 1424 1423
1424 1407 1406
1415 1423 1425
1425 1416 1415
1416 1425 1419
1421 1419 1425
1426 1421 1425
1426 1425 1423
1421 1426 1427
1426 1428 1427
1429 1423 1424
1429 1426 1423
1426 1429 1428
1424 1430 1429
1430 1424 1431
1406 1431 1424
1431 1432 1430
1432 1431 1433
1434 1432 1433
1432 1434 1435
1430 1432 1436
1429 1436 1428
1429 1430 1436
1437 1435 1434
1435 1437 1438
1439 1438 1437
1437 1440 1439
1440 1437 1399
1434 1399 1437
1438 1439 1441
1442 1441 1439
1441 1442 1443
1444 1439 1440
1439 1444 1442
1440 1445 1444
1433 1400 1434
1399 1434 1400
1400 1433 1446
1401 1400 1446
1446 1402 1401
1402 1446 1447
1447 1404 1402
1404 1447 1406
1433 1447 1446
1447 1433 1431
1431 1406 1447
1441 1443 1448
1449 1441 1448
1448 1450 1449
1450 1448 1451
1450 1452 1449
1451 1453 1450
1450 1453 1454
1450 1454 1452
1454 1453 1455
1455 1453 1456
1456 1427 1455
1452 1441 1449
1441 1452 1438
1428 1455 1427
1436 1455 1428
1436 1454 1455
1457 1454 1436
1454 1457 1452
1457 1435 1452
1435 1438 1452
1457 1432 1435
1432 1457 1436
1456 1458 1427
1458 1421 1427
1458 1422 1421
1459 1460 1461
1460 1462 1461
1460 1463 1462
1463 1464 1462
1463 1465 1464
1465 1466 1464
1467 1464 1466
1467 1466 1468
1467 1468 1384
1469 1467 1384
1384 1382 1469
1470 1467 1469
1471 1470 1469
1382 1471 1469
1470 1471 1472
1471 1382 1379
1471 1379 1386
1473 1471 1386
1473 1472 1471
1380 1473 1386
1468 1474 1384
1474 1475 1384
1475 1383 1384
1475 1476 1383
1476 1477 1383
1477 1411 1383
1477 1478 1411
1478 1479 1411
1479 1412 1411
1479 1480 1412
1412 1480 1481
1398 1412 1481
1481 1482 1398
1480 1483 1481
1483 1482 1481
1398 1408 1412
1482 1484 1398
1398 1484 1397
1397 1484 1485
1485 1484 1486
1485 1486 1445
1397 1485 1396
1396 1485 1399
1440 1485 1445
1485 1440 1399
1486 1484 1487
1484 1482 1487
1488 1487 1482
1482 1489 1488
1488 1490 1487
1487 1491 1486
1490 1491 1487
1482 1492 1489
1483 1492 1482
1493 1494 1495
1493 1496 1494
1496 1493 1497
1498 1496 1497
1496 1498 1499
1499 1498 1385
1385 1375 1499
1499 1371 1496
1371 1494 1496
1371 1499 1373
1375 1373 1499
1494 1371 1369
1494 293 1495
1494 1369 293
293 297 1495
1500 1501 1286
1286 1288 1500
1501 1502 1286
1501 1282 1502
1286 1502 1283
1283 1502 1282
1501 1503 1282
1282 1503 1504
1503 1505 1504
1503 1506 1505
1282 1504 1507
1282 1507 1508
1282 1508 1280
1509 1510 1511
1510 1509 1512
1513 1512 1509
1512 1513 1514
1513 1515 1514
1515 1513 1516
1516 1517 1515
1517 1516 1518
1519 1511 1510
1511 1519 1520
1521 1522 1523
1522 1521 1524
1525 1524 1521
1524 1525 1526
1525 1527 1526
1527 1525 1528
1528 1529 1527
1529 1528 1530
1531 1523 1522
1523 1531 1532
1533 1534 1535
1534 1533 1536
1533 1537 1536
1537 1533 1538
1539 1535 1534
1535 1539 1540
1541 1542 1543
1542 1541 1544
1545 1543 1542
1543 1545 1546
1541 1547 1544
1547 1541 1548
1548 1549 1547
1549 1548 1550
1551 1546 1545
1546 1551 1552
1553 1554 1555
1554 1553 1556
1557 1558 1559
1558 1557 1560
1561 1559 1558
1559 1561 1562
1563 1564 1565
1564 1563 1566
1565 1567 1563
1567 1565 1568
1569 1570 1571
1570 1569 1572
1571 1573 1569
1573 1571 1574
1575 1573 1574
1573 1575 1576
1572 1577 1570
1577 1572 1578
1579 1576 1575
1576 1579 1580
1581 1582 1583
1582 1581 1584
1583 1585 1581
1585 1583 1586
1587 1585 1586
1585 1587 1588
1589 1588 1587
1588 1589 1590
1591 1590 1589
1590 1591 1592
1593 1594 1595
1594 1593 1596
1595 1597 1593
1597 1595 1598
1599 1597 1598
1597 1599 1600
1601 1602 1603
1602 1601 1604
1605 1603 1602
1603 1605 1606
1607 1606 1605
1606 1607 1608
1609 1604 1601
1604 1609 1610
1609 1611 1610
1611 1609 1612
1613 1614 1615
1614 1613 1616
1617 1615 1614
1615 1617 1618
1613 1619 1616
1619 1613 1620
1620 1621 1619
1621 1620 1622
1623 1618 1617
1618 1623 1624
1377 1387 1364
1364 1367 1377
1364 1387 1390
1364 1390 1363
1363 1390 1355
1390 1392 1355
1355 1392 1403
1355 1403 1354
1356 1354 1403
1625 1626 1627
1627 1628 1625
1629 1625 1628
1625 1629 1630
1631 1630 1629
1630 1631 1632
1633 1632 1631
1632 1633 1634
1634 1635 1632
1635 1634 1636
1631 1629 1637
1638 1631 1637
1638 1633 1631
1638 1639 1633
1640 1638 1637
1638 1640 1641
1639 1638 1641
1642 1641 1640
1641 1642 1643
1643 1644 1641
1644 1639 1641
1644 1645 1639
1645 1646 1639
1634 1633 1646
1639 1646 1633
1646 1645 1647
1648 1647 1645
1647 1648 1649
1647 1650 1646
1650 1651 1636
1651 1650 1652
1650 1647 1652
1647 1649 1652
1645 1644 1653
1654 1653 1644
1643 1654 1644
1655 1653 1654
1653 1656 1645
1656 1653 1657
1653 1658 1657
1653 1655 1658
1655 1659 1658
1659 1655 1660
1660 1655 1661
1655 1654 1661
1661 1662 1660
1662 1661 1663
1643 1663 1661
1643 1661 1654
1663 1643 1642
1642 1664 1663
1664 1642 1665
1666 1658 1659
1659 1667 1666
1667 1659 1668
1668 1660 1662
1660 1668 1659
1658 1666 1669
1670 1658 1669
1658 1670 1657
1670 1669 1671
1672 1670 1671
1672 1673 1670
1672 1671 1674
1672 1674 1675
1671 1676 1674
1671 1669 1676
1669 1666 1676
1676 1677 1674
1677 1676 1678
1678 1666 1667
1666 1678 1676
1674 1679 1675
1679 1674 1677
1667 1680 1678
1680 1667 1681
1668 1681 1667
1656 1670 1673
1670 1656 1657
1678 1682 1677
1682 1678 1680
1680 1683 1682
1683 1680 1684
1681 1684 1680
1685 1682 1683
1686 1685 1683
1682 1685 1687
1677 1687 1679
1687 1677 1682
1688 1683 1684
1684 1681 1689
1690 1689 1681
1689 1690 1691
1689 1692 1684
1681 1668 1690
1662 1690 1668
1690 1662 1693
1693 1691 1690
1663 1693 1662
1693 1663 1664
1664 1694 1693
1691 1693 1694
1694 1664 1695
1665 1695 1664
1695 1665 1696
1697 1696 1665
1696 1697 1698
1699 1698 1697
1698 1699 1700
1665 1640 1697
1640 1665 1642
1637 1697 1640
1697 1637 1699
1629 1700 1699
1629 1699 1637
1700 1629 1628
1696 1698 1701
1702 1696 1701
1698 1703 1701
1703 1698 1704
1704 1698 1700
1700 1705 1704
1706 1705 1700
1706 1700 1628
1628 1707 1706
1708 1707 1628
1628 1627 1708
1696 1702 1709
1695 1696 1709
1695 1709 1710
1695 1710 1711
1694 1695 1711
1712 1694 1711
1694 1712 1713
1691 1694 1713
1691 1713 1714
1691 1714 1715
1689 1691 1715
1716 1689 1715
1689 1716 1692
1692 1717 1684
1684 1717 1688
1688 1718 1683
1683 1718 1686
1686 1719 1685
1720 1721 1722
1723 1722 1721
1722 1723 1724
1721 1725 1723
1726 1723 1725
1723 1726 1727
1727 1724 1723
1728 1727 1726
1726 1729 1728
1730 1728 1729
1728 1730 1731
1730 1732 1731
1733 1732 1730
1729 1726 1734
1725 1734 1726
1734 1735 1729
1730 1729 1735
1733 1730 1735
1735 1734 1736
1736 1651 1735
1651 1736 1737
1738 1736 1734
1734 1725 1738
1736 1738 1739
1739 1737 1736
1737 1636 1651
1636 1737 1635
1740 1635 1737
1737 1739 1740
1635 1740 1741
1742 1740 1739
1740 1742 1743
1743 1741 1740
1652 1735 1651
1652 1733 1735
1649 1732 1733
1649 1733 1652
1648 1732 1649
1732 1648 1744
1732 1744 1745
1732 1745 1746
1747 1746 1745
1746 1747 1748
1749 1748 1747
1748 1749 1727
1748 1731 1746
1732 1746 1731
1731 1748 1728
1727 1728 1748
1724 1727 1749
1750 1751 1743
1743 1751 1752
1753 1743 1752
1753 1752 1754
1741 1743 1753
1753 1630 1741
1630 1753 1625
1632 1741 1630
1741 1632 1635
1625 1753 1626
1753 1754 1626
1743 1742 1750
1742 1755 1750
1756 1755 1742
1742 1757 1756
1739 1757 1742
1757 1739 1738
1738 1758 1757
1758 1738 1725
1725 1721 1758
1759 1758 1721
1757 1760 1756
1761 1760 1757
1757 1758 1761
1758 1762 1761
1759 1762 1758
1721 1763 1759
1720 1763 1721
1722 1764 1720
705 688 690
1765 700 685
686 1765 685
456 464 467
1636 1634 1650
1634 1646 1650
1766 1767 1768
1767 1766 1769
1769 1766 1770
1771 1766 1768
1772 1768 1767
1768 1772 1773
1773 1771 1768
1771 1774 1766
1774 1771 1775
1771 1773 1775
1770 1776 1769
1776 1767 1769
1767 1776 1772
1776 1770 1777
1777 1766 1774
1766 1777 1770
1778 1779 1780
1779 1778 1781
1781 1782 1779
1783 1780 1779
1780 1784 1778
1784 1780 1785
1783 1785 1780
1786 1783 1779
1783 1786 1787
1785 1783 1787
1788 1782 1781
1788 1778 1784
1778 1788 1781
1782 1788 1789
1789 1779 1782
1779 1789 1786
1790 1791 1792
1790 1793 1791
1790 1794 1793
1790 1795 1794
1790 1796 1795
1797 1792 1791
1793 1797 1791
1792 1797 1798
1797 1799 1798
1799 1797 1800
1800 1801 1799
1801 1800 1802
1803 1802 1800
1802 1803 1804
1805 1804 1803
1804 1805 1806
1807 1806 1805
1806 1807 1808
1807 1809 1808
1809 1807 1810
1810 1811 1809
1811 1810 1812
1812 1813 1811
1813 1812 1814
1814 1815 1813
1815 1814 1816
1816 1817 1815
1817 1816 1818
1818 1819 1817
1819 1818 1820
1821 1814 1812
1814 1821 1822
1822 1816 1814
1823 1812 1810
1812 1823 1821
1810 1824 1823
1824 1810 1807
1805 1824 1807
1824 1805 1825
1803 1825 1805
1825 1803 1826
1800 1826 1803
1826 1800 1797
1827 1820 1818
1820 1827 1828
1829 1828 1827
1828 1829 1830
1831 1830 1829
1831 1829 1832
1827 1832 1829
1831 1832 1833
1831 1833 1834
1831 1834 1796
1832 1827 1835
1835 1833 1832
1833 1835 1822
1822 1834 1833
1818 1835 1827
1835 1818 1816
1816 1822 1835
1834 1822 1821
1821 1796 1834
1796 1821 1823
1823 1795 1796
1795 1823 1824
1825 1795 1824
1795 1825 1794
1826 1794 1825
1794 1826 1793
1797 1793 1826
1836 1837 1838
1837 1836 1839
1839 1840 1837
1840 1839 1841
1842 1840 1841
1840 1842 1843
1844 1843 1842
1843 1844 1845
1846 1845 1844
1845 1846 1847
1848 1847 1846
1847 1848 1849
1850 1849 1848
1849 1850 1851
1852 1851 1850
1851 1852 1853
1852 1854 1853
1854 1852 1855
1855 1856 1854
1856 1855 1857
1856 1858 1854
1858 1856 1859
1854 1860 1853
1860 1851 1853
1860 1854 1861
1854 1858 1861
1851 1860 1862
1863 1849 1851
1862 1863 1851
1849 1863 1864
1864 1847 1849
1847 1864 1865
1866 1857 1855
1857 1866 1867
1868 1867 1866
1867 1868 1869
1866 1870 1868
1870 1866 1871
1872 1870 1871
1870 1872 1873
1874 1873 1872
1873 1874 1875
1876 1875 1874
1875 1876 1877
1876 1878 1877
1878 1876 1879
1880 1878 1879
1878 1880 1881
1882 1881 1880
1881 1882 1883
1884 1883 1882
1883 1884 1885
1884 1886 1885
1886 1884 1887
1839 1887 1884
1887 1839 1836
1874 1846 1876
1876 1844 1879
1844 1876 1846
1879 1842 1880
1842 1879 1844
1880 1841 1882
1841 1880 1842
1884 1841 1839
1841 1884 1882
1888 1885 1886
1885 1888 1889
1883 1890 1881
1891 1881 1890
1881 1891 1878
1891 1877 1878
1877 1891 1892
1892 1875 1877
1875 1892 1893
1894 1875 1893
1875 1894 1873
1895 1873 1894
1873 1895 1870
1895 1868 1870
1868 1895 1896
1896 1869 1868
1869 1896 1897
1890 1883 1898
1885 1898 1883
1898 1885 1889
1899 1838 1837
1838 1899 1900
1837 1901 1899
1901 1837 1840
1900 1902 1838
1900 1903 1902
1904 1902 1903
1905 1901 1840
1840 1906 1905
1906 1840 1843
1845 1906 1843
1906 1845 1907
1908 1901 1905
1905 1909 1908
1845 1910 1907
1847 1910 1845
1910 1847 1911
1910 1912 1907
1912 1910 1913
1911 1847 1865
1914 1911 1865
1911 1914 1915
1871 1855 1852
1855 1871 1866
1850 1871 1852
1871 1850 1872
1848 1872 1850
1872 1848 1874
1846 1874 1848
1916 1917 1918
1917 1916 1919
1918 1920 1916
1920 1918 1921
1922 1923 1924
1923 1922 1925
1925 1926 1923
1927 1926 1925
1923 1926 1928
1929 1930 1931
1930 1929 1932
1933 1932 1929
1932 1933 1934
1935 1936 1937
1937 1936 1938
1939 1937 1938
1937 1939 1940
1938 1936 1941
1942 1943 1944
1943 1942 1945
1946 1947 1948
1947 1946 1949
1861 1858 1950
1951 1863 1862
1863 1951 1952
1953 1954 1955
1956 1954 1953
1957 1954 1956
1957 1958 1954
1958 1957 1959
1954 1958 1960
1961 1954 1960
1962 1954 1961
1963 1954 1962
1964 1954 1963
1964 1965 1954
1958 1966 1960
1967 1965 1964
1965 1967 1968
1968 1969 1965
1954 1965 1969
1969 1968 1970
1962 1961 1971
1954 1969 1972
1973 1954 1972
1953 1955 1974
1975 1976 1977
1977 1976 1978
1976 1979 1978
1980 1977 1978
1979 1976 1981
1981 1982 1979
1983 1979 1982
1984 1983 1982
1982 1985 1984
1985 1982 1986
1981 1986 1982
1983 1984 1987
1987 1988 1983
1988 1987 1989
1989 1990 1988
1990 1989 1991
1992 1988 1990
1988 1992 1993
1993 1983 1988
1983 1993 1994
1994 1979 1983
1986 1981 1995
1995 1985 1986
1996 1995 1981
1996 1997 1995
1995 1997 1998
1997 1999 1998
1999 1997 2000
1996 2001 1997
2002 1998 1999
1998 2002 2003
2003 1995 1998
2004 2000 1997
2001 2004 1997
2000 2004 2005
2000 2006 1999
2006 2000 2007
2005 2007 2000
2007 2005 2008
2009 2008 2005
2008 2009 2010
2011 2006 2007
2008 2011 2007
2006 2011 2012
2013 2012 2011
2012 2013 2014
2014 2015 2012
2015 2014 2016
2011 2017 2013
2017 2011 2018
2011 2008 2018
2010 2018 2008
2017 2018 2019
2018 2010 2019
2019 2020 2017
2020 2019 2021
2019 2022 2021
2022 2019 2010
2020 2021 2023
2024 2020 2023
2010 2025 2022
2025 2010 2009
2009 2026 2025
2026 2009 2027
2005 2027 2009
2027 2005 2004
2004 2001 2027
2027 2001 2028
2028 2001 2029
2030 2020 2024
2031 2030 2024
2031 2032 2030
2032 2031 2033
2030 2032 2017
2017 2020 2030
2032 2013 2017
2032 2034 2013
2013 2034 2014
2034 2032 2035
2032 2033 2035
2035 2033 2036
2033 2037 2036
2036 2037 2038
2036 2039 2035
2038 2039 2036
2034 2035 2039
2039 2038 2040
2039 2040 2041
2042 2041 2040
2041 2042 2043
2044 2043 2042
2043 2044 2045
2045 2046 2043
2046 2045 2047
2048 2043 2046
2043 2048 2041
2049 2041 2048
2041 2049 2050
2039 2041 2050
2040 2038 2051
2040 2051 2042
2050 2034 2039
2052 2034 2050
2049 2052 2050
2042 2053 2044
2054 2053 2042
2042 2051 2054
2055 2053 2054
2044 2053 2056
2056 2053 2057
2057 2053 2055
2058 2054 2051
2059 2054 2058
2055 2054 2059
2058 2051 2060
2060 2051 2038
2038 2037 2060
2048 2061 2049
2062 2049 2061
2063 2062 2061
2063 2064 2062
2063 2065 2064
2063 2066 2065
2063 2067 2066
2002 2064 2065
2064 2002 2068
2069 2067 2063
2063 2070 2069
2071 2070 2063
2061 2072 2063
2063 2072 2073
2063 2073 2074
2075 2071 2063
2049 2062 2016
2066 2067 2076
2064 2068 2015
2066 2076 2003
2065 2003 2002
2003 2065 2066
1989 2070 2071
2070 1989 1987
1987 2069 2070
1984 2067 2069
2069 1987 1984
2067 1984 1985
2076 2067 1985
2071 1991 1989
1991 2071 2075
2073 2047 2074
2047 2073 2046
2072 2046 2073
2046 2072 2048
2015 2016 2062
1985 1995 2076
1995 2003 2076
2015 2062 2064
2061 2048 2072
2068 2012 2015
2012 2068 2006
2068 1999 2006
1999 2068 2002
2077 2078 2079
2078 2077 2080
2081 2080 2077
2080 2081 2082
2082 2083 2080
2083 2082 2084
2085 2080 2083
2080 2085 2078
2083 2086 2085
2086 2083 2087
2084 2087 2083
2082 2088 2084
2089 2088 2082
2081 2089 2082
2090 2088 2089
2089 2091 2090
2088 2092 2084
2087 2084 2092
2092 2093 2087
2093 2092 2094
2092 2088 2095
2095 2094 2092
2090 2095 2088
2090 2096 2095
2090 2097 2096
2090 2091 2097
2098 2097 2091
2097 2098 2099
2100 2096 2097
2097 2099 2100
2101 2096 2100
2099 2101 2100
2099 2102 2101
2101 2103 2096
2096 2103 2104
2096 2104 2105
2094 2095 2105
2095 2096 2105
2098 2091 2106
2091 2107 2106
2105 2108 2094
2108 2105 2109
2104 2109 2105
2109 2104 2110
2104 2103 2110
2109 2111 2108
2112 2108 2111
2111 2113 2112
2113 2111 2114
2108 2112 2115
2112 2113 2116
2116 2115 2112
2111 2117 2114
2117 2111 2118
2111 2109 2118
2109 2110 2118
2110 2119 2118
2118 2119 2117
2115 2116 2120
2120 2093 2115
2093 2120 2121
2121 2087 2093
2087 2121 2086
2094 2115 2093
2115 2094 2108
2120 2122 2121
2122 2120 2123
2116 2123 2120
2124 2121 2122
2121 2124 2086
2125 2086 2124
2086 2125 2085
2122 2126 2124
2126 2122 2127
2123 2127 2122
2128 2085 2125
2125 2129 2128
2129 2125 2130
2124 2130 2125
2130 2124 2126
2131 2128 2129
2128 2131 2132
2132 2078 2128
2085 2128 2078
2078 2132 2079
2127 2123 2133
2134 2133 2123
2133 2134 2135
2136 2135 2134
2135 2136 2137
2134 2116 2136
2123 2116 2134
2138 2079 2132
2079 2138 2139
2140 2079 2139
2139 2141 2140
2142 2140 2141
2140 2142 2143
2141 2144 2142
2144 2141 2145
2145 2146 2144
2146 2145 2147
2148 2147 2145
2147 2148 2149
2150 2147 2149
2147 2150 2151
2151 2146 2147
2152 2151 2150
2151 2152 2153
2154 2153 2152
2153 2154 2155
2156 2155 2154
2155 2156 2157
2153 2158 2151
2146 2151 2158
2158 2159 2146
2159 2144 2146
2159 2158 2160
2161 2160 2158
2158 2153 2161
2155 2161 2153
2160 2161 2162
2163 2162 2161
2157 2163 2155
2161 2155 2163
2162 2163 2164
2163 2157 2165
2165 2164 2163
2166 2165 2157
2165 2166 2167
2164 2165 2168
2167 2168 2165
2169 2164 2168
2169 2168 2170
2168 2167 2170
2164 2169 2171
2172 2171 2169
2171 2172 2173
2171 2173 2174
2173 2172 2175
2169 2176 2172
2169 2170 2176
2171 2174 2177
2177 2164 2171
2164 2177 2162
2175 2172 2178
2178 2172 2179
2172 2176 2179
2180 2170 2167
2170 2180 2181
2181 2176 2170
2176 2181 2182
2181 2183 2182
2183 2181 2184
2184 2185 2183
2186 2183 2185
2183 2186 2187
2187 2182 2183
2185 2184 2188
2189 2188 2184
2181 2189 2184
2189 2181 2180
2180 2190 2189
2190 2180 2191
2191 2192 2190
2192 2191 2193
2166 2193 2191
2193 2166 2194
2188 2189 2195
2195 2196 2188
2196 2195 2197
2195 2198 2197
2198 2195 2199
2199 2189 2190
2189 2199 2195
2200 2198 2199
2200 2190 2192
2190 2200 2199
2157 2194 2166
2194 2157 2156
2191 2167 2166
2167 2191 2180
2201 2192 2193
2192 2201 2202
2202 2200 2192
2203 2193 2194
2193 2203 2201
2204 2202 2201
2202 2204 2205
2206 2194 2156
2194 2206 2203
2156 2207 2206
2207 2156 2154
2154 2208 2207
2208 2154 2152
2152 2209 2208
2209 2152 2150
2150 2210 2209
2210 2150 2149
2148 2210 2149
2210 2148 2211
2212 2208 2209
2208 2212 2213
2213 2207 2208
2211 2214 2210
2209 2214 2212
2214 2209 2210
2214 2211 2215
2216 2215 2211
2215 2216 2217
2138 2217 2216
2217 2138 2218
2216 2139 2138
2139 2216 2219
2219 2211 2148
2211 2219 2216
2141 2139 2219
2219 2145 2141
2145 2219 2148
2132 2218 2138
2218 2132 2131
2207 2213 2220
2220 2206 2207
2206 2220 2221
2221 2203 2206
2203 2221 2222
2222 2201 2203
2201 2222 2204
2223 2224 2225
2225 2224 2226
2224 2227 2226
2228 2223 2225
2228 2229 2223
2229 2228 2178
2230 2223 2229
2231 2223 2230
2231 2232 2223
2223 2232 2224
2233 2227 2224
2232 2233 2224
2233 2234 2227
2232 2235 2233
2227 2234 2236
2236 2237 2227
2226 2227 2237
2238 2235 2232
2238 2232 2231
2231 2186 2238
2187 2186 2231
2187 2231 2230
2239 2187 2230
2239 2230 2229
2229 2179 2239
2229 2178 2179
2182 2187 2239
2239 2179 2176
2239 2176 2182
2233 2235 2240
2238 2240 2235
2241 2240 2238
2238 2186 2242
2238 2242 2241
2186 2243 2242
2243 2186 2185
2188 2243 2185
2243 2188 2196
2237 2236 2244
2233 2240 2245
2234 2233 2245
2234 2245 2246
2247 2234 2246
2248 2234 2247
2236 2234 2248
2236 2248 2249
2244 2236 2249
2244 2249 2250
2251 2101 2252
2251 2252 2253
2254 2251 2253
2251 2254 2255
2251 2255 2101
2254 2253 2256
2253 2257 2256
2257 2253 2258
2258 2253 2252
2259 2254 2256
2254 2259 2260
2260 2261 2254
2101 2255 2103
2262 2103 2255
2262 2255 2254
2254 2261 2262
2103 2262 2110
2262 2261 2119
2262 2119 2110
2119 2261 2263
2261 2260 2263
2264 2260 2259
2265 2264 2259
2260 2264 2266
2263 2260 2266
2256 2267 2259
2267 2256 2257
2259 2267 2265
2257 2268 2267
2268 2265 2267
2269 2268 2257
2265 2268 2270
2271 2270 2268
2270 2271 2272
2273 2268 2269
2268 2273 2271
2273 2269 2274
2274 2269 2275
2275 2269 2276
2276 2269 2257
2257 2258 2276
2277 2177 2278
2277 2279 2177
2279 2162 2177
2162 2279 2160
2280 2160 2279
2160 2280 2159
2280 2281 2159
2281 2280 2282
2282 2280 2283
2282 2284 2281
2284 2282 2285
2285 2286 2284
2285 2287 2286
2287 2285 2288
2287 2289 2286
2289 2287 2107
2286 2289 2081
2287 2288 2290
2144 2159 2281
2142 2281 2284
2281 2142 2144
2284 2286 2143
2284 2143 2142
2286 2081 2143
2077 2143 2081
2143 2077 2140
2079 2140 2077
2081 2289 2089
2107 2089 2289
2089 2107 2091
2291 2107 2287
2287 2290 2291
2106 2107 2291
2285 2292 2288
2282 2292 2285
2293 2292 2282
2282 2283 2293
2283 2280 2294
2294 2280 2295
2295 2280 2279
2295 2279 2277
2296 2297 1992
1992 2297 1993
1993 2297 2298
2298 2299 1993
2298 2297 2300
2300 2297 2301
2301 2297 2296
2302 2299 2298
1993 2299 1994
1994 2299 2303
1994 2303 1979
2303 2299 1980
1980 2299 2302
1980 1978 2303
1979 2303 1978
2302 2298 2304
2298 2300 2304
2305 2022 2306
2022 2307 2306
2025 2307 2022
2025 2308 2307
2025 2309 2308
2026 2309 2025
2309 2026 2310
2310 2026 2311
2022 2305 2021
2021 2305 2312
2313 2021 2312
2311 2026 2314
2026 2027 2314
2314 2027 2028
2315 2314 2028
2311 2314 2315
2021 2313 2023
2315 2028 2316
2028 2317 2316
2028 2029 2317
2317 2029 1975
1975 2029 1976
2029 1981 1976
2029 1996 1981
2029 2001 1996
2318 2319 2320
2319 2318 2321
2322 2321 2318
2321 2322 2323
2324 2325 2326
2325 2324 2327
2328 2327 2324
2327 2328 2329
2330 2331 2332
2331 2330 2333
2334 2333 2330
2333 2334 2335
2336 2337 2338
2337 2336 2339
2340 2336 2338
2336 2340 2341
2342 2343 2344
2343 2342 2345
2346 2345 2342
2345 2346 2347
2348 2349 2350
2349 2348 2351
2350 2352 2348
2352 2350 2353
2354 2355 2356
2355 2354 2357
2356 2358 2354
2358 2356 2359
2360 2361 2362
2361 2360 2363
2362 2364 2360
2364 2362 2365
2366 2367 2368
2367 2366 2369
2368 2370 2366
2370 2368 2371
2372 2373 2374
2373 2372 2375
2376 2372 2374
2372 2376 2377
2378 2379 2380
2378 2381 2379
2379 2381 2382
2382 2381 2383
2382 2383 2384
2383 2381 2385
2385 2381 2386
2385 2386 2387
2386 2381 2388
2388 2381 2389
2388 2389 2390
2389 2381 2391
2391 2381 2392
2391 2392 2393
2392 2381 2394
2395 2392 2394
2396 2392 2395
2393 2392 2396
2397 2389 2391
2398 2389 2397
2390 2389 2398
2387 2386 2399
2399 2386 2400
2400 2386 2388
2401 2383 2385
2402 2383 2401
2384 2383 2402
2403 2394 2381
2404 2403 2381
2404 2405 2403
2406 2404 2381
2407 2406 2381
2407 2408 2406
2409 2407 2381
2410 2409 2381
2410 2411 2409
2412 2410 2381
2413 2412 2381
2413 2414 2412
2415 2413 2381
2378 2415 2381
2378 2416 2415
2405 2417 2403
2417 2418 2403
2418 2394 2403
2408 2419 2406
2419 2420 2406
2420 2404 2406
2414 2421 2412
2421 2422 2412
2422 2410 2412
2416 2423 2415
2423 2424 2415
2424 2413 2415
2425 2379 2426
2380 2379 2425
2426 2379 2382
2278 2177 2174
2252 2101 2102
2049 2016 2052
2052 2016 2014
2034 2052 2014
2427 2428 2429
2428 2430 2429
2429 2430 2431
2432 2430 2428
2431 2433 2429
2433 2431 2434
2435 2434 2431
2435 2436 2434
2437 2434 2436
2434 2437 2438
2433 2434 2438
2436 2435 2439
2440 2439 2435
2439 2440 2441
2442 2441 2440
2441 2442 2443
2440 2444 2442
2444 2440 2445
2435 2445 2440
2445 2435 2446
2446 2435 2431
2438 2447 2433
2437 2447 2438
2448 2433 2447
2448 2447 2449
2447 2450 2449
2451 2449 2450
2449 2451 2452
2448 2449 2453
2450 2454 2451
2454 2450 2455
2447 2455 2450
2452 2456 2449
2453 2449 2456
2456 2452 2457
2458 2452 2451
2452 2458 2459
2459 2457 2452
2457 2459 2460
2460 2461 2457
2461 2460 2462
2458 2463 2459
2463 2460 2459
2463 2458 2464
2464 2465 2463
2465 2464 2466
2467 2466 2464
2466 2467 2468
2469 2463 2465
2463 2469 2470
2460 2463 2470
2470 2462 2460
2469 2471 2470
2462 2470 2471
2471 2469 2472
2472 2473 2471
2474 2471 2473
2471 2474 2462
2472 2475 2473
2476 2475 2472
2462 2477 2461
2478 2461 2477
2461 2478 2479
2477 2462 2474
2479 2457 2461
2457 2479 2456
2456 2479 2453
2479 2480 2453
2480 2481 2453
2482 2476 2472
2483 2476 2482
2483 2482 2484
2484 2485 2483
2482 2469 2484
2469 2482 2472
2484 2469 2465
2484 2465 2486
2465 2466 2486
2486 2487 2484
2484 2487 2485
2487 2488 2485
2485 2488 2489
2488 2490 2489
2488 2487 2491
2491 2490 2488
2486 2491 2487
2490 2491 2492
2491 2493 2492
2493 2494 2492
2494 2493 2495
2495 2496 2494
2496 2495 2497
2498 2497 2495
2497 2498 2499
2495 2500 2498
2500 2495 2493
2493 2501 2500
2501 2493 2502
2491 2502 2493
2492 2503 2490
2492 2494 2503
2502 2491 2486
2504 2502 2486
2501 2502 2504
2494 2496 2505
2506 2494 2505
2494 2506 2503
2507 2506 2505
2496 2508 2505
2508 2509 2505
2509 2507 2505
2510 2503 2506
2511 2510 2506
2507 2511 2506
2510 2512 2503
2512 2490 2503
2490 2512 2489
2513 2500 2501
2501 2514 2513
2515 2513 2514
2515 2514 2516
2515 2516 2517
2515 2517 2518
2515 2518 2519
2516 2454 2517
2454 2516 2520
2521 2515 2519
2515 2521 2522
2523 2515 2522
2513 2515 2524
2500 2513 2524
2515 2525 2524
2515 2526 2525
2527 2515 2523
2514 2501 2468
2518 2528 2519
2516 2467 2520
2518 2455 2528
2517 2455 2518
2455 2517 2454
2522 2441 2523
2441 2522 2439
2521 2439 2522
2519 2436 2521
2439 2521 2436
2523 2443 2527
2443 2523 2441
2499 2525 2526
2525 2499 2498
2498 2524 2525
2524 2498 2500
2467 2514 2468
2455 2447 2528
2447 2437 2528
2436 2519 2437
2528 2437 2519
2467 2516 2514
2501 2504 2468
2504 2466 2468
2486 2466 2504
2529 2530 2531
2532 2530 2529
2532 2529 2533
2533 2534 2532
2533 2535 2534
2535 2533 2536
2537 2536 2533
2537 2533 2529
2538 2537 2529
2531 2538 2529
2537 2538 2539
2540 2535 2536
2534 2535 2540
2534 2540 2541
2540 2536 2542
2537 2543 2536
2537 2539 2543
2536 2544 2542
2536 2545 2544
2543 2545 2536
2538 2546 2539
2539 2547 2543
2547 2539 2548
2546 2548 2539
2543 2549 2545
2549 2543 2547
2550 2545 2549
2545 2550 2551
2551 2544 2545
2544 2551 2552
2544 2552 2542
2553 2551 2550
2551 2553 2554
2551 2554 2552
2552 2554 2555
2553 2556 2554
2554 2556 2555
2556 2553 2557
2542 2552 2558
2558 2552 2555
2558 2555 2559
2555 2560 2559
2559 2560 2561
2561 2562 2559
2562 2558 2559
2563 2562 2561
2562 2563 2564
2562 2564 2565
2565 2564 2566
2566 2567 2565
2562 2565 2568
2568 2565 2569
2567 2569 2565
2568 2569 2540
2568 2570 2562
2568 2540 2570
2558 2562 2570
2558 2570 2542
2540 2542 2570
2561 2571 2563
2572 2563 2571
2571 2561 2573
2560 2573 2561
2564 2574 2566
2574 2564 2563
2563 2572 2574
2566 2574 2575
2572 2575 2574
2576 2566 2575
2575 2572 2577
2577 2578 2575
2578 2577 2579
2580 2575 2578
2575 2580 2576
2580 2581 2576
2581 2582 2576
2582 2583 2576
2583 2566 2576
2566 2583 2567
2584 2585 2586
2586 2587 2584
2587 2588 2584
2588 2587 2589
2587 2590 2589
2584 2591 2585
2585 2592 2586
2587 2586 2593
2587 2593 2590
2584 2594 2591
2588 2594 2584
2592 2595 2586
2595 2596 2586
2586 2596 2593
2597 2588 2589
2588 2597 2598
2598 2599 2588
2594 2588 2599
2599 2598 2600
2600 2601 2599
2601 2600 2602
2602 2603 2601
2603 2602 2604
2599 2605 2594
2605 2599 2601
2606 2594 2605
2606 2607 2594
2601 2608 2605
2608 2601 2603
2609 2608 2603
2608 2609 2610
2610 2611 2608
2612 2610 2609
2610 2612 2613
2613 2612 2614
2613 2614 2615
2615 2616 2613
2617 2615 2614
2615 2617 2531
2614 2618 2617
2615 2619 2616
2609 2620 2612
2620 2609 2621
2603 2621 2609
2621 2603 2604
2612 2622 2614
2612 2620 2622
2614 2622 2618
2618 2538 2617
2538 2531 2617
2618 2546 2538
2623 2615 2531
2615 2623 2619
2530 2623 2531
2613 2616 2624
2610 2613 2624
2625 2610 2624
2610 2625 2611
2611 2626 2608
2626 2627 2608
2627 2605 2608
2627 2606 2605
2628 2629 2630
2629 2631 2630
2630 2631 2632
2633 2629 2628
2633 2628 2634
2634 2595 2633
2635 2634 2628
2636 2635 2628
2636 2628 2637
2628 2630 2637
2638 2630 2632
2637 2630 2638
2638 2632 2639
2637 2638 2640
2632 2641 2639
2641 2632 2642
2631 2642 2632
2643 2637 2640
2643 2636 2637
2636 2643 2644
2645 2636 2644
2645 2635 2636
2644 2646 2645
2646 2644 2647
2647 2648 2646
2649 2646 2648
2646 2649 2650
2650 2645 2646
2649 2593 2650
2593 2649 2590
2651 2590 2649
2590 2651 2652
2652 2589 2590
2589 2652 2597
2648 2647 2653
2653 2654 2648
2649 2654 2651
2654 2649 2648
2654 2653 2655
2656 2655 2653
2655 2656 2657
2658 2650 2593
2645 2650 2658
2658 2635 2645
2658 2593 2596
2634 2658 2596
2658 2634 2635
2653 2659 2656
2659 2653 2647
2644 2659 2647
2659 2644 2660
2643 2660 2644
2643 2661 2660
2661 2643 2662
2643 2640 2662
2638 2662 2640
2638 2663 2662
2639 2663 2638
2639 2664 2663
2665 2664 2639
2666 2665 2639
2641 2666 2639
2641 2667 2666
2668 2667 2641
2642 2668 2641
2668 2669 2667
2670 2444 2671
2444 2445 2671
2445 2672 2671
2672 2445 2673
2672 2674 2671
2674 2675 2671
2675 2670 2671
2676 2672 2673
2445 2446 2673
2446 2677 2673
2446 2431 2677
2677 2432 2673
2432 2676 2673
2432 2677 2430
2431 2430 2677
2676 2678 2672
2672 2678 2674
2679 2680 2474
2474 2680 2681
2477 2474 2681
2477 2681 2682
2477 2682 2683
2478 2477 2683
2683 2684 2478
2684 2685 2478
2474 2473 2679
2473 2686 2679
2687 2686 2473
2685 2688 2478
2478 2688 2479
2688 2480 2479
2689 2480 2688
2685 2689 2688
2473 2475 2687
2689 2690 2480
2480 2690 2691
2480 2691 2481
2691 2427 2481
2427 2429 2481
2481 2429 2433
2481 2433 2448
2481 2448 2453
2200 2692 2693
2694 2693 2692
2693 2694 2695
2200 2202 2692
2692 2205 2694
2205 2692 2202
2696 2697 2698
2697 2696 2699
2698 2700 2696
2700 2698 2701
2702 2703 2704
2703 2702 2705
2704 2706 2702
2706 2704 2707
2708 2709 2710
2709 2708 2711
2710 2712 2708
2712 2710 2713
2714 2715 2716
2715 2714 2717
2715 2718 2716
2718 2715 2719
2720 2721 2722
2721 2720 2723
2722 2724 2720
2724 2722 2725
2726 2727 2728
2727 2726 2729
2730 2728 2727
2728 2730 2731
2732 2733 2734
2733 2732 2735
2736 2734 2733
2734 2736 2737
2738 2739 2740
2739 2738 2741
2742 2740 2739
2740 2742 2743
2744 2745 2746
2745 2744 2747
2748 2746 2745
2746 2748 2749
2750 2751 2752
2751 2750 2753
2751 2754 2752
2754 2751 2755
2756 2757 2409
2411 2756 2409
2757 2407 2409
2607 2591 2594
2634 2596 2595
2569 2541 2540
2451 2520 2458
2520 2451 2454
2520 2464 2458
2464 2520 2467
2758 2759 2760
2758 2760 2761
2758 2761 2762
2758 2762 2763
2758 2763 2764
2759 2765 2760
2765 2761 2760
2765 2759 2766
2767 2765 2766
2765 2767 2768
2769 2768 2767
2768 2769 2770
2770 2771 2768
2771 2770 2772
2772 2773 2771
2773 2772 2774
2774 2775 2773
2775 2774 2776
2777 2775 2776
2775 2777 2778
2779 2778 2777
2778 2779 2780
2781 2780 2779
2780 2781 2782
2783 2782 2781
2782 2783 2784
2785 2784 2783
2784 2785 2786
2787 2786 2785
2786 2787 2788
2782 2789 2780
2789 2782 2790
2784 2790 2782
2791 2780 2789
2780 2791 2778
2792 2778 2791
2778 2792 2775
2792 2773 2775
2773 2792 2793
2793 2771 2773
2771 2793 2794
2794 2768 2771
2768 2794 2765
2788 2795 2786
2795 2788 2796
2796 2797 2795
2797 2796 2798
2799 2797 2798
2799 2800 2797
2800 2795 2797
2799 2801 2800
2799 2802 2801
2799 2764 2802
2795 2800 2803
2801 2803 2800
2803 2801 2790
2802 2790 2801
2803 2786 2795
2786 2803 2784
2790 2784 2803
2790 2802 2789
2764 2789 2802
2789 2764 2791
2763 2791 2764
2791 2763 2792
2763 2793 2792
2793 2763 2762
2762 2794 2793
2794 2762 2761
2761 2765 2794
2804 2805 2806
2805 2804 2807
2808 2806 2805
2806 2808 2809
2808 2810 2809
2810 2808 2811
2811 2812 2810
2812 2811 2813
2813 2814 2812
2814 2813 2815
2815 2816 2814
2816 2815 2817
2817 2818 2816
2818 2817 2819
2819 2820 2818
2820 2819 2821
2822 2820 2821
2820 2822 2823
2824 2823 2822
2823 2824 2825
2826 2824 2822
2824 2826 2827
2828 2822 2821
2819 2828 2821
2822 2828 2829
2822 2829 2826
2828 2819 2830
2817 2831 2819
2830 2819 2831
2831 2817 2832
2815 2832 2817
2832 2815 2833
2825 2834 2823
2834 2825 2835
2835 2836 2834
2836 2835 2837
2838 2834 2836
2834 2838 2839
2838 2840 2839
2840 2838 2841
2841 2842 2840
2842 2841 2843
2843 2844 2842
2844 2843 2845
2846 2844 2845
2844 2846 2847
2846 2848 2847
2848 2846 2849
2849 2850 2848
2850 2849 2851
2851 2852 2850
2852 2851 2853
2854 2852 2853
2852 2854 2855
2855 2806 2852
2806 2855 2804
2814 2842 2844
2842 2814 2816
2816 2840 2842
2840 2816 2818
2818 2839 2840
2839 2818 2820
2823 2839 2820
2839 2823 2834
2809 2852 2806
2852 2809 2850
2809 2848 2850
2848 2809 2810
2810 2847 2848
2847 2810 2812
2812 2844 2847
2844 2812 2814
2856 2807 2857
2807 2856 2805
2858 2805 2856
2805 2858 2808
2857 2807 2859
2857 2859 2860
2861 2860 2859
2862 2808 2858
2863 2808 2862
2808 2863 2811
2863 2813 2811
2813 2863 2864
2865 2862 2858
2862 2865 2866
2813 2864 2867
2867 2815 2813
2815 2867 2868
2869 2867 2864
2867 2869 2870
2868 2833 2815
2868 2871 2833
2871 2868 2872
2873 2853 2874
2853 2873 2854
2853 2875 2874
2875 2853 2851
2851 2876 2875
2876 2851 2849
2849 2877 2876
2877 2849 2846
2845 2877 2846
2877 2845 2878
2843 2878 2845
2878 2843 2879
2843 2880 2879
2880 2843 2841
2841 2881 2880
2881 2841 2838
2836 2881 2838
2881 2836 2882
2837 2882 2836
2882 2837 2883
2884 2885 2886
2885 2884 2887
2888 2886 2885
2886 2888 2889
2890 2891 2892
2891 2890 2893
2893 2890 2894
2895 2893 2894
2890 2896 2894
2897 2898 2899
2898 2897 2900
2899 2901 2897
2901 2899 2902
2903 2904 2905
2904 2906 2905
2904 2907 2906
2907 2904 2908
2906 2909 2905
2910 2911 2912
2911 2910 2913
2914 2915 2916
2915 2914 2917
2829 2918 2826
2831 2919 2830
2919 2831 2920
2921 2922 2923
2924 2921 2923
2925 2924 2923
2925 2923 2926
2926 2927 2925
2923 2928 2926
2929 2928 2923
2930 2929 2923
2931 2930 2923
2932 2931 2923
2932 2923 2933
2926 2928 2934
2933 2935 2932
2935 2933 2936
2937 2936 2933
2923 2937 2933
2936 2937 2938
2923 2939 2937
2930 2940 2929
2941 2939 2923
2921 2942 2922
