byte offset: 0
first index: 0
index count: 5484
topology: trianglelist
format: DXGI_FORMAT_R16_UINT

0 1 2
1 0 3
2 1 4
5 6 7
6 5 8
9 10 11
10 12 11
12 10 13
9 11 14
9 14 15
16 15 14
16 14 17
16 17 18
19 18 17
18 19 20
21 22 23
22 21 24
25 26 27
26 25 28
29 30 31
32 33 34
33 32 35
36 37 38
37 36 39
40 36 38
36 40 41
42 43 44
43 42 45
46 47 48
49 50 51
50 49 52
51 53 49
54 55 56
55 54 57
58 59 60
59 58 61
62 63 64
63 62 65
66 67 68
69 70 71
70 69 72
73 74 75
74 73 76
77 78 79
80 81 82
81 80 83
84 82 81
82 84 85
86 85 84
85 86 87
88 87 86
87 88 89
90 89 88
89 90 91
92 91 90
91 92 93
94 93 92
93 94 95
96 83 80
83 96 97
98 97 96
97 98 99
94 100 95
100 94 101
101 102 100
102 101 103
103 104 102
104 103 105
105 106 104
106 105 107
107 108 106
108 107 109
109 110 108
110 109 111
111 112 110
112 111 113
98 114 99
113 115 112
115 113 114
114 98 115
116 117 118
119 116 118
120 119 118
121 120 118
122 121 118
123 122 118
124 123 118
117 125 118
125 126 118
124 118 127
127 118 128
128 118 129
129 118 130
130 118 131
131 118 132
132 118 133
134 118 126
133 118 134
135 136 137
136 138 137
138 139 137
139 140 137
140 141 137
141 142 137
142 143 137
144 135 137
145 144 137
146 137 143
147 137 146
148 137 147
149 137 148
150 137 149
151 137 150
152 137 151
145 137 153
153 137 152
154 155 156
155 154 157
158 156 155
156 158 159
160 159 158
159 160 161
162 161 160
161 162 163
164 163 162
163 164 165
166 165 164
165 166 167
168 167 166
167 168 169
170 157 154
157 170 171
172 171 170
171 172 173
168 174 169
174 168 175
175 176 174
176 175 177
177 178 176
178 177 179
179 180 178
180 179 181
181 182 180
182 181 183
183 184 182
184 183 185
185 186 184
186 185 187
172 188 173
187 189 186
189 187 188
188 172 189
190 191 192
191 190 193
194 192 191
192 194 195
196 195 194
195 196 197
198 197 196
197 198 199
200 199 198
199 200 201
202 201 200
201 202 203
204 203 202
203 204 205
206 193 190
193 206 207
208 207 206
207 208 209
204 210 205
210 204 211
211 212 210
212 211 213
213 214 212
214 213 215
215 216 214
216 215 217
217 218 216
218 217 219
219 220 218
220 219 221
221 222 220
222 221 223
208 224 209
223 225 222
225 223 224
224 208 225
226 227 228
229 227 226
230 227 229
227 230 231
230 229 232
230 232 233
232 229 234
232 234 235
236 237 238
237 236 239
240 241 242
243 242 241
243 244 242
245 242 244
243 246 244
247 244 246
248 246 243
249 246 248
250 251 252
251 250 253
254 255 256
255 254 257
258 259 260
259 258 261
262 263 264
263 262 265
266 267 268
267 266 269
270 271 272
271 270 273
274 275 276
275 274 277
278 279 280
279 278 281
282 283 284
283 282 285
286 287 288
289 286 288
290 289 288
288 291 290
290 292 289
290 293 292
292 294 289
292 295 294
296 297 298
297 296 299
300 301 302
303 302 301
303 301 304
305 304 301
303 304 306
307 306 304
308 303 306
309 308 306
310 311 312
311 310 313
314 315 316
315 314 317
318 319 320
319 318 321
322 323 324
323 322 325
326 327 328
327 326 329
330 331 332
331 330 333
334 335 336
335 334 337
338 339 340
339 338 341
342 343 344
343 342 345
346 347 348
346 348 349
348 350 349
351 350 348
350 351 352
352 353 350
353 352 354
346 355 347
346 356 355
355 356 357
357 358 355
358 357 359
360 359 357
359 360 361
362 363 364
363 362 365
366 367 368
367 366 369
370 367 369
367 370 371
372 373 374
372 375 373
373 375 376
376 377 373
377 376 378
379 378 376
378 379 380
372 374 381
372 381 382
381 383 382
384 383 381
383 384 385
385 386 383
386 385 387
388 389 390
389 388 391
392 393 394
393 392 395
396 397 398
397 396 399
400 401 402
401 400 403
404 405 406
405 404 407
408 409 410
409 408 411
412 413 414
413 412 415
416 415 412
415 416 417
418 414 413
414 418 419
416 420 417
420 416 421
422 419 418
419 422 423
424 420 421
420 424 425
426 427 428
427 426 429
430 431 432
430 432 433
432 434 433
435 434 432
434 435 436
436 437 434
437 436 438
430 439 431
430 440 439
439 440 441
441 442 439
442 441 443
444 443 441
443 444 445
446 447 448
447 446 449
450 451 452
451 450 453
454 451 453
451 454 455
456 457 458
456 459 457
457 459 460
460 461 457
461 460 462
463 462 460
462 463 464
456 458 465
456 465 466
465 467 466
468 467 465
467 468 469
469 470 467
470 469 471
472 473 474
473 472 475
476 477 478
477 476 479
480 481 482
481 480 483
484 485 486
485 484 487
488 489 490
489 488 491
492 493 494
493 492 495
496 497 498
497 496 499
500 499 496
499 500 501
502 498 497
498 502 503
500 504 501
504 500 505
506 503 502
503 506 507
508 504 505
504 508 509
510 511 512
511 510 513
514 515 516
514 517 515
515 517 518
518 519 515
519 518 520
521 520 518
520 521 522
514 516 523
514 523 524
523 525 524
526 525 523
525 526 527
527 528 525
528 527 529
530 531 532
531 530 533
534 535 536
535 534 537
534 538 537
538 534 539
540 541 542
540 542 543
542 544 543
545 544 542
544 545 546
546 547 544
547 546 548
540 549 541
540 550 549
549 550 551
551 552 549
552 551 553
554 553 551
553 554 555
556 557 558
557 556 559
560 561 562
561 560 563
564 565 566
565 564 567
568 569 570
569 568 571
572 573 574
573 572 575
576 577 578
577 576 579
580 581 582
581 580 583
583 584 581
584 583 585
582 586 580
586 582 587
588 584 585
584 588 589
587 590 586
590 587 591
588 592 589
592 588 593
594 595 596
595 594 597
598 599 600
599 598 601
602 600 599
600 602 603
604 603 602
603 604 605
606 605 604
605 606 607
608 607 606
607 608 609
610 609 608
609 610 611
612 611 610
611 612 613
614 613 612
613 614 615
616 615 614
615 616 617
616 618 617
618 616 619
619 620 618
620 619 621
621 622 620
622 621 623
623 624 622
624 623 625
625 626 624
626 625 627
627 628 626
628 627 629
629 630 628
630 629 631
631 632 630
632 631 633
633 598 632
598 633 601
634 635 636
635 634 637
638 637 634
637 638 639
640 639 638
639 640 641
642 641 640
641 642 643
644 643 642
643 644 645
646 645 644
645 646 647
648 647 646
647 648 649
650 649 648
649 650 651
652 651 650
651 652 653
652 654 653
654 652 655
655 656 654
656 655 657
657 658 656
658 657 659
659 660 658
660 659 661
661 662 660
662 661 663
663 664 662
664 663 665
665 666 664
666 665 667
667 668 666
668 667 669
669 635 668
635 669 636
670 671 672
671 670 673
674 672 671
672 674 675
676 675 674
675 676 677
678 677 676
677 678 679
680 679 678
679 680 681
682 681 680
681 682 683
684 683 682
683 684 685
686 685 684
685 686 687
688 687 686
687 688 689
688 690 689
690 688 691
691 692 690
692 691 693
693 694 692
694 693 695
695 696 694
696 695 697
697 698 696
698 697 699
699 700 698
700 699 701
701 702 700
702 701 703
703 704 702
704 703 705
705 670 704
670 705 673
706 707 708
707 706 709
710 708 707
708 710 711
712 711 710
711 712 713
714 713 712
713 714 715
716 715 714
715 716 717
718 717 716
717 718 719
720 719 718
719 720 721
722 721 720
721 722 723
724 723 722
723 724 725
724 726 725
726 724 727
727 728 726
728 727 729
729 730 728
730 729 731
731 732 730
732 731 733
733 734 732
734 733 735
735 736 734
736 735 737
737 738 736
738 737 739
739 740 738
740 739 741
741 706 740
706 741 709
742 743 744
743 742 745
746 745 742
745 746 747
748 747 746
747 748 749
750 749 748
749 750 751
752 751 750
751 752 753
754 753 752
753 754 755
756 755 754
755 756 757
758 757 756
757 758 759
760 759 758
759 760 761
760 762 761
762 760 763
763 764 762
764 763 765
765 766 764
766 765 767
767 768 766
768 767 769
769 770 768
770 769 771
771 772 770
772 771 773
773 774 772
774 773 775
775 776 774
776 775 777
777 743 776
743 777 744
778 779 780
779 781 780
781 782 780
782 783 780
783 784 780
784 785 780
785 786 780
786 787 780
787 788 780
778 780 789
789 780 790
790 780 791
791 780 792
792 780 793
793 780 794
794 780 795
795 780 796
796 780 788
797 798 799
800 797 799
801 800 799
802 801 799
803 802 799
804 803 799
805 804 799
806 805 799
807 806 799
808 799 798
809 799 808
810 799 809
811 799 810
812 799 811
813 799 812
814 799 813
815 799 814
807 799 815
816 817 818
817 816 819
819 820 817
820 819 821
822 820 821
820 822 823
824 825 826
825 824 827
828 829 830
829 828 831
832 833 834
833 832 835
836 837 838
837 836 839
840 841 842
841 840 843
844 845 846
845 844 847
847 848 845
848 847 849
850 848 849
848 850 851
852 853 854
853 852 855
856 857 858
857 856 859
860 861 862
861 860 863
864 865 866
865 864 867
868 869 870
869 868 871
872 873 874
873 872 875
876 877 878
877 876 879
880 881 882
881 880 883
884 885 886
885 884 887
888 889 890
889 888 891
892 893 894
893 892 895
896 897 898
897 896 899
900 901 902
901 900 903
904 905 906
905 904 907
908 909 910
909 908 911
912 910 909
910 912 913
912 914 913
914 912 915
916 917 918
917 916 919
920 921 922
921 920 923
924 925 926
925 924 927
928 929 930
929 928 931
932 933 934
933 932 935
936 937 938
937 936 939
940 941 942
942 943 940
943 942 944
945 944 942
944 945 946
940 947 941
947 940 948
949 944 946
946 950 949
950 946 951
952 953 954
953 952 955
956 954 953
957 954 956
956 953 958
954 957 959
960 961 962
961 960 963
964 965 966
967 965 964
965 967 968
968 969 965
969 968 970
971 970 968
972 970 971
970 972 973
974 964 966
964 974 975
976 977 978
977 976 979
978 980 976
976 980 981
978 982 980
982 978 983
984 985 986
985 984 987
987 988 985
988 987 989
990 991 992
991 990 993
994 995 996
995 994 997
998 999 1000
999 998 1001
1002 1003 1004
1003 1002 1005
1006 1007 1008
1007 1006 1009
1010 1011 1012
1011 1010 1013
1014 1015 1016
1015 1014 1017
1018 1019 1020
1019 1018 1021
1022 1023 1024
1023 1022 1025
1026 1027 1028
1027 1026 1029
1030 1031 1032
1031 1030 1033
1034 1035 1036
1035 1034 1037
1037 1034 1038
1039 1040 1041
1042 1040 1039
1040 1042 1043
1040 1043 1044
1039 1045 1042
1045 1039 1046
1047 1045 1046
1047 1046 1048
1045 1047 1049
1049 1047 1050
1051 1052 1053
1052 1051 1054
1055 1056 1057
1056 1055 1058
1059 1060 1061
1060 1059 1062
1059 1063 1062
1063 1059 1064
1065 1066 1067
1066 1065 1068
1069 1065 1067
1065 1069 1070
1069 1071 1070
1071 1069 1072
1068 1072 1066
1072 1068 1071
1073 1074 1075
1074 1073 1076
1077 1078 1079
1078 1077 1080
1081 1077 1079
1082 1083 1084
1083 1082 1085
1086 1083 1085
1083 1086 1087
1088 1089 1090
1089 1088 1091
1092 1093 1094
1093 1092 1095
1094 1093 1096
1095 1092 1097
1095 1098 1093
1098 1095 1099
1100 1101 1102
1101 1100 1103
1100 1104 1103
1104 1100 1105
1105 1106 1104
1106 1105 1107
1108 1109 1110
1109 1108 1111
1112 1113 1114
1113 1112 1115
1116 1117 1118
1117 1116 1119
1120 1121 1122
1121 1120 1123
1124 1125 1126
1125 1124 1127
1128 1129 1130
1129 1128 1131
1132 1133 1134
1133 1132 1135
1136 1137 1138
1137 1136 1139
1140 1141 1142
1143 1141 1140
1141 1143 1144
1144 1145 1141
1145 1144 1146
1147 1140 1142
1140 1147 1148
1149 1146 1144
1150 1146 1149
1146 1150 1151
1152 1153 1154
1153 1152 1155
1156 1152 1154
1157 1156 1154
1156 1158 1152
1154 1159 1157
1160 1161 1162
1161 1160 1163
1164 1165 1166
1166 1167 1164
1167 1166 1168
1169 1168 1166
1168 1169 1170
1171 1168 1170
1170 1172 1171
1172 1170 1173
1164 1174 1165
1174 1164 1175
1176 1177 1178
1177 1176 1179
1179 1176 1180
1176 1181 1180
1179 1180 1182
1182 1183 1179
1184 1185 1186
1185 1184 1187
1188 1187 1184
1187 1188 1189
1190 1191 1192
1191 1190 1193
1194 1195 1196
1195 1194 1197
1198 1199 1200
1199 1198 1201
1202 1203 1204
1203 1202 1205
1206 1207 1208
1207 1206 1209
1210 1211 1212
1211 1210 1213
1214 1215 1216
1215 1214 1217
1218 1219 1220
1219 1218 1221
1222 1223 1224
1223 1222 1225
1226 1227 1228
1227 1226 1229
1230 1231 1232
1231 1230 1233
1234 1235 1236
1235 1234 1237
1236 1238 1234
1239 1240 1241
1241 1242 1239
1242 1241 1243
1241 1244 1243
1245 1239 1242
1239 1245 1246
1245 1247 1246
1247 1248 1246
1247 1245 1249
1249 1250 1247
1251 1252 1253
1252 1251 1254
1255 1256 1257
1256 1255 1258
1259 1260 1261
1260 1259 1262
1263 1260 1262
1260 1263 1264
1265 1266 1267
1266 1265 1268
1266 1269 1267
1269 1266 1270
1271 1269 1270
1269 1271 1272
1268 1272 1271
1272 1268 1265
1273 1274 1275
1274 1273 1276
1277 1278 1279
1278 1277 1280
1281 1280 1277
1282 1283 1284
1283 1282 1285
1282 1286 1285
1286 1282 1287
1288 1289 1290
1289 1288 1291
1292 1293 1294
1293 1292 1295
1294 1296 1292
1295 1297 1293
1298 1295 1292
1295 1298 1299
1300 1301 1302
1301 1300 1303
1304 1301 1303
1301 1304 1305
1306 1305 1304
1305 1306 1307
1308 1309 1310
1309 1308 1311
1312 1313 1314
1313 1312 1315
1316 1317 1318
1317 1316 1319
1320 1321 1322
1321 1320 1323
1324 1325 1326
1325 1324 1327
1328 1329 1330
1329 1328 1331
1332 1333 1334
1333 1332 1335
1336 1337 1338
1337 1336 1339
1340 1341 1342
1343 1341 1340
1341 1343 1344
1344 1345 1341
1345 1344 1346
1347 1340 1342
1340 1347 1348
1349 1346 1344
1350 1346 1349
1346 1350 1351
1352 1353 1354
1353 1352 1355
1356 1352 1354
1357 1356 1354
1356 1358 1352
1354 1359 1357
1360 1361 1362
1361 1360 1363
1364 1365 1366
1366 1367 1364
1367 1366 1368
1369 1368 1366
1368 1369 1370
1371 1368 1370
1370 1372 1371
1372 1370 1373
1364 1374 1365
1374 1364 1375
1376 1377 1378
1377 1376 1379
1379 1376 1380
1376 1381 1380
1379 1380 1382
1382 1383 1379
1384 1385 1386
1385 1384 1387
1388 1387 1384
1387 1388 1389
1390 1391 1392
1391 1390 1393
1394 1395 1396
1395 1394 1397
1398 1399 1400
1399 1398 1401
1402 1403 1404
1403 1402 1405
1406 1407 1408
1407 1406 1409
1410 1411 1412
1411 1410 1413
1414 1415 1416
1415 1414 1417
1418 1419 1420
1419 1418 1421
1422 1423 1424
1423 1422 1425
1426 1427 1428
1427 1426 1429
1430 1431 1432
1431 1430 1433
1434 1435 1436
1435 1434 1437
1436 1438 1434
1439 1440 1441
1441 1442 1439
1442 1441 1443
1441 1444 1443
1445 1439 1442
1439 1445 1446
1445 1447 1446
1447 1448 1446
1447 1445 1449
1449 1450 1447
1451 1452 1453
1452 1451 1454
1455 1456 1457
1456 1455 1458
1459 1460 1461
1460 1459 1462
1463 1460 1462
1460 1463 1464
1465 1466 1467
1466 1465 1468
1466 1469 1467
1469 1466 1470
1471 1469 1470
1469 1471 1472
1468 1472 1471
1472 1468 1465
1473 1474 1475
1474 1473 1476
1477 1478 1479
1478 1477 1480
1481 1480 1477
1482 1483 1484
1483 1482 1485
1482 1486 1485
1486 1482 1487
1488 1489 1490
1489 1488 1491
1492 1493 1494
1493 1492 1495
1494 1496 1492
1495 1497 1493
1498 1495 1492
1495 1498 1499
1500 1501 1502
1501 1500 1503
1504 1501 1503
1501 1504 1505
1506 1505 1504
1505 1506 1507
1508 1509 1510
1509 1508 1511
1512 1513 1514
1513 1512 1515
1516 1517 1518
1517 1516 1519
1520 1521 1522
1523 1522 1521
1524 1523 1521
1524 1525 1523
1524 1526 1525
1526 1524 1527
1526 1527 1528
1529 1527 1524
1529 1524 1521
1527 1529 1530
1530 1531 1527
1531 1530 1532
1530 1529 1533
1533 1529 1521
1530 1533 1534
1521 1535 1533
1536 1525 1526
1536 1526 1537
1533 1535 1538
1538 1535 1539
1538 1539 1540
1538 1540 1541
1540 1539 1542
1542 1539 1543
1544 1543 1539
1543 1544 1545
1543 1545 1546
1544 1547 1545
1545 1547 1548
1544 1549 1547
1547 1549 1550
1544 1551 1549
1552 1551 1544
1552 1553 1551
1549 1551 1554
1542 1555 1540
1540 1555 1556
1555 1542 1557
1557 1558 1555
1558 1557 1559
1557 1542 1560
1561 1525 1536
1562 1561 1536
1561 1562 1563
1564 1563 1562
1563 1564 1565
1564 1566 1565
1566 1564 1567
1567 1568 1566
1568 1567 1569
1568 1569 1570
1569 1571 1570
1569 1572 1571
1571 1573 1570
1573 1571 1574
1571 1575 1574
1574 1576 1573
1576 1574 1577
1578 1577 1574
1577 1578 1579
1577 1580 1576
1577 1581 1580
1580 1582 1576
1576 1582 1573
1582 1580 1583
1580 1584 1583
1584 1585 1583
1584 1586 1585
1584 1587 1586
1586 1588 1585
1588 1589 1585
1589 1590 1585
1590 1589 1591
1589 1592 1591
1590 1591 1593
1591 1594 1593
1590 1593 1595
1593 1596 1595
1590 1595 1597
1598 1590 1597
1598 1597 1599
1595 1600 1597
1601 1588 1586
1586 1602 1601
1588 1601 1603
1604 1603 1601
1603 1604 1605
1603 1606 1588
1607 1608 1609
1608 1607 1610
1611 1608 1610
1608 1611 1612
1613 1614 1582
1582 1614 1615
1614 1568 1615
1614 1566 1568
1616 1566 1614
1566 1616 1565
1616 1563 1565
1563 1616 1522
1522 1561 1563
1568 1570 1615
1615 1570 1573
1582 1615 1573
1523 1561 1522
1525 1561 1523
1617 1618 1619
1618 1617 1620
1621 1620 1617
1620 1621 1622
1623 1622 1621
1622 1623 1624
1618 1625 1619
1618 1626 1625
1625 1627 1619
1628 1629 1630
1629 1628 1631
1632 1633 1634
1633 1632 1635
1636 1637 1638
1638 1639 1636
1639 1638 1640
1641 1639 1640
1642 1640 1638
1640 1642 1643
1644 1645 1646
1647 1645 1644
1648 1647 1644
1648 1649 1647
1648 1650 1649
1651 1652 1653
1652 1651 1654
1655 1656 1657
1656 1655 1658
1659 1660 1661
1660 1659 1662
1663 1664 1665
1664 1663 1666
1667 1668 1669
1668 1667 1670
1671 1672 1673
1672 1671 1674
1675 1676 1677
1676 1675 1678
1679 1680 1681
1680 1679 1682
1683 1684 1685
1684 1683 1686
1687 1688 1689
1688 1687 1690
1691 1692 1693
1692 1691 1694
1695 1696 1697
1696 1695 1698
1699 1700 1701
1700 1699 1702
1703 1704 1705
1704 1703 1706
1707 1708 1709
1708 1707 1710
1711 1712 1713
1712 1711 1714
1715 1716 1717
1716 1715 1718
1719 1720 1721
1720 1719 1722
1723 1724 1725
1724 1723 1726
1727 1728 1729
1728 1727 1730
1731 1732 1733
1732 1731 1734
1735 1736 1737
1736 1735 1738
1739 1740 1741
1740 1739 1742
1743 1744 1745
1744 1743 1746
1747 1748 1749
1748 1747 1750
1751 1752 1753
1752 1751 1754
1755 1756 1757
1756 1755 1758
1759 1760 1761
1760 1759 1762
1763 1764 1765
1764 1763 1766
1767 1768 1769
1768 1767 1770
1771 1772 1773
1772 1771 1774
1775 1776 1777
1776 1775 1778
1779 1780 1781
1780 1779 1782
1783 1784 1785
1784 1783 1786
1787 1788 1789
1788 1787 1790
1791 1792 1793
1792 1791 1794
1795 1796 1797
1796 1795 1798
1799 1800 1801
1800 1799 1802
1803 1804 1805
1804 1803 1806
1807 1808 1809
1808 1807 1810
1811 1812 1813
1812 1811 1814
1815 1816 1817
1816 1815 1818
1819 1820 1821
1820 1819 1822
1823 1824 1825
1824 1823 1826
1827 1828 1829
1828 1827 1830
1831 1832 1833
1832 1831 1834
1835 1836 1837
1836 1835 1838
1839 1840 1841
1840 1839 1842
1843 1844 1845
1844 1843 1846
1847 1848 1849
1848 1847 1850
1851 1852 1853
1852 1851 1854
1855 1856 1857
1856 1855 1858
1859 1860 1861
1860 1859 1862
1863 1864 1865
1864 1863 1866
1867 1868 1869
1868 1867 1870
1871 1872 1873
1872 1871 1874
1875 1876 1877
1877 1878 1875
1875 1879 1876
1879 1875 1880
1875 1881 1880
1876 1882 1877
1882 1876 1883
1882 1883 1884
1883 1885 1884
1885 1883 1886
1884 1887 1882
1882 1888 1877
1885 1886 1889
1886 1890 1889
1890 1891 1889
1890 1886 1892
1890 1893 1891
1890 1892 1894
1892 1895 1894
1895 1892 1896
1895 1897 1894
1894 1898 1890
1889 1899 1885
1896 1900 1895
1900 1896 1901
1902 1900 1901
1900 1902 1903
1903 1904 1900
1902 1905 1903
1905 1902 1906
1905 1907 1903
1907 1908 1903
1905 1906 1909
1910 1909 1906
1909 1910 1911
1909 1912 1905
1906 1913 1910
1913 1906 1914
1915 1913 1914
1913 1915 1916
1915 1914 1917
1918 1917 1914
1917 1918 1919
1918 1920 1919
1920 1921 1919
1920 1918 1922
1919 1923 1917
1919 1924 1923
1917 1925 1915
1926 1920 1922
1920 1926 1927
1928 1927 1926
1927 1928 1929
1929 1930 1927
1929 1928 1931
1932 1931 1928
1931 1932 1933
1933 1934 1931
1934 1935 1931
1931 1936 1929
1933 1932 1937
1938 1937 1932
1937 1938 1939
1939 1938 1940
1940 1941 1939
1942 1940 1938
1940 1942 1943
1943 1942 1944
1944 1945 1943
1946 1944 1942
1944 1946 1947
1947 1948 1944
1943 1949 1940
1937 1950 1933
1951 1952 1953
1954 1952 1951
1955 1952 1954
1956 1952 1955
1957 1952 1956
1958 1952 1957
1959 1953 1952
1960 1959 1952
1960 1952 1961
1962 1961 1952
1963 1962 1952
1964 1963 1952
1965 1964 1952
1966 1965 1952
1967 1966 1952
1952 1958 1967
1958 1968 1967
1968 1958 1969
1970 1971 1972
1971 1970 1973
1973 1974 1971
1974 1973 1975
1976 1973 1970
1976 1970 1977
1976 1977 1978
1979 1978 1977
1977 1980 1979
1981 1978 1979
1978 1981 1982
1983 1984 1985
1984 1983 1986
1987 1988 1989
1990 1987 1989
1987 1990 1991
1992 1991 1990
1993 1994 1995
1996 1993 1995
1997 1996 1995
1998 1999 2000
1999 1998 2001
2002 2003 2004
2005 2002 2004
2002 2005 2006
2006 2005 2007
2008 2005 2004
2004 2009 2008
2009 2010 2008
2009 2004 2011
2012 2009 2011
2009 2012 2013
2014 2010 2009
2014 2015 2010
2015 2014 2016
2017 2015 2016
2016 2018 2017
2019 2015 2017
2017 2020 2019
2015 2019 2021
2022 2021 2019
2019 2023 2022
2024 2021 2022
2021 2024 2025
2026 2025 2024
2025 2026 2027
2028 2027 2026
2026 2029 2028
2030 2027 2028
2028 2031 2030
2027 2030 2032
2033 2032 2030
2030 2034 2033
2032 2033 2035
2036 2035 2033
2033 2037 2036
2035 2036 2038
2039 2038 2036
2036 2040 2039
2038 2039 2041
2026 2042 2029
2043 2044 2045
2044 2043 2046
2044 2047 2045
2047 2044 2048
2049 2050 2051
2050 2049 2052
2052 2053 2050
2054 2055 2056
2055 2054 2057
2058 2055 2057
2055 2058 2059
2060 2061 2062
2061 2060 2063
2064 2061 2063
2061 2064 2065
2066 2067 2068
2069 2067 2066
2066 2070 2069
2070 2066 2071
2067 2069 2072
2069 2073 2072
2074 2067 2072
2075 2067 2074
2076 2075 2074
2076 2074 2077
2074 2072 2078
2074 2078 2079
2078 2072 2080
2079 2078 2081
2082 2067 2075
2067 2082 2083
2082 2084 2083
2079 2085 2074
2074 2085 2086
2086 2085 2087
2079 2088 2085
2082 2089 2084
2089 2082 2090
2083 2084 2091
2092 2091 2084
2093 2091 2092
2093 2092 2094
2091 2093 2095
2093 2096 2095
2093 2097 2096
2095 2098 2091
2091 2098 2083
2095 2099 2098
2100 2092 2084
2084 2089 2101
2084 2101 2102
2084 2103 2100
2103 2084 2102
2100 2103 2104
2104 2103 2105
2102 2106 2103
2103 2106 2107
2103 2107 2105
2102 2108 2106
2101 2108 2102
2108 2109 2106
2109 2110 2106
2107 2106 2110
2111 2107 2110
2111 2105 2107
2112 2111 2110
2109 2113 2110
2110 2113 2114
2112 2110 2114
2108 2101 2115
2089 2115 2101
2115 2089 2116
2090 2116 2089
2105 2111 2117
2118 2119 2120
2118 2121 2119
2122 2123 2124
2123 2122 2125
2126 2127 2128
2127 2126 2129
2130 2131 2132
2130 2133 2131
2130 2134 2133
2135 2136 2137
2136 2135 2138
2139 2138 2135
2139 2140 2138
2140 2139 2141
2142 2140 2141
2140 2142 2143
2142 2144 2143
2144 2145 2143
2145 2144 2146
2147 2148 2149
2148 2147 2150
2147 2151 2150
2151 2147 2152
2153 2154 2155
2154 2153 2156
2083 2098 2157
2158 2159 2160
2159 2158 2161
2161 2158 2162
2163 2164 2165
2165 2166 2163
2167 2163 2166
2163 2167 2168
2166 2165 2169
2166 2169 2170
2171 2169 2165
2172 2171 2165
2173 2171 2172
2173 2174 2171
2171 2175 2169
2171 2176 2175
2175 2177 2169
2176 2178 2175
2165 2179 2172
2179 2165 2180
2176 2171 2181
2171 2182 2181
2182 2183 2181
2176 2181 2184
2179 2180 2185
2186 2179 2185
2179 2186 2187
2188 2185 2180
2180 2189 2188
2180 2190 2189
2191 2188 2189
2191 2189 2192
2188 2191 2193
2193 2191 2194
2193 2194 2195
2193 2196 2188
2196 2185 2188
2193 2197 2196
2186 2185 2198
2196 2199 2185
2185 2200 2198
2200 2185 2201
2199 2202 2201
2202 2203 2201
2185 2199 2201
2201 2204 2200
2205 2198 2200
2204 2205 2200
2204 2206 2205
2206 2204 2207
2206 2207 2208
2209 2208 2207
2210 2209 2207
2210 2207 2211
2211 2203 2212
2203 2211 2213
2201 2203 2213
2207 2204 2213
2201 2213 2204
2213 2211 2207
2198 2205 2214
2214 2186 2198
2186 2214 2215
2215 2187 2186
2216 2217 2218
2217 2216 2219
2220 2221 2222
2221 2220 2223
2224 2225 2226
2224 2226 2227
2224 2227 2228
2229 2230 2231
2230 2229 2232
2233 2234 2235
2234 2233 2236
2237 2238 2239
2238 2237 2240
2241 2242 2243
2242 2241 2244
2245 2246 2247
2246 2245 2248
2249 2250 2251
2250 2249 2252
2253 2254 2255
2254 2253 2256
2257 2258 2259
2258 2257 2260
2261 2262 2263
2262 2261 2264
2265 2266 2267
2266 2265 2268
2269 2270 2271
2270 2269 2272
2273 2274 2275
2274 2273 2276
2277 2278 2279
2278 2277 2280
2281 2282 2283
2282 2281 2284
2285 2286 2287
2286 2285 2288
2289 2290 2291
2290 2289 2292
2293 2294 2295
2294 2293 2296
2297 2298 2299
2298 2297 2300
2301 2302 2303
2302 2301 2304
2305 2306 2307
2306 2305 2308
2309 2310 2311
2310 2309 2312
2313 2314 2315
2314 2313 2316
2317 2318 2319
2318 2317 2320
2321 2322 2323
2322 2321 2324
2325 2326 2327
2326 2325 2328
2329 2330 2331
2330 2329 2332
2333 2334 2335
2334 2333 2336
2337 2338 2339
2338 2337 2340
2341 2342 2343
2342 2341 2344
2345 2346 2347
2346 2345 2348
2349 2350 2351
2350 2349 2352
2353 2354 2355
2354 2353 2356
2357 2358 2359
2358 2357 2360
2361 2362 2363
2362 2361 2364
2365 2366 2367
2366 2365 2368
2369 2370 2371
2370 2369 2372
2373 2374 2375
2374 2373 2376
2377 2378 2379
2378 2377 2380
2381 2382 2383
2382 2381 2384
2385 2386 2387
2386 2385 2388
2389 2390 2391
2390 2389 2392
2393 2394 2395
2394 2393 2396
2397 2398 2399
2398 2397 2400
2401 2402 2403
2402 2401 2404
2405 2406 2407
2406 2405 2408
2409 2410 2411
2410 2409 2412
2005 2409 2411
2409 2005 2413
2413 2414 2409
2409 2414 2415
2416 2415 2414
2415 2416 2417
2417 2416 2418
2418 2419 2417
2416 2420 2418
2420 2421 2418
2420 2416 2422
2420 2422 2423
2423 2424 2420
2422 2425 2423
2425 2422 2426
2427 2425 2426
2425 2427 2428
2428 2427 2429
2429 2430 2428
2427 2431 2429
2431 2432 2429
2431 2427 2433
2433 2434 2431
2434 2435 2431
2434 2433 2436
2436 2437 2434
2437 2438 2434
2437 2436 2439
2439 2440 2437
2440 2441 2437
2440 2439 2442
2430 2443 2428
2428 2444 2425
2445 2446 2447
2446 2445 2448
2449 2450 2451
2450 2449 2452
2453 2454 2455
2454 2453 2456
2457 2458 2459
2458 2457 2460
2461 2462 2463
2462 2461 2464
2465 2466 2467
2466 2465 2468
2024 2469 2026
2419 2470 2417
2417 2471 2415
2016 2472 2018
2014 2473 2016
2474 2475 2476
2475 2474 2477
2005 2008 2413
2478 2479 2480
2481 2478 2480
2479 2478 2482
2483 2478 2481
2482 2478 2484
2485 2478 2483
2484 2478 2486
2487 2478 2485
2486 2478 2488
2489 2478 2487
2488 2478 2490
2491 2478 2489
2490 2478 2492
2493 2478 2491
2492 2478 2494
2495 2480 2479
2496 2478 2493
2494 2478 2497
2497 2478 2496
2480 2495 2498
