byte offset: 0
first index: 0
index count: 1752
topology: trianglelist
format: DXGI_FORMAT_R16_UINT

0 1 2
0 2 3
3 2 4
3 4 5
5 4 6
5 6 7
7 6 8
7 8 9
10 1 0
10 11 1
12 11 10
12 13 11
14 13 12
14 15 13
16 15 14
16 17 15
18 17 16
18 19 17
20 19 18
20 21 19
22 23 24
25 23 22
26 27 25
28 23 26
24 27 29
30 27 31
32 23 30
33 27 32
34 27 33
35 23 34
36 37 38
36 38 39
40 37 36
40 41 37
42 41 40
42 43 41
44 43 42
44 45 43
39 38 46
39 46 47
47 46 48
47 48 49
49 48 50
49 50 51
51 50 52
51 52 53
53 52 54
53 54 55
55 54 56
55 56 57
58 59 60
58 60 61
62 59 58
62 63 59
64 63 62
64 65 63
66 65 64
66 67 65
61 60 68
61 68 69
69 68 70
69 70 71
71 70 72
71 72 73
73 72 74
73 74 75
75 74 76
75 76 77
77 76 78
77 78 79
67 80 65
65 80 81
67 82 80
76 83 78
76 84 83
74 84 76
74 85 84
72 85 74
72 86 85
70 86 72
70 87 86
68 87 70
68 88 87
60 88 68
60 89 88
59 89 60
59 90 89
63 81 90
63 90 59
65 81 63
90 91 89
90 92 91
81 92 90
81 93 92
80 93 81
80 94 93
82 94 80
82 95 94
89 91 96
89 96 88
88 96 97
92 98 91
92 99 98
93 99 92
93 100 99
94 100 93
94 101 100
95 101 94
95 102 101
96 103 97
97 103 104
97 104 105
87 97 105
87 105 86
86 105 106
86 106 85
85 106 107
85 107 84
84 107 108
84 108 83
107 109 108
107 110 109
106 110 107
106 111 110
105 104 111
105 111 106
102 112 101
101 112 113
101 113 100
100 113 114
100 114 99
99 114 115
99 115 98
110 116 109
110 117 116
111 117 110
111 118 117
104 118 111
104 119 118
103 119 104
103 120 119
121 120 103
96 121 103
91 98 121
91 121 96
121 122 120
98 115 122
98 122 121
114 123 115
114 124 123
117 125 116
117 126 125
118 126 117
118 127 126
119 127 118
119 128 127
120 128 119
120 129 128
122 129 120
122 130 129
115 123 130
115 130 122
124 131 123
124 132 131
133 132 124
113 133 124
113 124 114
112 133 113
112 134 133
135 134 112
102 135 112
135 136 134
133 137 132
134 137 133
134 138 137
136 138 134
136 139 138
130 140 129
129 140 141
129 141 128
128 141 142
128 142 127
127 142 143
127 143 126
126 143 144
126 144 125
140 145 141
140 146 145
146 147 145
145 147 148
145 148 149
141 145 149
141 149 142
149 148 150
149 150 151
142 149 151
142 151 143
151 150 152
151 152 153
143 151 153
143 153 144
146 154 147
155 154 146
155 156 154
157 156 155
157 158 156
159 158 157
159 160 158
161 160 159
161 162 160
163 162 161
163 164 162
165 164 163
165 166 164
131 157 155
131 155 167
123 131 167
123 167 130
130 167 140
167 146 140
167 155 146
137 161 159
137 159 132
132 157 131
132 159 157
139 165 163
139 163 138
138 161 137
138 163 161
88 97 87
168 169 170
168 170 171
172 169 168
172 173 169
174 173 172
174 175 173
176 175 174
176 177 175
171 170 178
171 178 179
179 178 180
179 180 181
181 180 182
181 182 183
183 182 184
183 184 185
185 184 186
185 186 187
187 186 188
187 188 189
190 191 192
191 193 192
193 194 192
190 192 195
195 192 196
196 192 194
197 198 199
197 199 200
198 201 199
198 202 201
202 203 201
202 204 203
204 205 203
204 206 205
206 207 205
206 208 207
209 207 208
209 210 207
211 210 209
211 212 210
213 212 211
213 214 212
215 214 213
215 216 214
217 216 215
217 218 216
219 220 221
219 221 222
220 223 221
220 224 223
224 225 223
224 226 225
226 227 225
226 228 227
228 229 227
228 230 229
231 229 230
231 232 229
233 232 231
233 234 232
235 234 233
235 236 234
237 236 235
237 238 236
239 238 237
239 240 238
241 242 243
241 243 244
242 245 243
242 246 245
246 247 245
246 248 247
248 249 247
248 250 249
250 251 249
250 252 251
253 251 252
253 254 251
255 254 253
255 256 254
257 256 255
257 258 256
259 258 257
259 260 258
261 260 259
261 262 260
263 264 265
263 265 266
264 267 265
264 268 267
268 269 267
268 270 269
270 271 269
270 272 271
272 273 271
272 274 273
266 265 275
266 275 276
265 267 277
265 277 275
267 269 278
267 278 277
269 271 279
269 279 278
271 273 280
271 280 279
276 275 281
276 281 282
275 277 283
275 283 281
277 278 284
277 284 283
279 280 285
279 285 286
287 279 286
287 286 284
282 281 288
282 288 289
281 283 290
281 290 288
283 291 290
283 292 291
292 286 293
292 293 291
286 285 294
286 294 293
289 288 295
289 295 296
290 291 297
290 297 298
299 290 298
299 298 295
291 293 300
291 300 297
296 295 301
296 301 302
295 298 303
295 303 301
298 304 303
298 305 304
305 300 306
305 306 304
300 307 306
300 308 307
309 294 308
309 308 300
310 308 294
310 311 308
311 307 308
311 312 307
313 312 311
313 314 312
315 314 313
315 316 314
317 316 315
318 317 315
318 315 319
319 315 320
319 320 321
321 320 311
322 319 321
323 319 322
324 323 322
325 323 324
326 325 324
326 324 327
328 326 327
328 327 329
329 327 330
329 330 331
331 330 332
331 332 333
333 332 334
333 334 335
335 334 273
335 273 274
327 324 336
327 336 330
330 336 337
330 337 332
332 337 338
332 338 334
334 338 280
334 280 273
336 339 337
336 322 339
324 322 336
338 285 280
338 340 285
341 339 340
341 340 338
340 294 285
340 342 294
343 342 340
322 321 343
343 321 342
321 311 342
344 345 346
344 346 347
345 348 346
345 349 348
349 350 348
349 351 350
351 352 350
351 353 352
353 354 352
353 355 354
347 346 356
347 356 357
346 348 358
346 358 356
348 350 359
348 359 358
350 352 360
350 360 359
352 354 361
352 361 360
357 356 362
357 362 363
356 358 364
356 364 362
358 359 365
358 365 364
359 360 366
359 366 365
360 361 367
360 367 366
363 362 368
363 368 369
362 364 370
362 370 368
364 365 371
364 371 370
365 366 372
365 372 371
366 367 373
366 373 372
363 369 374
363 374 375
357 363 375
357 375 376
347 357 376
347 376 377
344 347 377
344 377 378
378 377 379
378 379 380
380 379 381
380 381 382
382 381 383
382 383 384
384 383 385
384 385 386
377 376 387
377 387 379
379 387 388
379 388 381
381 388 389
381 389 383
383 389 390
383 390 385
387 391 388
387 392 391
376 392 387
376 375 392
388 391 393
388 393 389
389 393 394
389 394 390
375 395 392
375 374 395
392 395 396
392 396 391
391 396 397
391 397 393
393 397 398
393 398 394
399 400 401
399 401 402
400 403 401
400 404 403
404 405 403
404 406 405
406 407 405
406 408 407
408 409 407
408 410 409
399 402 411
399 411 412
412 411 413
412 413 414
414 413 415
414 415 416
416 415 417
416 417 418
418 417 419
418 419 420
421 422 423
421 423 424
422 425 423
422 426 425
426 427 425
426 428 427
421 424 429
421 429 430
430 429 431
430 431 432
432 431 433
432 433 434
431 435 433
431 436 435
424 436 429
429 436 437
424 438 436
423 438 424
423 439 438
427 439 425
427 440 439
438 441 436
438 442 441
439 442 438
439 443 442
440 443 439
440 444 443
445 444 440
446 435 445
434 447 446
447 435 446
434 446 448
448 446 449
446 445 449
449 445 440
448 449 450
451 450 449
451 449 452
449 440 452
453 451 452
453 452 454
452 440 454
445 455 444
435 455 445
435 456 455
436 456 435
436 441 456
325 457 323
457 458 323
457 459 458
323 458 319
459 317 458
459 460 317
460 461 317
460 462 461
317 461 316
463 439 423
