byte offset: 0
first index: 0
index count: 3726
topology: trianglelist
format: DXGI_FORMAT_R16_UINT

0 1 2
0 2 3
1 4 2
1 5 4
5 6 4
5 7 6
7 8 6
7 9 8
9 10 8
9 11 10
11 12 10
11 13 12
13 14 12
13 15 14
15 16 14
15 17 16
17 18 16
17 19 18
19 20 18
19 21 20
21 22 20
21 23 22
23 24 22
23 25 24
26 24 25
26 27 24
28 27 26
28 29 27
30 29 28
30 31 29
32 31 30
32 33 31
34 33 32
34 35 33
36 35 34
36 37 35
38 37 36
38 39 37
40 39 38
40 41 39
42 41 40
42 43 41
44 43 42
44 45 43
46 45 44
46 47 45
48 47 46
48 49 47
50 51 52
50 52 53
51 54 52
51 55 54
55 56 54
55 57 56
57 58 56
57 59 58
59 60 58
59 61 60
61 62 60
61 63 62
63 64 62
63 65 64
65 66 64
65 67 66
67 68 66
67 69 68
69 70 68
69 71 70
71 72 70
71 73 72
73 74 72
73 75 74
76 74 75
76 77 74
78 77 76
78 79 77
80 79 78
80 81 79
82 81 80
82 83 81
84 83 82
84 85 83
86 85 84
86 87 85
88 87 86
88 89 87
90 89 88
90 91 89
92 91 90
92 93 91
94 93 92
94 95 93
96 95 94
96 97 95
98 97 96
98 99 97
100 101 102
100 102 103
101 104 102
101 105 104
105 106 104
105 107 106
107 108 106
107 109 108
109 110 108
109 111 110
111 112 110
111 113 112
113 114 112
113 115 114
115 116 114
115 117 116
117 118 116
117 119 118
119 120 118
119 121 120
121 122 120
121 123 122
123 124 122
123 125 124
126 124 125
126 127 124
128 127 126
128 129 127
130 129 128
130 131 129
132 131 130
132 133 131
134 133 132
134 135 133
136 135 134
136 137 135
138 137 136
138 139 137
140 139 138
140 141 139
142 141 140
142 143 141
144 143 142
144 145 143
146 145 144
146 147 145
148 147 146
148 149 147
150 151 152
150 152 153
151 154 152
151 155 154
155 156 154
155 157 156
157 158 156
157 159 158
159 160 158
159 161 160
161 162 160
161 163 162
163 164 162
163 165 164
165 166 164
165 167 166
167 168 166
167 169 168
169 170 168
169 171 170
171 172 170
171 173 172
173 174 172
173 175 174
176 174 175
176 177 174
178 177 176
178 179 177
180 179 178
180 181 179
182 181 180
182 183 181
184 183 182
184 185 183
186 185 184
186 187 185
188 187 186
188 189 187
190 189 188
190 191 189
192 191 190
192 193 191
194 193 192
194 195 193
196 195 194
196 197 195
198 197 196
198 199 197
200 201 202
203 204 205
203 205 206
207 208 209
210 211 212
213 214 215
216 217 218
219 220 221
222 223 224
225 226 227
225 228 226
229 230 231
232 233 234
235 236 237
238 239 240
241 242 243
244 245 246
247 248 249
247 249 250
251 252 253
254 255 256
257 258 259
257 259 260
261 262 263
264 265 266
264 266 267
268 269 270
268 270 271
272 273 274
275 276 277
275 277 278
279 280 281
279 282 283
284 285 286
287 288 289
287 290 288
291 292 293
291 294 295
296 297 298
299 300 301
299 301 302
303 304 305
306 307 308
306 308 309
310 311 312
310 312 313
314 313 312
314 312 315
310 316 311
310 317 316
318 319 320
318 320 321
320 319 322
320 322 323
322 324 323
322 325 324
325 326 324
325 327 326
327 328 326
327 329 328
329 330 328
329 331 330
331 332 330
331 333 332
333 334 332
333 335 334
335 336 334
335 337 336
337 338 336
337 339 338
340 341 342
340 342 343
344 341 340
344 345 341
342 346 343
342 347 346
346 347 348
348 347 349
348 349 350
351 350 349
351 352 350
351 353 352
354 352 353
354 353 355
354 355 356
354 356 357
357 356 358
356 359 358
358 359 360
360 359 361
360 361 362
362 361 363
362 363 364
365 366 367
365 367 368
369 366 365
369 370 366
371 372 373
371 373 374
375 376 377
375 377 378
379 380 381
379 381 382
383 379 382
383 382 384
385 386 387
385 387 388
388 387 389
388 389 390
391 386 385
391 392 386
393 394 395
393 395 396
395 397 396
393 398 394
393 399 398
396 397 400
400 397 401
400 401 402
400 402 403
404 403 402
404 405 403
404 406 405
406 404 407
406 407 408
407 409 408
407 410 409
409 410 411
409 411 412
412 411 413
412 413 414
412 414 415
415 414 416
415 416 417
321 418 419
321 419 318
420 421 422
420 422 423
424 425 426
424 426 427
428 429 430
428 430 431
428 431 432
430 429 433
430 433 434
433 435 434
436 437 438
436 438 439
437 440 438
437 441 440
441 442 440
441 443 442
443 444 442
443 445 444
436 439 446
436 446 447
447 446 448
447 448 449
449 448 450
449 450 451
451 450 444
451 444 445
452 453 454
452 454 455
453 456 454
453 457 456
457 458 456
457 459 458
459 460 458
459 461 460
452 455 462
452 462 463
463 462 464
463 464 465
465 464 466
465 466 467
467 466 460
467 460 461
468 469 470
468 470 471
472 473 474
472 474 475
474 476 475
474 477 476
478 479 480
478 480 481
482 479 478
482 478 483
484 485 486
484 486 487
488 489 490
488 490 491
492 493 494
492 494 495
496 497 498
496 498 499
500 501 502
500 502 503
500 503 504
500 504 505
506 507 508
506 508 509
508 507 510
508 510 511
512 513 514
512 514 515
516 517 518
516 518 519
520 521 522
520 522 523
524 525 526
524 526 527
528 529 530
528 530 531
532 533 534
535 536 537
538 539 540
541 542 543
544 545 546
547 548 549
550 551 552
553 554 555
556 557 558
559 557 556
557 560 558
557 561 560
557 562 561
559 563 557
563 564 557
564 562 557
565 566 567
568 569 570
571 572 573
574 575 576
577 578 579
580 581 582
583 584 585
586 587 588
589 590 591
592 593 594
595 596 597
598 599 600
601 602 603
604 605 606
607 608 609
610 611 612
613 614 615
616 613 615
615 614 617
615 617 618
615 618 619
616 615 620
620 615 621
621 615 619
622 623 624
625 626 627
628 629 630
631 632 633
634 635 636
637 638 639
640 641 642
643 644 645
646 647 648
649 650 651
649 652 650
653 654 655
656 657 658
659 660 661
662 663 664
665 666 667
668 669 670
671 672 673
671 673 674
675 676 677
678 679 680
681 682 683
684 685 686
687 688 689
690 691 692
693 694 695
693 695 696
697 698 699
700 701 702
703 704 705
703 705 706
707 708 709
710 711 712
710 712 713
714 715 716
714 716 717
718 719 720
721 722 723
721 724 722
725 726 727
728 729 730
728 730 731
732 733 734
735 736 737
735 737 738
739 740 741
742 743 744
742 744 745
746 747 748
746 748 749
748 747 750
748 750 751
752 746 749
752 753 746
754 755 756
754 756 757
758 757 756
758 756 759
758 759 760
758 760 761
761 760 762
761 762 763
762 764 763
762 765 764
764 765 766
764 766 767
767 766 768
767 768 769
769 768 770
769 770 771
771 770 772
771 772 773
773 772 774
773 774 775
776 777 778
776 778 779
780 778 777
780 777 781
776 779 782
776 782 783
782 784 783
785 783 784
785 784 786
786 787 785
786 788 787
788 789 787
789 788 790
789 790 791
792 791 790
792 790 793
793 794 792
792 794 795
794 796 795
797 795 796
797 796 798
799 797 798
799 798 800
801 802 803
801 803 804
805 801 804
805 804 806
807 808 809
807 809 810
811 812 813
811 813 814
815 816 817
815 817 818
818 817 819
818 819 820
821 822 823
821 823 824
822 825 823
822 826 825
827 821 824
827 824 828
829 830 831
829 831 832
829 832 833
834 831 830
834 835 831
832 836 833
836 837 833
838 837 836
838 836 839
840 838 839
840 841 838
840 842 841
843 841 842
843 842 844
843 844 845
843 845 846
845 847 846
845 848 847
848 849 847
850 849 848
850 848 851
852 850 851
852 851 853
854 855 755
854 755 754
856 857 858
856 858 859
860 861 862
860 862 863
864 865 866
864 866 867
868 869 870
868 870 871
868 871 872
868 872 873
874 875 876
874 876 877
878 879 880
878 880 881
882 883 884
882 884 885
886 887 888
886 888 889
890 891 892
890 892 893
892 894 893
892 895 894
896 897 898
896 898 899
900 901 902
900 902 903
904 905 906
904 906 907
908 909 910
908 910 911
912 913 914
912 914 915
916 917 918
919 920 921
922 923 924
925 926 927
928 929 930
931 932 933
934 935 936
937 938 939
940 941 942
943 940 942
942 941 944
942 944 945
942 945 946
943 942 947
947 942 948
948 942 946
949 950 951
952 953 954
955 956 957
958 959 960
961 962 963
964 965 966
967 968 969
970 971 972
973 974 975
976 977 978
979 980 981
982 983 984
985 986 987
988 989 990
991 992 993
994 995 996
997 998 999
1000 998 997
998 1001 999
998 1002 1001
998 1003 1002
1000 1004 998
1004 1005 998
1005 1003 998
1006 1007 1008
1009 1010 1011
1012 1013 1014
1015 1016 1017
1018 1019 1020
1021 1022 1023
1024 1025 1026
1027 1028 1029
1030 1031 1032
1033 1034 1035
1036 1037 1038
1039 1040 1041
1042 1043 1044
1045 1046 1047
1048 1049 1050
1051 1052 1053
1054 1055 1056
1057 1055 1054
1055 1058 1056
1055 1059 1058
1055 1060 1059
1057 1061 1055
1061 1062 1055
1062 1060 1055
1063 1064 1065
1066 1067 1068
1069 1070 1071
1072 1073 1074
1075 1076 1077
1078 1079 1080
1081 1082 1083
1084 1085 1086
1087 1088 1089
1090 1091 1092
1093 1094 1095
1096 1097 1098
1099 1100 1101
1102 1103 1104
1105 1106 1107
1108 1109 1110
1111 1112 1113
1114 1112 1111
1112 1115 1113
1112 1116 1115
1112 1117 1116
1114 1118 1112
1118 1119 1112
1119 1117 1112
1120 1121 1122
1123 1124 1125
1126 1127 1128
1129 1130 1131
1132 1133 1134
1135 1136 1137
1138 1139 1140
1141 1142 1143
1144 1145 1146
1147 1148 1149
1150 1151 1152
1153 1154 1155
1156 1157 1158
1159 1160 1161
1162 1163 1164
1165 1166 1167
1168 1169 1170
1171 1169 1168
1169 1172 1170
1169 1173 1172
1169 1174 1173
1171 1175 1169
1175 1176 1169
1176 1174 1169
1177 1178 1179
1180 1181 1182
1183 1184 1185
1186 1187 1188
1189 1190 1191
1192 1193 1194
1195 1196 1197
1198 1199 1200
1201 1202 1203
1204 1205 1206
1207 1208 1209
1210 1211 1212
1213 1214 1215
1216 1217 1218
1219 1220 1221
1222 1223 1224
1225 1226 1227
1228 1226 1225
1226 1229 1227
1226 1230 1229
1226 1231 1230
1228 1232 1226
1232 1233 1226
1233 1231 1226
1234 1235 1236
1237 1238 1239
1240 1241 1242
1243 1244 1245
1246 1247 1248
1249 1250 1251
1252 1253 1254
1255 1256 1257
1258 1259 1260
1261 1262 1263
1264 1265 1266
1267 1268 1269
1270 1271 1272
1273 1274 1275
1276 1277 1278
1279 1280 1281
1282 1283 1284
1285 1283 1282
1283 1286 1284
1283 1287 1286
1283 1288 1287
1285 1289 1283
1289 1290 1283
1290 1288 1283
1291 1292 1293
1294 1295 1296
1297 1298 1299
1300 1301 1302
1303 1304 1305
1306 1307 1308
1309 1310 1311
1312 1313 1314
1315 1316 1317
1318 1319 1320
1321 1322 1323
1324 1325 1326
1327 1328 1329
1330 1331 1332
1333 1334 1335
1336 1337 1338
1339 1340 1341
1342 1340 1339
1340 1343 1341
1340 1344 1343
1340 1345 1344
1342 1346 1340
1346 1347 1340
1347 1345 1340
1348 1349 1350
1351 1352 1353
1354 1355 1356
1357 1358 1359
1360 1361 1362
1363 1364 1365
1366 1367 1368
1369 1370 1371
1372 1373 1374
1375 1376 1377
1378 1379 1380
1381 1382 1383
1384 1385 1386
1387 1388 1389
1390 1391 1392
1393 1394 1395
1396 1397 1398
1399 1397 1396
1397 1400 1398
1397 1401 1400
1397 1402 1401
1399 1403 1397
1403 1404 1397
1404 1402 1397
1405 1406 1407
1408 1409 1410
1411 1412 1413
1414 1415 1416
1417 1418 1419
1420 1421 1422
1423 1424 1425
1426 1427 1428
1429 1430 1431
1432 1433 1434
1435 1436 1437
1438 1439 1440
1441 1442 1443
1444 1445 1446
1447 1448 1449
1450 1451 1452
1453 1454 1455
1456 1454 1453
1454 1457 1455
1454 1458 1457
1454 1459 1458
1456 1460 1454
1460 1461 1454
1461 1459 1454
1462 1463 1464
1465 1466 1467
1468 1469 1470
1471 1472 1473
1474 1475 1476
1477 1478 1479
1480 1481 1482
1483 1484 1485
1486 1487 1488
1489 1490 1491
1492 1493 1494
1495 1496 1497
1498 1499 1500
1501 1502 1503
1504 1505 1506
1507 1508 1509
1510 1511 1512
1513 1511 1510
1511 1514 1512
1511 1515 1514
1511 1516 1515
1513 1517 1511
1517 1518 1511
1518 1516 1511
1519 1520 1521
1522 1523 1524
1525 1526 1527
1528 1529 1530
1531 1532 1533
1534 1535 1536
1537 1538 1539
1540 1541 1542
1543 1544 1545
1546 1547 1548
1549 1550 1551
1552 1553 1554
1555 1556 1557
1558 1559 1560
1561 1562 1563
1564 1565 1566
1567 1568 1569
1570 1568 1567
1568 1571 1569
1568 1572 1571
1568 1573 1572
1570 1574 1568
1574 1575 1568
1575 1573 1568
1576 1577 1578
1579 1580 1581
1582 1583 1584
1585 1586 1587
1588 1589 1590
1591 1592 1593
1594 1595 1596
1597 1598 1599
1600 1601 1602
1603 1604 1605
1606 1607 1608
1609 1610 1611
1612 1613 1614
1615 1616 1617
1618 1619 1620
1621 1622 1623
1624 1625 1626
1627 1624 1626
1626 1625 1628
1626 1628 1629
1626 1629 1630
1627 1626 1631
1631 1626 1632
1632 1626 1630
1633 1634 1635
1636 1637 1638
1639 1640 1641
1642 1643 1644
1645 1646 1647
1648 1649 1650
1651 1652 1653
1654 1655 1656
1657 1658 1659
1660 1661 1662
1663 1664 1665
1666 1667 1668
1669 1670 1671
1672 1673 1674
1675 1676 1677
1678 1679 1680
1681 1682 1683
1684 1681 1683
1683 1682 1685
1683 1685 1686
1683 1686 1687
1684 1683 1688
1688 1683 1689
1689 1683 1687
1690 1691 1692
1693 1694 1695
1696 1697 1698
1699 1700 1701
1702 1703 1704
1705 1706 1707
1708 1709 1710
1711 1712 1713
1714 1715 1716
1717 1718 1719
1720 1721 1722
1723 1724 1725
1726 1727 1728
1729 1730 1731
1732 1733 1734
1735 1736 1737
1738 1739 1740
1741 1738 1740
1740 1739 1742
1740 1742 1743
1740 1743 1744
1741 1740 1745
1745 1740 1746
1746 1740 1744
1747 1748 1749
1750 1751 1752
1753 1754 1755
1756 1757 1758
1759 1760 1761
1762 1763 1764
1765 1766 1767
1768 1769 1770
1771 1772 1773
1774 1775 1776
1777 1778 1779
1780 1781 1782
1783 1784 1785
1786 1787 1788
1789 1790 1791
1792 1793 1794
1795 1796 1797
1798 1795 1797
1797 1796 1799
1797 1799 1800
1797 1800 1801
1798 1797 1802
1802 1797 1803
1803 1797 1801
1804 1805 1806
1807 1808 1809
1810 1811 1812
1813 1814 1815
1816 1817 1818
1819 1820 1821
1822 1823 1824
1825 1826 1827
1828 1829 1830
1831 1832 1833
1834 1835 1836
1837 1838 1839
1840 1841 1842
1843 1844 1845
1846 1847 1848
1849 1850 1851
1852 1853 1854
1855 1852 1854
1854 1853 1856
1854 1856 1857
1854 1857 1858
1855 1854 1859
1859 1854 1860
1860 1854 1858
1861 1862 1863
1864 1865 1866
1867 1868 1869
1870 1871 1872
1873 1874 1875
1876 1877 1878
1879 1880 1881
1882 1883 1884
1885 1886 1887
1888 1889 1890
1891 1892 1893
1894 1895 1896
1897 1898 1899
1900 1901 1902
1903 1904 1905
1906 1907 1908
1909 1910 1911
1912 1909 1911
1911 1910 1913
1911 1913 1914
1911 1914 1915
1912 1911 1916
1916 1911 1917
1917 1911 1915
1918 1919 1920
1921 1922 1923
1924 1925 1921
1926 1927 1928
1929 1930 1931
1932 1933 1934
1935 1936 1937
1938 1939 1940
1941 1942 1943
1944 1945 1946
1947 1948 1949
1950 1951 1952
1953 1954 1955
1956 1957 1958
1959 1960 1961
1962 1963 1964
1965 1966 1967
1968 1965 1967
1967 1966 1969
1967 1969 1970
1967 1970 1971
1968 1967 1972
1972 1967 1973
1973 1967 1971
1974 1975 1976
1977 1978 1979
1980 1981 1982
1983 1984 1985
1986 1987 1988
1989 1990 1991
1992 1993 1994
1995 1996 1997
1998 1999 2000
2001 2002 2003
2004 2005 2006
2007 2008 2009
2010 2011 2012
2013 2014 2015
2016 2017 2018
2019 2020 2021
2022 2023 2024
2025 2022 2024
2024 2023 2026
2024 2026 2027
2024 2027 2028
2025 2024 2029
2029 2024 2030
2030 2024 2028
2031 2032 2033
2034 2035 2036
2037 2038 2039
2040 2041 2042
2043 2044 2045
2046 2047 2048
2049 2050 2051
2052 2053 2054
2055 2056 2057
2058 2059 2060
2061 2062 2063
2064 2065 2066
2067 2068 2069
2070 2071 2072
2073 2074 2075
2076 2077 2078
2079 2080 2081
2082 2079 2081
2081 2080 2083
2081 2083 2084
2081 2084 2085
2082 2081 2086
2086 2081 2087
2087 2081 2085
2088 2089 2090
2091 2092 2093
2094 2095 2096
2097 2098 2099
2100 2101 2102
2103 2104 2105
2106 2107 2108
2109 2110 2111
2112 2113 2114
2115 2116 2117
2118 2119 2120
2121 2122 2123
2124 2125 2126
2127 2128 2129
2130 2131 2132
2133 2134 2135
2136 2137 2138
2139 2136 2138
2138 2137 2140
2138 2140 2141
2138 2141 2142
2139 2138 2143
2143 2138 2144
2144 2138 2142
2145 2146 2147
2148 2149 2150
2151 2152 2153
2154 2155 2156
2157 2158 2159
2159 2160 2161
2162 2163 2164
2165 2166 2167
2168 2169 2170
2171 2172 2173
2174 2175 2176
2177 2178 2179
2180 2181 2182
2183 2184 2185
2186 2187 2188
2189 2190 2191
2192 2193 2194
2195 2192 2194
2194 2193 2196
2194 2196 2197
2194 2197 2198
2195 2194 2199
2199 2194 2200
2200 2194 2198
2201 2202 2203
2204 2205 2206
2207 2208 2209
2210 2211 2212
2213 2214 2215
2216 2217 2218
2219 2220 2221
2222 2223 2224
2225 2226 2227
2228 2229 2230
2231 2232 2233
2234 2235 2236
2237 2238 2239
2240 2241 2242
2243 2244 2245
2246 2247 2248
2249 2250 2251
2252 2250 2249
2250 2253 2251
2250 2254 2253
2250 2255 2254
2252 2256 2250
2256 2257 2250
2257 2255 2250
2258 2259 2260
2261 2262 2263
2264 2265 2266
2267 2268 2269
2270 2271 2272
2273 2274 2275
2276 2277 2278
2279 2280 2281
2282 2283 2284
2285 2286 2287
2288 2289 2290
2291 2292 2293
2294 2295 2296
2297 2298 2299
2300 2301 2302
2303 2304 2305
2306 2307 2308
2309 2307 2306
2307 2310 2308
2307 2311 2310
2307 2312 2311
2309 2313 2307
2313 2314 2307
2314 2312 2307
2315 2316 2317
2318 2319 2320
2321 2322 2323
2324 2325 2326
2327 2328 2329
2330 2331 2332
2333 2334 2335
2336 2337 2338
2339 2340 2341
2342 2343 2344
2345 2346 2347
2348 2349 2350
2351 2352 2353
2354 2355 2356
2357 2358 2359
2360 2361 2362
2363 2364 2365
2366 2363 2365
2365 2364 2367
2365 2367 2368
2365 2368 2369
2366 2365 2370
2370 2365 2371
2371 2365 2369
2372 2373 2374
2375 2376 2377
2378 2379 2380
2381 2382 2383
2384 2385 2386
2387 2388 2389
2390 2391 2392
2393 2394 2395
