byte offset: 0
first index: 0
index count: 8004
topology: trianglelist
format: DXGI_FORMAT_R16_UINT

0 1 2
2 1 3
0 4 1
5 1 4
3 1 5
4 0 6
0 2 7
2 3 8
9 2 8
9 7 2
10 9 8
11 10 8
3 11 8
9 10 12
13 14 15
14 13 16
17 15 14
15 17 18
19 18 17
18 19 20
21 20 19
20 21 22
23 22 21
22 23 24
23 25 24
25 23 26
25 26 27
25 27 28
27 29 28
29 27 30
30 31 29
31 30 32
32 33 31
33 32 34
34 35 33
35 34 36
35 36 37
37 36 38
37 38 39
27 26 40
26 41 40
26 42 41
26 23 42
23 43 42
23 44 43
23 45 44
23 46 45
21 46 23
46 21 47
19 47 21
47 19 48
17 48 19
48 17 49
14 49 17
49 14 50
14 16 50
16 13 51
13 52 53
52 13 54
54 55 52
55 54 56
56 57 55
57 56 58
58 59 57
59 58 60
60 61 59
61 60 62
63 61 62
61 63 64
63 65 64
63 66 65
67 65 66
65 67 68
69 68 67
68 69 70
71 70 69
70 71 72
73 72 71
72 73 74
73 75 74
75 76 74
75 77 76
65 78 64
64 78 79
64 79 80
64 80 61
61 80 81
61 81 82
61 82 83
61 83 84
84 59 61
59 84 85
85 57 59
57 85 86
86 55 57
55 86 87
87 52 55
52 87 88
52 88 53
53 89 13
90 91 92
91 90 93
93 94 91
94 93 95
95 96 94
96 95 97
97 98 96
98 97 99
100 98 99
98 100 101
102 101 100
101 102 103
102 104 103
104 102 105
105 106 104
106 105 107
108 106 107
106 108 109
110 109 108
109 110 111
110 112 111
112 110 113
114 100 99
97 114 99
114 97 115
95 115 97
115 95 116
93 116 95
116 93 117
90 117 93
117 90 118
119 110 108
108 120 119
120 108 107
105 120 107
120 105 121
102 121 105
121 102 122
102 123 122
123 102 100
100 114 123
110 119 124
125 110 124
110 125 126
127 128 129
128 127 130
128 131 129
131 128 132
132 133 131
133 132 134
135 133 134
133 135 136
135 137 136
137 135 138
138 139 137
140 141 142
141 140 143
144 141 143
141 144 145
146 145 144
145 146 147
146 148 147
148 146 149
150 148 149
148 150 151
151 150 152
153 154 155
154 153 156
155 157 153
157 155 158
155 159 158
160 155 154
155 160 159
160 161 159
162 161 160
158 163 157
163 158 164
164 165 163
165 164 166
165 166 167
166 168 167
158 159 169
158 169 164
164 170 166
170 164 169
166 170 168
170 171 168
168 171 172
171 173 172
169 159 174
161 174 159
175 174 161
176 169 174
176 170 169
177 168 172
177 172 178
173 178 172
179 168 177
167 168 179
180 179 177
177 181 180
177 178 181
182 180 181
183 182 181
181 178 184
183 181 184
180 182 185
186 180 185
180 186 187
180 187 179
179 187 188
186 189 187
189 186 190
190 186 185
185 191 190
191 185 192
182 192 185
192 182 183
191 192 193
192 183 194
193 192 194
195 191 193
193 196 195
188 187 197
197 187 198
187 189 198
197 198 199
200 197 199
197 200 201
201 202 197
202 201 203
200 199 204
199 198 205
204 199 205
205 198 189
189 206 205
190 206 189
190 207 206
200 208 201
208 200 209
200 204 209
208 209 210
208 210 211
212 208 211
213 212 211
211 210 214
215 211 214
216 211 215
216 213 211
214 217 215
215 218 216
217 218 215
219 218 217
218 219 220
219 221 220
222 221 219
221 222 223
216 218 224
220 224 218
224 225 216
226 225 224
224 220 226
220 227 226
221 227 220
228 216 225
216 228 213
213 228 229
228 230 229
228 231 230
228 225 231
229 230 232
233 229 232
234 232 230
231 234 230
225 235 231
226 235 225
236 235 226
227 236 226
235 237 231
231 237 234
238 234 237
239 237 235
240 239 235
240 235 236
241 240 236
241 242 240
239 240 242
243 239 242
244 243 242
242 241 245
245 246 242
246 244 242
246 245 247
248 246 247
246 248 249
249 250 246
244 246 250
251 244 250
250 252 251
252 250 253
250 249 253
254 251 252
251 254 255
256 251 255
251 256 257
244 251 257
244 257 258
258 257 259
260 257 256
257 260 261
259 257 261
261 184 259
260 262 261
261 262 184
259 184 263
262 183 184
184 178 263
194 183 262
178 173 263
264 263 173
263 264 265
266 265 264
266 264 267
267 264 173
173 268 267
263 265 269
263 269 259
270 259 269
270 269 271
270 258 259
270 272 258
273 272 270
258 272 274
274 272 275
244 258 274
274 275 276
244 274 243
243 274 276
277 243 276
278 277 276
277 239 243
277 279 239
277 280 279
237 239 279
237 279 281
237 281 238
282 238 281
282 283 238
283 234 238
234 283 284
234 284 285
232 234 285
232 285 286
285 287 286
287 285 284
288 286 287
288 289 286
289 290 286
290 232 286
291 292 293
292 291 167
292 167 188
188 167 179
165 167 291
294 291 293
291 294 295
165 291 295
165 295 296
297 165 296
165 297 163
296 295 229
298 163 297
163 298 157
299 157 298
157 299 153
300 153 299
153 300 156
299 298 301
302 299 301
299 302 300
302 301 303
304 302 303
298 305 301
298 297 305
297 296 233
297 233 305
296 229 233
305 306 301
303 301 306
307 303 306
308 306 305
233 308 305
309 304 303
309 303 310
307 311 303
312 309 310
309 312 313
314 309 313
315 316 311
315 310 316
317 318 319
320 318 317
319 321 317
317 321 161
317 161 162
175 161 322
322 323 175
323 324 175
171 324 323
322 325 323
326 325 322
325 326 321
325 327 323
327 171 323
171 327 173
327 268 173
325 268 327
328 329 330
329 328 331
328 332 331
332 328 333
334 329 331
332 334 331
335 334 332
329 334 336
337 336 334
335 337 334
338 337 335
336 337 339
339 337 340
340 337 338
329 341 330
341 329 342
339 340 343
343 336 339
344 341 342
341 344 345
336 343 346
344 342 346
347 344 346
347 346 343
348 347 343
340 348 343
329 346 342
346 329 336
349 350 351
350 349 352
352 353 350
352 349 354
355 353 352
355 352 354
356 353 355
356 357 353
357 356 358
353 357 359
353 359 360
361 349 351
349 361 362
354 349 362
362 361 363
364 362 363
354 362 364
365 358 356
366 356 355
366 365 356
367 365 366
368 365 367
367 369 368
369 367 370
371 370 367
367 372 371
372 367 366
371 372 373
371 373 374
374 373 375
375 373 376
375 376 377
376 378 377
376 364 378
370 371 379
374 379 371
379 380 370
380 381 370
381 369 370
380 379 382
383 382 379
379 374 383
382 383 384
383 385 384
385 383 386
386 374 375
374 386 383
386 387 385
387 386 388
388 375 377
375 388 386
381 380 207
382 206 380
380 206 207
206 382 205
384 205 382
205 384 204
384 389 204
389 384 385
204 389 209
209 389 210
389 214 210
214 389 390
385 390 389
390 385 387
217 214 390
217 390 391
391 390 387
387 388 392
392 391 387
388 393 392
377 393 388
393 377 394
377 395 394
378 395 377
396 395 378
395 396 397
396 398 397
398 396 363
363 399 398
363 400 399
363 396 364
364 396 378
376 354 364
376 373 354
372 354 373
372 355 354
372 366 355
294 212 295
212 213 295
295 213 229
201 401 203
401 201 208
402 403 404
403 405 404
406 404 405
404 406 407
408 407 406
406 409 408
409 406 410
410 411 409
411 410 412
410 413 412
413 410 414
415 414 410
405 415 406
406 415 410
405 416 415
414 415 416
416 405 417
403 417 405
407 408 418
418 419 407
419 418 420
421 407 419
407 421 404
402 404 421
422 402 421
402 422 423
402 423 424
423 425 424
424 403 402
417 403 426
426 403 424
427 426 424
424 425 427
428 426 427
427 425 429
429 430 427
430 428 427
429 431 430
430 432 428
432 433 428
434 433 432
433 434 435
433 435 436
435 434 437
438 431 429
431 438 439
439 438 440
438 441 440
441 438 429
439 442 431
442 439 443
440 443 439
441 429 425
444 436 435
444 435 445
435 437 445
445 446 444
446 447 444
448 447 446
448 449 447
447 449 450
449 451 450
451 449 425
450 451 452
452 453 450
453 452 454
454 455 453
455 454 456
452 457 454
458 457 452
451 458 452
456 459 455
459 456 460
460 413 459
413 460 412
460 411 412
411 460 461
462 461 460
457 462 454
454 462 456
462 460 456
461 462 463
464 463 462
462 457 464
463 464 465
419 465 464
465 419 420
421 464 457
464 421 419
458 421 457
422 421 458
458 423 422
458 451 423
423 451 425
420 466 465
466 420 467
420 468 467
468 420 418
468 469 467
469 466 467
469 468 470
470 471 469
471 470 472
472 473 471
473 472 474
475 474 472
474 475 476
477 476 475
476 477 478
479 478 477
478 479 480
472 481 475
481 472 470
477 482 479
482 477 483
475 483 477
483 475 481
470 484 481
484 470 468
483 485 482
485 483 486
481 486 483
486 481 484
409 485 486
485 409 411
408 409 486
408 486 484
418 408 484
468 418 484
480 487 478
487 480 488
489 478 487
478 489 476
489 474 476
474 489 490
490 473 474
473 490 491
492 491 490
491 492 493
487 494 489
495 490 489
490 495 492
489 494 495
487 496 494
488 496 487
488 497 496
498 493 492
493 498 499
500 495 494
496 500 494
495 500 501
492 501 498
501 492 495
500 496 502
500 503 501
503 498 501
503 500 504
500 502 504
505 499 498
506 505 498
503 506 498
507 505 506
505 507 508
508 509 505
499 505 509
509 508 510
506 503 511
503 504 512
511 503 512
508 507 513
514 510 508
510 514 515
514 516 515
517 516 514
517 518 516
518 517 519
517 514 520
508 521 514
514 521 520
513 521 508
521 522 520
522 521 513
519 523 518
524 511 512
512 525 524
512 526 525
525 527 524
525 528 527
528 529 527
528 530 529
530 528 531
528 532 531
532 533 531
533 532 534
532 528 535
528 525 535
525 526 535
531 536 530
536 531 533
537 530 536
530 537 538
538 529 530
529 538 539
540 538 537
538 540 541
541 539 538
539 541 542
539 542 543
544 541 540
541 544 545
545 542 541
546 545 544
545 546 547
548 545 547
545 548 549
545 549 542
542 549 543
550 549 548
549 551 543
549 550 551
548 547 552
553 548 552
552 554 553
554 552 555
555 552 556
546 556 547
556 552 547
548 553 557
557 550 548
550 557 558
558 551 550
554 555 559
555 560 559
560 555 561
561 555 556
551 558 513
513 507 551
507 562 551
507 563 562
506 563 507
563 524 562
524 543 562
564 543 524
564 524 565
564 565 539
564 539 543
565 524 527
563 511 524
506 511 563
551 562 543
527 529 565
539 565 529
566 560 561
560 566 567
568 567 566
569 568 566
556 569 566
561 556 566
568 569 570
571 570 569
570 571 572
571 569 573
573 569 556
574 571 573
546 574 573
546 573 556
574 546 544
571 574 575
576 571 575
576 572 571
544 577 574
577 544 540
540 578 577
578 540 537
537 579 578
579 537 536
536 580 579
580 536 533
533 581 580
581 533 534
581 582 580
582 579 580
582 581 583
579 582 584
584 578 579
582 585 584
578 584 586
586 577 578
577 586 587
586 588 587
589 588 586
589 586 590
585 590 584
586 584 590
589 590 591
589 591 588
590 585 591
592 591 585
592 582 583
582 592 585
591 593 588
594 593 591
595 593 594
595 596 593
596 588 593
575 588 596
587 588 575
574 587 575
574 577 587
575 596 576
596 597 576
572 576 597
597 596 598
598 596 595
599 598 595
595 600 599
600 595 601
601 595 594
509 599 600
599 509 510
601 602 600
499 600 602
600 499 509
602 493 499
493 602 603
603 491 493
491 603 604
604 473 491
473 604 605
606 473 605
605 607 606
607 605 608
473 606 471
608 609 607
609 608 610
610 479 609
479 610 480
611 606 607
606 611 612
612 471 606
471 612 469
482 609 479
609 482 613
607 613 611
613 607 609
614 612 611
612 614 466
466 469 612
485 613 482
613 485 615
611 615 614
615 611 613
485 461 615
461 485 411
463 615 461
463 614 615
465 614 463
466 614 465
616 480 610
480 616 488
610 617 616
617 610 608
605 617 608
617 605 604
616 617 618
604 619 617
617 619 618
619 604 603
616 618 620
488 616 620
488 620 497
619 621 618
621 620 618
621 619 622
603 622 619
622 603 602
620 621 623
624 621 622
624 622 602
621 624 625
621 625 623
624 626 625
624 602 601
601 627 624
627 626 624
591 626 627
626 591 592
626 592 628
626 628 625
594 591 627
601 594 627
628 583 625
592 583 628
583 629 625
625 630 623
629 630 625
630 631 623
631 630 632
632 630 629
633 632 629
583 581 629
629 581 534
634 534 532
535 634 532
535 504 634
526 504 535
512 504 526
634 504 635
504 502 635
636 635 502
635 636 637
637 634 635
638 634 637
496 636 502
497 636 496
639 636 497
639 497 631
497 620 631
620 623 631
640 252 641
641 252 253
642 252 640
252 642 254
643 253 249
644 643 249
249 645 644
645 249 248
646 647 648
647 649 648
650 648 649
648 650 651
649 647 652
653 651 650
651 653 654
655 651 654
651 655 656
648 651 656
657 648 656
657 656 658
658 659 657
660 657 659
661 657 660
657 661 662
659 658 663
664 659 663
659 664 665
666 659 665
666 665 667
667 665 664
659 666 668
660 659 668
655 654 669
657 662 670
648 657 670
671 670 662
672 670 671
646 670 672
646 648 670
671 673 672
674 673 671
674 671 662
673 674 675
674 676 675
676 674 677
677 678 676
678 677 679
679 680 678
680 679 681
680 681 682
682 681 683
679 683 681
683 679 684
677 684 679
684 677 661
677 674 662
677 662 661
673 685 672
686 685 673
687 685 686
685 687 688
687 686 689
689 686 690
690 686 673
690 691 689
691 690 692
691 692 693
693 692 694
675 692 690
692 675 694
690 673 675
695 688 696
695 696 697
698 699 700
699 650 700
698 700 701
650 649 700
702 701 700
702 700 703
703 700 704
704 700 649
704 649 705
705 706 704
649 707 705
707 649 652
706 708 704
708 706 709
706 710 709
710 706 711
705 711 706
705 712 711
712 713 711
714 713 712
715 714 712
712 716 715
716 712 717
713 714 718
714 719 718
719 714 720
714 721 720
721 722 720
722 719 720
721 714 723
715 723 714
710 724 709
712 725 717
712 705 725
726 725 705
726 727 725
728 717 725
727 728 725
728 727 729
730 728 729
730 717 728
729 731 730
732 730 731
730 732 733
734 733 732
733 734 735
736 735 734
735 736 737
736 738 737
738 739 737
739 735 737
735 739 740
740 733 735
733 740 716
733 717 730
733 716 717
729 727 741
742 729 741
741 743 742
743 741 744
743 745 742
745 746 742
747 746 745
746 747 748
747 749 748
749 750 748
731 748 750
748 731 746
746 729 742
746 731 729
751 752 744
751 753 752
754 755 756
755 754 757
754 758 757
759 756 755
756 759 760
761 759 755
761 755 757
754 756 762
762 763 754
754 763 758
756 764 762
764 756 760
765 762 764
765 763 762
766 767 768
767 766 769
769 766 770
766 771 770
768 771 766
770 772 769
772 767 769
669 654 653
773 774 775
776 774 773
774 776 777
776 778 777
779 780 781
782 780 779
780 782 783
784 783 782
784 785 783
786 785 784
787 785 786
787 788 785
785 788 783
789 788 787
790 788 789
790 791 788
791 792 788
791 793 792
794 792 793
794 793 795
796 792 794
795 793 797
795 797 798
798 797 799
797 800 799
800 791 790
800 801 791
800 797 801
801 793 791
801 797 793
796 802 792
802 796 803
803 804 802
805 804 803
805 806 804
807 806 805
808 806 807
809 804 806
806 808 809
809 808 810
809 810 811
804 809 812
804 812 802
811 812 809
813 812 811
814 812 813
812 814 815
814 816 815
817 816 814
818 816 817
819 816 818
819 820 816
821 820 819
822 820 821
822 823 820
824 823 822
824 825 823
826 825 824
826 827 825
827 828 825
827 829 828
829 830 828
829 831 830
831 832 830
832 833 830
832 834 833
834 835 833
835 836 833
836 837 833
836 838 837
838 836 839
839 840 838
840 841 838
841 840 842
841 842 843
841 844 838
844 841 845
845 841 843
843 846 845
846 847 845
847 844 845
847 848 844
848 849 844
844 849 838
850 849 848
849 850 851
850 852 851
852 853 851
852 854 853
854 855 853
854 856 855
856 857 855
858 855 857
855 858 859
859 853 855
858 860 859
859 860 853
860 851 853
860 861 851
862 861 860
858 862 860
862 863 861
863 864 861
864 865 861
864 866 865
866 867 865
867 868 865
865 868 861
867 869 868
869 870 868
870 869 871
871 872 870
873 448 874
873 449 448
449 873 425
874 875 873
875 874 876
876 440 875
875 440 441
441 425 873
441 873 875
442 876 874
876 442 443
440 876 443
877 878 879
878 877 880
880 881 878
878 881 882
879 878 882
881 880 883
883 880 877
724 708 709
884 885 886
886 887 884
887 886 888
887 888 889
726 705 707
890 891 892
890 893 891
893 890 894
891 895 892
892 895 896
896 897 892
897 896 898
898 899 897
899 898 900
893 901 891
901 902 891
891 902 895
902 896 895
901 893 903
898 904 900
904 898 905
905 896 902
896 905 898
906 907 908
907 906 909
908 910 906
910 908 911
912 910 911
912 913 910
906 914 909
914 906 915
910 915 906
915 910 916
917 910 913
917 916 910
918 919 920
919 918 921
921 922 919
922 921 923
918 924 921
924 918 925
926 921 924
921 926 923
927 928 929
928 927 930
930 927 931
928 932 929
932 928 933
932 934 929
935 927 929
929 934 935
927 935 936
927 936 931
937 928 930
930 931 937
935 937 936
937 931 936
928 937 938
937 935 938
939 928 938
928 939 933
939 938 940
938 935 940
941 942 943
943 598 941
944 942 941
945 942 944
945 944 516
518 945 516
945 518 946
944 515 516
944 510 515
510 944 599
599 944 941
598 599 941
946 518 523
947 948 949
948 947 950
950 951 948
951 950 952
953 947 949
947 953 954
955 954 953
954 955 956
955 957 956
957 955 958
958 959 957
959 958 960
960 961 959
961 960 962
962 963 961
963 962 964
962 965 964
965 962 966
962 960 966
967 965 966
965 967 968
966 969 967
969 966 970
960 970 966
970 960 958
970 971 969
971 970 972
958 972 970
973 971 972
971 973 974
975 974 973
974 975 976
977 976 975
976 977 978
978 979 976
979 978 980
981 968 967
968 981 982
967 983 981
969 984 983
971 984 969
971 985 984
974 986 971
971 986 985
976 987 974
976 979 987
974 987 986
988 979 980
979 988 987
981 989 982
989 981 983
988 990 987
984 991 983
983 991 992
983 992 989
993 984 985
984 993 991
986 993 985
993 986 994
987 994 986
987 990 994
995 994 990
994 995 996
996 993 994
991 997 992
997 991 998
993 998 991
998 993 999
993 996 999
1000 996 995
996 1000 1001
998 1002 997
1002 998 1003
998 1004 1003
999 1004 998
1004 999 1005
999 1006 1005
1006 999 996
996 1001 1006
1007 1008 1009
1007 1010 1008
1011 1007 1009
1008 1012 1009
1008 1013 1012
1013 1014 1012
1013 1015 1014
1015 1016 1014
1017 1013 1008
1018 1017 1008
1008 1010 1018
1017 1018 1019
1013 1017 1020
1021 1013 1020
1013 1021 1015
1011 1009 1022
1023 1011 1022
1022 1024 1023
1025 1011 1026
1025 1026 1027
1028 1025 1027
1025 1028 1029
1030 1027 1026
1027 1030 1031
1027 1032 1028
1032 1027 1033
1030 1034 1031
1034 1030 1035
1036 1032 1033
1032 1036 1037
1035 1038 1034
1038 1035 1039
1039 1040 1038
1041 1037 1036
1041 1040 1042
1037 1041 1042
1035 1043 1039
1035 1044 1043
1042 1045 1037
1042 1046 1045
1039 1043 1047
1037 1045 1048
1042 1040 1049
1047 1050 1039
1042 1051 1046
1039 1052 1040
1037 1048 1053
1037 1053 1032
1032 1053 1054
1055 1032 1054
1032 1055 1056
1032 1056 1028
1057 1056 1055
1055 1058 1057
1028 1056 1059
1029 1028 1059
1029 1060 1061
1061 1060 1062
1063 1061 1062
1060 1064 1062
1060 1029 1065
1062 1064 1066
1067 1066 1064
1068 1066 1067
1029 1069 1065
1069 1070 1065
1071 1068 1067
1068 1071 1072
1066 1073 1062
1073 1066 1074
1073 1075 1062
1063 1062 1075
1075 1073 1076
1066 1077 1074
1077 1066 1068
1030 1078 1079
1030 1079 1035
1035 1079 1044
1030 1080 1078
1080 1030 1081
1026 1081 1030
1080 1081 1082
1083 1081 1026
1011 1083 1026
1084 1085 1086
1085 1084 1087
1087 1088 1085
1088 1087 1089
1089 1090 1088
1087 1091 1089
1087 1092 1091
1089 1091 1093
1093 1094 1089
1089 1095 1090
1084 1096 1087
1087 1097 1092
1087 1096 1097
1086 1098 1099
1098 1086 1100
1101 1098 1100
1101 1090 1102
1098 1101 1102
1102 1103 1098
1102 1104 1103
1105 1103 1104
1103 1105 1106
1106 1107 1103
1098 1103 1107
1107 1106 1108
1104 1109 1105
1102 1109 1104
1098 1107 1110
1111 1107 1108
1107 1111 1110
1112 1110 1111
1110 1112 1113
1098 1110 1113
1098 1114 1099
1098 1113 1114
1102 1090 1115
1116 1117 1118
1117 1116 1119
1117 1120 1118
1120 1117 1121
1121 1122 1120
1117 1123 1121
1117 1124 1123
1125 1123 1124
1123 1125 1126
1126 1127 1123
1121 1123 1127
1127 1126 1128
1128 1129 1127
1127 1129 1121
1121 1130 1122
1119 1131 1117
1124 1132 1125
1132 1124 1133
1133 1134 1132
1134 1133 1135
1117 1133 1124
1117 1131 1135
1117 1135 1133
1136 1122 1137
1138 1136 1137
1136 1138 1139
1140 1139 1138
1139 1140 1116
1137 1141 1138
1137 1142 1141
1138 1141 1143
1137 1144 1142
1138 1143 1145
1138 1145 1146
1138 1146 1140
1137 1122 1147
1148 1149 1150
1149 1148 1151
1152 1151 1148
1151 1152 1153
1154 1153 1152
1153 1154 1155
1151 1156 1149
1156 1157 1149
1157 1156 1158
1156 1151 1159
1153 1159 1151
1153 1155 1160
1158 1161 1157
1162 1157 1161
1157 1162 1163
1163 1149 1157
1149 1163 1150
1161 1164 1162
1164 1161 1165
1161 1158 1166
1165 1161 1167
1167 1161 1166
1159 1153 1168
1153 1160 1168
1158 1156 1169
1156 1159 1169
1168 1160 1170
1166 1158 1171
1158 1169 1171
1167 1166 1172
1172 1166 1171
1159 1168 1173
1169 1159 1173
1168 1170 1173
1169 1174 1171
1173 1174 1169
1173 1175 1174
1170 1175 1173
1171 1176 1172
1171 1174 1176
1174 1177 1176
1175 1177 1174
1170 1177 1175
1176 1177 1172
949 948 975
948 977 975
977 948 951
973 949 975
949 973 953
972 953 973
955 953 972
958 955 972
969 983 967
1178 1179 1180
1179 1178 1181
1182 1180 1179
1180 1182 1183
1178 1184 1181
1184 1178 1185
1185 1186 1184
1186 1185 1187
1188 1186 1187
1186 1188 1189
1190 1189 1188
1189 1190 1191
1192 1191 1190
1191 1192 1193
1194 1193 1192
1193 1194 1195
1196 1193 1195
1193 1196 1197
1193 1197 1191
1196 1198 1197
1198 1196 1199
1200 1197 1198
1197 1200 1201
1191 1201 1189
1201 1191 1197
1202 1201 1200
1201 1202 1203
1189 1201 1203
1202 1204 1203
1204 1202 1205
1205 1206 1204
1206 1205 1207
1207 1208 1206
1208 1207 1209
1210 1209 1207
1209 1210 1211
1199 1212 1198
1212 1199 1213
1198 1212 1214
1200 1214 1215
1202 1200 1215
1202 1215 1216
1205 1202 1217
1202 1216 1217
1207 1205 1218
1207 1218 1210
1205 1217 1218
1210 1219 1211
1219 1210 1218
1212 1220 1214
1220 1212 1213
1219 1218 1221
1215 1214 1222
1214 1223 1222
1214 1220 1223
1215 1224 1216
1224 1215 1222
1224 1217 1216
1217 1224 1225
1218 1217 1225
1218 1225 1221
1225 1226 1221
1226 1225 1227
1224 1227 1225
1228 1222 1223
1222 1228 1229
1229 1224 1222
1224 1229 1230
1227 1224 1230
1227 1231 1226
1231 1227 1232
1233 1229 1228
1229 1233 1234
1229 1234 1235
1235 1230 1229
1230 1235 1236
1230 1237 1227
1237 1230 1236
1227 1237 1232
1238 1239 1240
1238 1240 1241
1242 1239 1238
1240 1239 1243
1240 1243 1244
1244 1243 1245
1244 1245 1246
1246 1245 1247
1244 1248 1240
1248 1249 1240
1240 1249 1241
1249 1248 1250
1248 1244 1251
1252 1244 1246
1244 1252 1251
1242 1253 1239
1254 1253 1242
1253 1254 1255
1256 1257 1242
1256 1258 1257
1259 1258 1256
1256 1260 1259
1258 1261 1257
1261 1258 1262
1263 1258 1259
1258 1263 1264
1265 1261 1262
1261 1265 1266
1263 1267 1264
1267 1263 1268
1269 1266 1265
1266 1269 1270
1270 1269 1271
1268 1272 1267
1272 1273 1271
1272 1268 1273
1266 1270 1274
1266 1274 1275
1273 1268 1276
1273 1276 1277
1270 1278 1274
1268 1279 1276
1273 1280 1271
1278 1270 1281
1273 1277 1282
1270 1271 1283
1268 1284 1279
1268 1263 1284
1263 1285 1284
1263 1286 1285
1286 1263 1287
1263 1259 1287
1288 1286 1287
1286 1288 1289
1259 1290 1287
1260 1290 1259
1291 1260 1292
1292 1293 1291
1294 1293 1292
1291 1293 1295
1260 1291 1296
1293 1297 1295
1298 1295 1297
1299 1298 1297
1260 1296 1300
1300 1296 1301
1302 1298 1299
1299 1303 1302
1304 1297 1293
1297 1304 1305
1306 1304 1293
1294 1306 1293
1304 1306 1307
1297 1308 1299
1308 1297 1305
1261 1309 1310
1261 1266 1309
1266 1275 1309
1311 1261 1310
1261 1311 1312
1257 1261 1312
1311 1313 1312
1314 1257 1312
1242 1257 1314
1315 1316 1317
1316 1315 1318
1319 1318 1315
1318 1319 1320
1320 1319 1321
1318 1320 1322
1318 1322 1323
1320 1324 1322
1324 1320 1325
1320 1321 1326
1316 1318 1327
1318 1323 1328
1318 1328 1327
1317 1329 1330
1329 1317 1331
1329 1332 1330
1332 1333 1321
1332 1329 1333
1333 1329 1334
1333 1334 1335
1334 1336 1335
1336 1334 1337
1338 1337 1334
1329 1338 1334
1337 1338 1339
1335 1336 1340
1333 1335 1340
1329 1341 1338
1338 1342 1339
1342 1338 1341
1341 1343 1342
1343 1341 1344
1329 1344 1341
1329 1331 1345
1329 1345 1344
1333 1346 1321
1347 1348 1349
1348 1347 1350
1351 1348 1350
1348 1351 1352
1352 1351 1353
1348 1352 1354
1348 1354 1355
1354 1356 1355
1356 1354 1357
1358 1357 1354
1352 1358 1354
1357 1358 1359
1359 1358 1360
1358 1352 1360
1352 1353 1361
1349 1348 1362
1363 1355 1356
1355 1363 1364
1365 1364 1363
1364 1365 1366
1348 1355 1364
1348 1366 1362
1348 1364 1366
1367 1368 1353
1367 1369 1368
1369 1367 1370
1370 1371 1369
1371 1370 1347
1368 1369 1372
1368 1372 1373
1369 1374 1372
1368 1375 1353
1368 1373 1376
1369 1377 1374
1369 1378 1377
1369 1371 1378
1379 1380 1381
1380 1379 1382
1381 1383 1379
1383 1381 1384
1384 1385 1383
1385 1384 1386
1387 1381 1380
1388 1387 1380
1387 1388 1389
1381 1387 1390
1390 1384 1381
1384 1391 1386
1392 1389 1388
1388 1393 1392
1393 1388 1394
1394 1380 1382
1380 1394 1388
1395 1392 1393
1392 1395 1396
1389 1392 1397
1396 1398 1392
1398 1397 1392
1384 1390 1399
1384 1399 1391
1389 1400 1387
1387 1400 1390
1399 1401 1391
1397 1402 1389
1389 1402 1400
1398 1403 1397
1403 1402 1397
1390 1404 1399
1400 1404 1390
1399 1404 1401
1400 1402 1405
1404 1400 1405
1404 1405 1406
1401 1404 1406
1402 1403 1407
1402 1407 1405
1405 1407 1408
1406 1405 1408
1401 1406 1408
1407 1403 1408
1181 1206 1179
1208 1179 1206
1179 1208 1182
1181 1204 1206
1204 1181 1184
1203 1204 1184
1186 1203 1184
1189 1203 1186
1200 1198 1214
1409 1410 1411
1412 1411 1410
1411 1412 1413
1412 1414 1413
1414 1412 1415
1413 1416 1411
1416 1413 1417
1417 1418 1416
1418 1417 1419
1420 1416 1418
1421 1416 1420
1411 1416 1421
1421 1409 1411
1409 1421 1422
1423 1422 1421
1421 1424 1423
1421 1420 1424
1420 1425 1424
1420 1418 1425
1417 1426 1419
1426 1417 1427
1427 1413 1414
1413 1427 1417
1428 1427 1414
1428 1429 1427
1426 1427 1429
1428 1430 1429
1428 1431 1430
1431 1428 1432
1433 1432 1428
1426 1429 1434
1429 1430 1434
1433 1428 1414
1435 1426 1434
1426 1435 1436
1437 1426 1436
1426 1437 1419
1437 1418 1419
1418 1438 1425
1438 1418 1439
1418 1437 1439
1415 1433 1414
1440 1441 1438
1441 1440 1442
1443 1441 1442
1443 1444 1441
1440 1445 1442
1442 1445 1446
1442 1446 1443
1447 1443 1446
1443 1447 1448
1449 1448 1447
1448 1449 1450
1451 1450 1449
1450 1451 1452
1453 1452 1451
1452 1453 1454
1455 1454 1453
1454 1455 1456
1457 1456 1455
1456 1457 1458
1459 1458 1457
1458 1459 1460
1461 1460 1459
1462 1463 1464
1465 1463 1462
1463 1465 1466
1465 1467 1466
1467 1465 1468
1468 1469 1467
1469 1468 1470
1471 1469 1470
1469 1471 1472
1471 1473 1472
1473 1471 1474
1466 1467 1475
1467 1476 1475
1476 1467 1477
1476 1477 1478
1473 1474 1479
1479 1474 1480
1481 1482 1483
1481 1484 1482
1484 1481 1485
1484 1485 1486
1486 1485 1487
1486 1487 1488
1481 1483 1489
1489 1483 1444
1487 1490 1488
1490 1491 1488
1490 1492 1491
1492 1493 1491
1492 1494 1493
1493 1494 1495
1489 1444 1443
1496 1497 1498
1498 1497 1499
1499 1497 1500
1499 1500 1501
1501 1500 1502
1501 1502 1503
1503 1502 1504
1503 1504 1505
1505 1504 1506
1505 1506 1507
1507 1506 1508
1508 1509 1507
1509 1508 1510
1509 1510 1511
1511 1510 1512
1512 1513 1511
1513 1512 1514
1513 1514 1515
1516 1517 1518
1519 1516 1518
1518 1517 1520
1517 1521 1520
1520 1521 1522
1521 1523 1522
1519 1518 1524
1525 1519 1524
1525 1524 1526
1527 1525 1526
1527 1526 1528
1529 1527 1528
1529 1528 1530
1531 1529 1530
1532 1531 1530
1522 1523 1533
1523 1534 1533
1535 1536 1537
1537 1536 1538
1535 1539 1536
1540 1539 1535
1540 1541 1539
1542 1541 1540
1542 1543 1541
1544 1543 1542
1544 1545 1543
1546 1545 1544
1546 1547 1545
1548 1547 1546
1548 1549 1547
1549 1548 1550
1551 1549 1550
1552 1553 1554
1552 1555 1553
1556 1555 1552
1553 1555 1557
1557 1558 1553
1558 1557 1559
1560 1558 1559
1554 1553 1561
1561 1562 1554
1563 1562 1561
1563 1564 1562
1556 1552 1565
1566 1556 1565
1566 1565 1567
1568 1566 1567
1564 1569 1562
1564 1570 1569
1564 1571 1570
1572 1570 1571
1573 1574 1575
1576 1574 1573
1577 1578 1579
1579 1578 1580
1581 1582 1583
1584 1581 1583
1585 1586 1587
1587 1586 1588
1589 1588 1586
1590 1589 1586
1590 1591 1589
1590 1592 1591
1593 1592 1590
1592 1593 1594
1594 1595 1592
1595 1591 1592
1595 1594 1596
1596 1597 1595
1597 1596 1598
1598 1599 1597
1599 1598 1600
1591 1595 1601
1595 1597 1601
1602 1597 1599
1597 1602 1601
1599 1603 1602
1600 1603 1599
1604 1603 1600
1603 1605 1602
1604 1605 1603
1606 1605 1604
1606 1607 1605
1607 1606 1608
1608 1609 1607
1609 1608 1610
1611 1609 1610
1609 1611 1612
1613 1602 1605
1607 1609 1613
1607 1613 1605
1609 1612 1614
1613 1609 1614
1615 1612 1611
1616 1612 1615
1614 1612 1616
1590 1617 1618
1590 1618 1593
1619 1620 1621
1620 1619 1622
1623 1621 1620
1621 1623 1624
1625 1624 1623
1624 1625 1626
1625 1627 1626
1628 1622 1619
1622 1628 1629
1630 1629 1628
1629 1630 1631
1632 1631 1630
1631 1632 1633
1634 1633 1632
1633 1634 1635
1636 1635 1634
1635 1636 1637
1638 1637 1636
1637 1638 1639
1640 1639 1638
1639 1640 1641
1642 1641 1640
1641 1642 1643
1644 1645 1628
1645 1644 1646
1646 1647 1645
1647 1646 1648
1648 1649 1647
1649 1648 1650
1650 1651 1649
1651 1650 1652
1652 1653 1651
1653 1652 1654
1654 1655 1653
1655 1654 1656
1656 1657 1655
1657 1656 1658
1658 1659 1657
1659 1658 1660
1660 1661 1659
1661 1660 1662
1662 1663 1661
1664 1665 1666
1667 1665 1664
1665 1667 1668
1445 1440 1669
1670 1445 1669
1445 1670 1671
1670 1672 1671
1672 1670 1435
1673 1671 1672
1673 1672 1674
1671 1675 1445
1671 1673 1675
1673 1676 1675
1676 1673 1677
1677 1678 1676
1678 1677 1679
1679 1680 1678
1680 1679 1681
1681 1682 1680
1682 1681 1683
1683 1684 1682
1684 1683 1685
1685 1686 1684
1686 1685 1687
1687 1688 1686
1688 1687 1689
1690 1688 1689
1691 1692 1693
1691 1694 1692
1693 1692 1695
1696 1693 1695
1693 1696 1697
1696 1698 1697
1694 1699 1692
1694 1700 1699
1699 1700 1701
1699 1701 1702
1703 1704 1705
1705 1706 1703
1706 1705 1707
1708 1706 1707
1706 1708 1709
1710 1709 1708
1709 1710 1711
1710 1712 1711
1712 1710 1713
1712 1713 1714
1714 1715 1712
1707 1716 1708
1717 1708 1716
1708 1717 1718
1717 1719 1718
1714 1720 1715
1720 1721 1715
1722 1723 1724
1725 1722 1724
1722 1725 1726
1725 1727 1726
1727 1728 1726
1727 1729 1728
1722 1730 1723
1730 1674 1723
1728 1729 1731
1731 1729 1732
1731 1732 1733
1733 1732 1734
1733 1734 1735
1734 1736 1735
1730 1673 1674
1737 1738 1739
1738 1740 1739
1740 1741 1739
1740 1742 1741
1742 1743 1741
1742 1744 1743
1744 1745 1743
1744 1746 1745
1746 1747 1745
1746 1748 1747
1748 1749 1747
1750 1749 1748
1749 1750 1751
1750 1752 1751
1752 1753 1751
1754 1753 1752
1753 1754 1755
1754 1756 1755
1757 1758 1759
1760 1758 1757
1758 1761 1759
1759 1761 1762
1761 1763 1762
1762 1763 1764
1760 1765 1758
1766 1765 1760
1766 1767 1765
1768 1767 1766
1768 1769 1767
1770 1769 1768
1770 1771 1769
1772 1771 1770
1773 1771 1772
1763 1774 1764
1764 1774 1775
1776 1777 1778
1777 1779 1778
1776 1778 1780
1781 1776 1780
1781 1780 1782
1783 1781 1782
1783 1782 1784
1785 1783 1784
1785 1784 1786
1787 1785 1786
1787 1786 1788
1789 1787 1788
1790 1789 1788
1789 1790 1791
1792 1791 1790
1793 1794 1795
1793 1795 1796
1797 1793 1796
1795 1798 1796
1799 1798 1795
1798 1799 1800
1801 1800 1799
1794 1802 1795
1802 1794 1803
1804 1802 1803
1804 1803 1805
1797 1806 1793
1807 1806 1797
1807 1808 1806
1809 1808 1807
1803 1810 1805
1805 1810 1811
1805 1811 1812
1813 1812 1811
1814 1815 1816
1817 1814 1816
1818 1819 1820
1819 1821 1820
1822 1823 1824
1825 1823 1822
1826 1827 1828
1827 1829 1828
1829 1830 1828
1830 1831 1828
1831 1830 1832
1831 1832 1833
1833 1834 1831
1834 1833 1835
1836 1835 1833
1832 1836 1833
1835 1836 1837
1838 1837 1836
1837 1838 1839
1840 1839 1838
1839 1840 1841
1836 1832 1842
1836 1842 1838
1843 1838 1842
1838 1843 1840
1840 1843 1844
1841 1840 1844
1845 1841 1844
1844 1843 1846
1845 1844 1846
1847 1845 1846
1848 1847 1846
1847 1848 1849
1850 1849 1848
1849 1850 1851
1850 1852 1851
1852 1850 1853
1843 1854 1846
1848 1854 1850
1854 1848 1846
1850 1855 1853
1854 1855 1850
1856 1852 1853
1857 1856 1853
1855 1857 1853
1831 1858 1859
1831 1834 1858
1860 1619 1621
1619 1860 1861
1621 1862 1860
1862 1621 1624
1624 1863 1862
1863 1624 1626
1863 1626 1627
1861 1628 1619
1628 1861 1644
1864 1865 1866
1865 1867 1866
1865 1868 1867
1868 1865 1869
1868 1869 1870
1871 1864 1866
1872 1871 1866
1871 1872 1873
1872 1874 1873
1872 1875 1874
1876 1877 1878
1879 1876 1878
1880 1877 1881
1880 1881 1879
1882 1883 1879
1884 1879 1885
1886 1887 1888
1889 1886 1888
1886 1889 1890
1886 1498 1887
1891 1888 1887
1891 1889 1888
1889 1891 1892
1891 1887 1738
1893 1894 1895
1894 1893 1896
1893 1897 1896
1894 1898 1895
1899 1900 1901
1901 1902 1899
1902 1901 1903
1902 1903 1904
1905 1906 1907
1907 1906 1908
1905 1907 1909
1908 1906 1910
1910 1911 1908
1912 1908 1911
1908 1912 1913
1907 1908 1913
1911 1914 1912
1914 1911 1915
1915 1916 1914
1916 1915 1917
1917 1918 1916
1918 1917 1919
1920 1917 1915
1917 1920 1921
1921 1919 1917
1919 1921 1922
1922 1923 1919
1919 1923 1918
1923 1922 1924
1925 1923 1924
1925 1926 1923
1926 1925 1927
1927 1928 1926
1929 1926 1928
1929 1923 1926
1923 1929 1918
1928 1927 1930
1930 1931 1928
1932 1928 1931
1932 1929 1928
1931 1930 1933
1933 1934 1931
1935 1931 1934
1935 1932 1931
1934 1933 1936
1937 1935 1934
1937 1934 1938
1938 1934 1936
1938 1936 1939
1940 1938 1939
1940 1941 1938
1938 1941 1942
1942 1937 1938
1943 1941 1940
1944 1941 1943
1945 1941 1944
1941 1945 1946
1942 1941 1946
1944 1947 1945
1947 1944 1948
1948 1949 1947
1949 1948 1950
1950 1951 1949
1951 1950 1952
1953 1951 1952
1951 1953 1954
1954 1953 1955
1956 1950 1948
1948 1944 1956
1956 1944 1943
1950 1956 1957
1950 1958 1952
1958 1950 1957
1952 1959 1953
1959 1952 1958
1955 1953 1959
1960 1915 1911
1915 1960 1920
1911 1910 1960
1961 1962 1963
1962 1964 1963
1965 1963 1964
1966 1965 1964
1965 1966 1967
1968 1967 1966
1967 1968 1969
1970 1969 1968
1969 1970 1971
1972 1971 1970
1971 1972 1973
1973 1972 1974
1963 1965 1975
1961 1963 1975
1970 1976 1972
1976 1970 1977
1968 1977 1970
1977 1968 1978
1966 1978 1968
1978 1966 1979
1980 1966 1964
1966 1980 1979
1964 1962 1980
1981 1974 1972
1981 1972 1976
1973 1974 1982
1983 1974 1981
1983 1984 1974
1982 1974 1984
1982 1984 1985
1985 1984 1986
1987 1984 1983
1987 1988 1984
1984 1988 1986
1986 1988 1989
1988 1990 1989
1991 1989 1990
1989 1991 1992
1992 1991 1993
1994 1990 1988
1994 1988 1987
1993 1991 1995
1996 1993 1995
1997 1993 1996
1993 1997 1998
1999 1998 1997
1998 1999 2000
2001 2000 1999
2000 2001 2002
2003 2002 2001
2002 2003 2004
2005 1991 1990
1995 1991 2005
2005 1990 1994
1993 1998 2006
2000 2006 1998
1992 1993 2006
2006 2000 2007
2002 2007 2000
2007 2002 2008
2004 2008 2002
2008 2004 2009
2010 2004 2003
2010 2011 2004
2004 2012 2009
2004 2011 2012
2012 2011 2013
2014 2011 2010
2015 2016 2017
2016 2018 2017
2015 2019 2016
2018 2020 2017
2021 2020 2018
2018 2022 2021
2022 2018 2023
2016 2023 2018
2024 2021 2022
2021 2024 2025
2026 2025 2024
2025 2026 2027
2028 2027 2026
2027 2028 2029
2027 2030 2025
2030 2027 2031
2029 2031 2027
2031 2029 2032
2033 2032 2029
2029 2028 2033
2032 2033 2034
2035 2034 2033
2036 2035 2033
2035 2036 2037
2038 2037 2036
2038 2036 2039
2039 2033 2028
2033 2039 2036
2037 2038 2040
2041 2040 2038
2040 2041 2042
2043 2042 2041
2042 2043 2044
2041 2038 2045
2045 2038 2039
2046 2041 2045
2043 2041 2046
2047 2043 2046
2048 2043 2047
2048 2044 2043
2049 2048 2047
2048 2050 2044
2048 2049 2051
2052 2048 2051
2052 2050 2048
2053 2052 2051
2054 2053 2051
2051 2055 2054
2055 2051 2056
2049 2056 2051
2057 2054 2055
2054 2057 2058
2059 2058 2057
2058 2059 2060
2061 2060 2059
2060 2061 2062
2061 2063 2062
2063 2061 2064
2064 2065 2063
2060 2066 2058
2058 2066 2054
2066 2053 2054
2066 2060 2067
2060 2068 2067
2068 2060 2062
2062 2069 2068
2069 2062 2063
2065 2069 2063
2070 2025 2030
2025 2070 2021
2020 2021 2070
2071 2072 2073
2074 2073 2072
2072 2075 2074
2075 2076 2074
2076 2075 2077
2077 2078 2076
2078 2077 2079
2079 2080 2078
2080 2079 2081
2081 2082 2080
2082 2081 2083
2083 2084 2082
2075 2072 2085
2071 2085 2072
2086 2080 2082
2080 2086 2087
2087 2078 2080
2078 2087 2088
2088 2076 2078
2076 2088 2089
2090 2076 2089
2076 2090 2074
2073 2074 2090
2091 2086 2082
2091 2082 2084
2092 2091 2084
2083 2093 2084
2093 2094 2084
2092 2084 2094
2095 2092 2094
2095 2094 2096
2097 2096 2094
2098 2095 2096
2097 2099 2096
2099 2100 2096
2098 2096 2100
2099 2101 2100
2101 2099 2102
2102 2103 2101
2103 2104 2101
2105 2104 2103
2103 2106 2105
2106 2103 2107
2107 2108 2106
2108 2107 2109
2109 2110 2108
2110 2109 2111
2111 2112 2110
2112 2111 2113
2114 2098 2100
2104 2114 2101
2114 2100 2101
2103 2115 2107
2115 2109 2107
2102 2115 2103
2109 2115 2116
2116 2111 2109
2111 2116 2117
2117 2113 2111
2113 2117 2118
2119 2112 2113
2119 2113 2120
2113 2118 2121
2113 2121 2120
2121 2122 2120
2123 2119 2120
2124 2097 2094
2093 2124 2094
2125 2126 2127
2126 2125 2128
