byte offset: 0
first index: 0
index count: 9240
topology: trianglelist
format: DXGI_FORMAT_R16_UINT

0 1 2
1 0 3
4 2 1
2 4 5
6 5 4
5 6 7
8 7 6
7 8 9
10 9 8
9 10 11
12 11 10
11 12 13
14 13 12
13 14 15
16 15 14
15 16 17
18 17 16
17 18 19
7 20 5
20 7 21
9 21 7
21 9 22
9 11 22
11 13 23
22 11 23
13 24 23
17 24 15
13 15 24
24 17 25
17 26 25
17 19 26
20 21 27
21 22 27
22 23 27
28 20 27
2 20 28
0 2 28
29 0 28
30 23 24
23 30 27
31 28 27
28 31 29
32 29 31
24 25 33
25 26 33
24 33 30
34 29 32
34 35 29
35 0 29
35 3 0
3 35 36
37 36 35
35 34 37
36 37 38
37 39 38
39 37 40
41 37 34
32 41 34
41 40 37
42 36 38
39 42 38
36 42 43
43 3 36
3 43 44
44 1 3
1 44 45
45 4 1
4 45 46
46 6 4
6 46 47
47 8 6
8 47 48
48 10 8
10 48 49
49 12 10
12 49 50
50 14 12
14 50 51
51 16 14
16 51 52
52 18 16
18 52 53
54 47 46
47 54 55
55 48 47
48 55 56
48 56 49
49 57 50
56 57 49
50 57 58
58 52 51
50 58 51
52 58 59
52 59 60
52 60 53
54 61 55
55 61 56
56 61 57
62 61 54
45 62 54
44 62 45
63 62 44
64 58 57
57 61 64
65 61 62
62 63 65
66 65 63
58 67 59
59 67 60
58 64 67
68 66 63
43 68 63
43 63 44
68 43 42
69 68 42
66 68 69
69 42 70
42 39 70
45 54 46
2 5 20
71 72 73
71 73 74
71 75 72
75 76 72
76 75 77
78 71 74
79 78 74
78 79 80
81 82 83
81 84 82
84 81 85
82 86 83
86 87 83
87 88 83
89 88 87
88 89 90
91 92 93
92 91 94
95 96 97
96 95 98
99 98 95
98 99 100
101 102 103
102 101 104
103 105 101
105 103 106
107 108 109
108 107 110
111 112 113
112 111 114
115 116 117
116 115 118
119 117 116
117 119 120
121 122 123
122 121 124
124 125 122
125 124 126
127 128 129
128 127 130
131 132 133
134 132 131
135 132 134
136 132 135
133 132 137
138 132 136
132 139 137
139 132 140
132 141 140
141 132 138
139 140 142
143 140 141
139 142 144
144 142 145
142 146 145
147 146 143
148 145 146
147 148 146
145 148 149
148 147 150
149 148 151
151 148 152
152 148 153
153 148 154
154 148 155
155 148 150
156 143 141
147 143 156
157 158 159
158 157 160
161 159 158
159 161 162
163 162 161
162 163 164
165 164 163
164 165 166
167 166 165
166 167 168
169 168 167
168 169 170
171 170 169
170 171 172
173 172 171
172 173 174
175 174 173
174 175 176
164 177 162
177 164 178
166 178 164
178 166 179
166 168 179
168 170 180
179 168 180
170 181 180
174 181 172
170 172 181
181 174 182
174 183 182
174 176 183
177 178 184
178 179 184
179 180 184
185 177 184
159 177 185
157 159 185
186 157 185
187 180 181
180 187 184
188 185 184
185 188 186
189 186 188
181 182 190
182 183 190
181 190 187
191 186 189
191 192 186
192 157 186
192 160 157
160 192 193
194 193 192
192 191 194
193 194 195
194 196 195
196 194 197
198 194 191
189 198 191
198 197 194
199 193 195
196 199 195
193 199 200
200 160 193
160 200 201
201 158 160
158 201 202
202 161 158
161 202 203
203 163 161
163 203 204
204 165 163
165 204 205
205 167 165
167 205 206
206 169 167
169 206 207
207 171 169
171 207 208
208 173 171
173 208 209
209 175 173
175 209 210
211 204 203
204 211 212
212 205 204
205 212 213
205 213 206
206 214 207
213 214 206
207 214 215
215 209 208
207 215 208
209 215 216
209 216 217
209 217 210
211 218 212
212 218 213
213 218 214
219 218 211
202 219 211
201 219 202
220 219 201
221 215 214
214 218 221
222 218 219
219 220 222
223 222 220
215 224 216
216 224 217
215 221 224
225 223 220
200 225 220
200 220 201
225 200 199
226 225 199
223 225 226
226 199 227
199 196 227
202 211 203
159 162 177
228 229 230
228 230 231
228 232 229
232 233 229
233 232 234
235 228 231
236 235 231
235 236 237
238 239 240
238 241 239
241 238 242
239 243 240
243 244 240
244 245 240
246 245 244
245 246 247
248 249 250
249 248 251
252 253 254
253 252 255
256 255 252
255 256 257
258 259 260
259 258 261
260 262 258
262 260 263
264 265 266
265 264 267
268 269 270
269 268 271
272 273 274
273 272 275
276 274 273
274 276 277
278 279 280
279 278 281
281 282 279
282 281 283
284 285 286
285 284 287
288 289 290
291 289 288
292 289 291
293 289 292
290 289 294
295 289 293
289 296 294
296 289 297
289 298 297
298 289 295
296 297 299
296 299 300
300 299 301
299 302 301
303 301 302
301 303 304
305 303 302
303 305 306
304 303 307
307 303 308
308 303 309
309 303 310
310 303 311
311 303 306
312 297 298
305 302 312
313 312 298
305 312 313
314 315 316
315 314 317
317 314 318
317 318 319
317 319 320
315 321 316
317 320 322
320 323 322
324 323 320
320 325 324
317 322 326
327 317 326
317 327 328
327 329 328
329 327 330
330 331 329
331 330 332
332 333 331
333 332 334
331 335 329
335 331 336
336 337 335
337 336 338
338 339 337
339 338 340
340 341 339
341 340 342
342 343 341
343 342 344
344 345 343
345 344 346
346 347 345
334 348 333
348 349 333
349 350 333
348 351 349
352 350 349
350 352 353
352 354 353
354 352 355
355 356 354
356 355 357
351 358 349
351 359 358
359 360 358
361 360 359
360 361 362
363 362 361
362 363 364
365 364 363
364 365 366
367 366 365
366 367 368
367 369 368
369 367 370
370 371 369
371 370 372
372 373 371
374 375 376
377 376 375
376 377 378
377 379 378
380 378 379
378 380 381
332 374 376
374 332 330
382 381 380
381 382 383
384 383 382
383 384 385
386 385 384
385 386 387
388 387 386
387 388 389
388 390 389
391 392 393
392 391 394
395 394 391
394 395 396
395 357 396
357 395 356
397 393 392
393 397 398
397 399 398
400 401 402
400 403 401
400 404 403
400 405 404
404 405 406
407 404 406
400 408 405
400 409 408
409 400 410
410 411 409
411 410 412
412 413 411
402 414 400
402 415 414
416 404 407
416 417 404
404 417 403
403 417 418
403 418 419
411 413 420
420 421 411
421 420 422
421 422 423
422 424 423
424 422 425
424 425 426
425 427 426
427 425 428
427 428 429
427 429 430
429 431 430
431 429 432
432 433 431
433 432 434
433 434 435
420 413 436
436 413 437
436 437 438
438 437 439
439 437 440
438 439 441
440 442 439
442 440 443
443 444 442
444 443 445
445 446 444
446 445 447
441 439 448
441 448 449
449 448 450
450 451 449
451 450 452
451 452 453
454 446 447
446 454 455
456 455 454
455 456 457
457 456 458
451 453 459
460 459 453
459 460 461
462 461 460
461 462 463
464 463 462
463 464 465
465 464 466
467 468 469
470 468 467
468 470 471
472 471 470
471 472 473
474 473 472
473 474 475
476 475 474
475 476 477
412 477 476
476 413 412
401 478 479
401 419 478
403 419 401
401 479 402
402 479 480
481 482 483
481 483 484
484 483 485
484 485 486
486 485 487
486 487 488
486 488 489
489 488 490
490 488 491
490 491 492
492 491 493
494 482 481
495 496 497
496 495 498
496 499 497
499 496 500
501 502 503
503 502 504
501 505 502
506 505 501
505 506 507
508 507 506
507 508 509
510 509 508
509 510 511
510 512 511
512 510 513
513 514 512
514 513 515
516 517 518
519 516 518
516 519 520
521 520 519
520 521 522
523 522 521
522 523 524
525 524 523
524 525 526
527 526 525
526 527 528
529 517 516
529 530 517
531 532 533
532 531 534
534 535 532
535 534 536
537 531 533
531 537 538
537 539 538
539 537 540
536 541 535
541 536 542
542 543 541
543 542 544
544 545 543
545 544 546
547 545 546
545 547 548
547 549 548
550 549 547
550 551 549
539 540 552
540 553 552
554 555 556
555 554 557
558 556 555
556 558 559
560 559 558
559 560 561
560 562 561
562 560 563
557 554 564
563 565 562
565 563 566
566 567 565
567 566 568
568 569 567
569 568 570
570 571 569
572 571 570
572 573 571
557 564 574
575 576 577
577 578 575
578 577 579
580 578 579
578 580 581
582 581 580
581 582 583
582 584 583
584 582 585
585 586 584
586 585 587
587 588 586
588 587 589
588 589 590
588 590 591
590 592 591
592 590 593
592 593 594
595 596 597
595 598 596
598 595 599
599 600 598
600 599 601
601 602 600
602 601 603
603 604 602
604 603 605
605 606 604
606 605 607
595 597 608
608 597 609
610 606 607
610 611 606
612 613 614
613 612 615
615 616 613
616 615 617
617 618 616
618 617 619
614 620 612
620 614 621
621 622 620
622 621 623
623 624 622
624 623 625
625 626 624
626 625 627
626 627 628
626 628 629
629 628 630
631 632 633
634 631 633
631 634 635
636 635 634
635 636 637
637 636 638
639 632 631
639 640 632
640 639 641
641 642 640
637 638 643
643 638 644
643 644 442
442 644 645
644 646 645
647 416 648
400 414 649
650 576 575
651 652 653
652 651 654
654 655 652
654 656 655
654 657 656
651 653 658
654 659 657
657 659 660
661 657 660
657 661 662
654 663 659
654 664 663
664 654 665
666 664 665
664 666 667
668 667 666
667 668 669
670 669 668
669 670 671
672 668 666
668 672 673
674 673 672
673 674 675
676 675 674
675 676 677
678 677 676
677 678 679
680 679 678
679 680 681
682 681 680
681 682 683
683 682 684
671 670 685
685 670 686
685 686 687
687 686 688
687 688 689
689 688 690
690 691 689
691 690 692
692 693 691
693 692 694
694 695 693
695 694 696
696 697 695
697 696 698
699 697 698
697 699 700
701 700 699
700 701 702
702 701 703
704 705 706
705 707 706
707 705 708
707 708 709
708 710 709
710 708 711
704 669 705
669 704 667
711 712 710
712 711 713
713 714 712
714 713 715
715 716 714
716 715 717
717 718 716
718 717 719
718 719 720
721 722 723
722 721 724
724 725 722
725 724 726
727 725 726
725 727 728
729 728 727
728 729 730
731 730 729
730 731 732
731 733 732
733 731 686
686 670 733
723 734 721
734 723 735
734 735 736
737 738 739
737 739 740
737 740 741
737 741 742
741 743 742
744 743 741
737 742 745
746 737 745
737 746 747
748 747 746
747 748 749
749 748 750
749 750 751
738 737 752
738 752 753
754 744 741
754 741 755
741 740 755
740 756 755
748 757 750
748 758 757
757 759 750
759 760 750
759 761 760
761 762 760
762 763 760
761 764 762
765 763 762
763 765 766
767 766 765
766 767 768
769 768 767
768 769 770
764 771 762
764 772 771
772 773 771
774 773 772
773 774 775
774 776 775
769 777 770
777 769 778
778 779 777
779 778 780
780 781 779
774 782 776
782 783 776
783 782 784
784 785 783
785 784 786
786 787 785
787 786 788
788 789 787
790 791 792
792 793 790
793 792 794
794 795 793
795 794 796
796 797 795
797 796 798
798 751 797
751 798 799
751 799 749
758 800 801
758 801 757
800 802 801
800 803 802
803 804 802
805 802 804
802 805 806
805 807 806
805 808 807
809 807 808
807 809 810
811 810 809
810 811 812
811 813 812
739 814 815
739 815 816
740 739 816
740 816 756
739 738 814
738 817 814
818 819 820
818 821 819
821 822 819
821 823 822
823 824 822
823 825 824
823 826 825
826 827 825
827 828 825
827 829 828
829 830 828
831 818 820
832 833 834
833 832 835
836 833 835
833 836 837
838 839 840
839 841 840
838 840 842
842 843 838
843 842 844
844 845 843
845 844 846
846 847 845
847 846 848
849 847 848
847 849 850
851 850 849
850 851 852
853 854 855
853 856 854
856 853 857
857 858 856
858 857 859
859 860 858
860 859 861
861 862 860
862 861 863
863 864 862
864 863 865
866 853 855
866 855 867
868 869 870
869 868 871
872 871 868
871 872 873
869 874 870
874 869 875
876 874 875
874 876 877
876 878 877
879 873 872
873 879 880
881 880 879
880 881 882
883 882 881
882 883 884
883 885 884
885 883 886
885 886 887
888 885 887
888 887 889
878 890 877
891 892 893
892 891 894
894 895 892
895 894 896
896 897 895
897 896 898
899 897 898
897 899 900
893 901 891
902 900 899
900 902 903
904 903 902
903 904 905
906 905 904
905 906 907
907 906 908
909 907 908
909 908 910
893 911 901
912 913 914
915 913 912
913 915 916
915 917 916
917 915 918
918 919 917
919 918 920
921 919 920
919 921 922
923 922 921
922 923 924
925 924 923
924 925 926
925 927 926
925 928 927
929 927 928
927 929 930
929 931 930
932 933 934
935 932 934
932 935 936
937 936 935
936 937 938
939 938 937
938 939 940
941 940 939
940 941 942
943 942 941
942 943 944
932 945 933
945 946 933
947 944 943
947 943 948
949 950 951
950 949 952
953 952 949
952 953 954
955 954 953
954 955 956
957 951 950
951 957 958
959 958 957
958 959 960
961 960 959
960 961 962
963 962 961
962 963 964
963 965 964
963 966 965
966 967 965
968 969 970
968 971 969
971 968 972
972 973 971
973 972 974
975 968 970
976 975 970
975 976 977
977 976 978
974 979 973
974 980 979
980 981 979
980 765 981
765 982 981
982 983 981
984 985 754
737 986 752
987 912 914
988 989 990
989 988 991
990 992 988
992 990 993
992 993 994
991 995 989
995 991 996
997 998 999
998 997 1000
1000 997 1001
1000 1001 1002
1001 997 1003
1004 999 998
999 1004 1005
1004 1006 1005
1006 1007 1005
1006 1004 1008
1004 1009 1008
1009 1004 1010
1009 1010 1011
1003 1012 1001
1012 1003 1013
1013 1014 1012
1014 1013 1015
1015 1016 1014
1016 1015 1017
1017 1018 1016
1018 1017 1019
1020 1018 1019
1018 1020 1021
1022 1021 1020
1010 1023 1011
1023 1010 1024
1024 1025 1023
1025 1024 1026
1026 1027 1025
1027 1026 1028
1028 1029 1027
1029 1028 1030
1030 1031 1029
1031 1030 1032
1032 1033 1031
1033 1032 1034
1034 1035 1033
1035 1034 1036
1035 1036 1037
1038 1007 1039
1038 1039 1040
1040 1039 1041
1042 1040 1041
1040 1042 1043
1044 1043 1042
1043 1044 1045
1046 1045 1044
1045 1046 1047
1048 1047 1046
1047 1048 1049
1049 1048 1050
1005 1007 1038
1051 1052 1053
1052 1051 1054
1055 1054 1051
1054 1055 1056
1002 1053 1052
1002 1057 1053
1002 1001 1057
1058 1056 1055
1056 1058 1059
1060 1059 1058
1059 1060 1061
1060 1062 1061
1062 1060 1063
1064 1062 1063
1062 1064 1065
1066 1065 1064
1065 1066 1067
1067 1066 1068
1069 1070 1071
1070 1069 1072
1072 1069 1073
1074 1072 1073
1070 1075 1071
1075 1076 1071
1075 1077 1076
1074 1078 1079
1074 1080 1078
1080 1074 1081
1081 1082 1080
1080 1083 1078
1083 1080 1084
1084 1085 1083
1085 1084 1086
1086 1087 1085
1087 1088 1085
1089 1088 1087
1088 1089 1090
1091 1090 1089
1090 1091 1092
1093 1092 1091
1092 1093 1094
1095 1094 1093
1094 1095 1096
1097 1087 1086
1086 1098 1097
1098 1099 1097
1098 1100 1099
1100 1101 1099
1101 1100 1102
1102 1103 1101
1103 1102 1104
1105 1103 1104
1103 1105 1106
1107 1106 1105
1106 1107 1108
1109 1108 1107
1108 1109 1110
1109 1111 1110
1112 1096 1095
1113 1114 1079
1113 1115 1114
1115 1116 1114
1115 1117 1116
1117 1115 1118
1118 1119 1117
1119 1118 1120
1120 1121 1119
1121 1120 1122
1122 1123 1121
1078 1113 1079
1082 1124 1125
1082 1125 1080
1124 1126 1125
1124 1127 1126
1128 1126 1127
1126 1128 1129
1130 1129 1128
1129 1130 1131
1132 1131 1130
1131 1132 1133
1134 1133 1132
1133 1134 1135
1136 1135 1134
1135 1136 1137
1136 1138 1137
1139 1140 1141
1142 1139 1141
1142 1141 1143
1144 1142 1143
1139 1145 1140
1139 1146 1145
1146 1147 1145
1148 1149 1150
1149 1148 1151
1151 1148 1152
1153 1150 1149
1150 1153 1154
1155 1151 1152
1156 1155 1152
1157 1158 1159
1158 1157 1160
1161 1158 1160
1158 1161 1162
1163 1164 1165
1164 1163 1166
1167 1166 1163
1164 1168 1165
1168 1164 1169
1167 1163 1170
1170 1171 1167
1171 1170 1172
1172 1173 1171
1173 1172 1174
1174 1175 1173
1175 1174 1176
1176 1177 1175
1177 1176 1178
1178 1179 1177
1179 1178 1180
1180 1181 1179
1181 1180 1182
1182 1183 1181
1183 1182 1184
1184 1185 1183
1185 1184 1186
1187 1185 1186
1188 1189 1190
1189 1188 1191
1192 1191 1188
1191 1192 1193
1194 1190 1189
1190 1194 1195
1196 1195 1194
1195 1196 1197
1198 1197 1196
1197 1198 1199
1198 1200 1199
1200 1198 1201
1201 1202 1200
1202 1201 1203
1203 1204 1202
1205 1206 1207
1206 1205 1208
1208 1209 1206
1209 1208 1210
1210 1211 1209
1211 1210 1212
1212 1213 1211
1213 1212 1214
1214 1215 1213
1215 1214 1216
1217 1215 1216
1205 1207 1218
1218 1219 1205
1220 1221 1222
1221 1220 1223
1224 1222 1221
1222 1224 1225
1224 1226 1225
1226 1224 1227
1228 1223 1220
1223 1228 1229
1230 1229 1228
1229 1230 1231
1227 1232 1226
1232 1227 1233
1233 1234 1232
1235 1236 1237
1236 1235 1238
1239 1238 1235
1238 1239 1240
1241 1240 1239
1240 1241 1242
1236 1243 1237
1243 1236 1244
1241 1245 1242
1245 1241 1246
1247 1245 1246
1248 1249 1250
1249 1248 1251
1250 1252 1248
1252 1250 1253
1254 1252 1253
1252 1254 1255
1256 1255 1254
1255 1256 1257
1258 1257 1256
1257 1258 1259
1260 1259 1258
1259 1260 1261
1262 1261 1260
1261 1262 1263
1262 1264 1263
1265 1249 1251
1265 1251 1266
1267 1265 1266
1265 1267 1268
1269 1270 1271
1270 1269 1272
1271 1273 1269
1273 1271 1274
1275 1270 1272
1270 1275 1276
1277 1276 1275
1276 1277 1278
1279 1278 1277
1278 1279 1280
1281 1280 1279
1280 1281 1282
1283 1282 1281
1282 1283 1284
1285 1284 1283
1284 1285 1286
1287 1286 1285
1286 1287 1288
1289 1288 1287
1290 1291 1292
1291 1293 1292
1294 1293 1291
1293 1294 1295
1296 1295 1294
1295 1296 1297
1298 1297 1296
1297 1298 1299
1300 1299 1298
1299 1300 1301
1302 1301 1300
1301 1302 1303
1302 1304 1303
1302 1305 1304
1305 1306 1304
1305 1307 1306
1307 1308 1306
1309 1310 1311
1310 1309 1312
1313 1311 1310
1311 1313 1314
1313 1315 1314
1316 1312 1309
1312 1316 1317
1318 1319 1320
1319 1318 1321
1320 1322 1318
1320 1323 1322
1322 1324 1318
1321 1325 1319
1325 1321 1326
1327 1325 1326
1327 1326 1328
1325 1327 1329
1330 1325 1329
1325 1330 1331
1330 1332 1331
1333 1324 1322
1324 1333 1334
1335 1334 1333
1334 1335 1336
1337 1336 1335
1336 1337 1338
1339 1338 1337
1338 1339 1340
1339 1341 1340
1341 1339 1342
1343 1341 1342
1344 1331 1332
1331 1344 1345
1346 1345 1344
1345 1346 1347
1348 1347 1346
1347 1348 1349
1350 1349 1348
1349 1350 1351
1352 1351 1350
1351 1352 1353
1354 1353 1352
1353 1354 1355
1356 1355 1354
1355 1356 1357
1356 1358 1357
1359 1360 1328
1359 1361 1360
1361 1362 1360
1361 1363 1362
1363 1361 1364
1364 1365 1363
1365 1364 1366
1366 1367 1365
1367 1366 1368
1368 1369 1367
1369 1368 1370
1370 1371 1369
1326 1359 1328
1372 1373 1374
1373 1372 1375
1374 1376 1372
1376 1374 1377
1323 1373 1375
1323 1375 1378
1323 1378 1322
1377 1379 1376
1379 1377 1380
1380 1381 1379
1381 1380 1382
1383 1381 1382
1381 1383 1384
1383 1385 1384
1385 1383 1386
1386 1387 1385
1387 1386 1388
1388 1389 1387
1390 1391 1392
1391 1390 1393
1393 1394 1391
1395 1394 1393
1390 1392 1396
1396 1392 1397
1396 1397 1398
1395 1399 1400
1401 1395 1400
1395 1401 1402
1402 1401 1403
1404 1401 1400
1401 1404 1405
1406 1405 1404
1405 1406 1407
1407 1406 1408
1408 1406 1409
1409 1410 1408
1410 1409 1411
1411 1412 1410
1412 1411 1413
1413 1414 1412
1414 1413 1415
1415 1416 1414
1416 1415 1417
1418 1407 1408
1407 1418 1419
1419 1418 1420
1419 1420 1421
1422 1421 1420
1421 1422 1423
1424 1423 1422
1423 1424 1425
1424 1426 1425
1426 1424 1427
1427 1428 1426
1428 1427 1429
1429 1430 1428
1430 1429 1431
1430 1431 1432
1433 1416 1417
1434 1399 1435
1434 1435 1436
1436 1435 1437
1438 1436 1437
1436 1438 1439
1440 1439 1438
1439 1440 1441
1442 1441 1440
1441 1442 1443
1443 1442 1444
1400 1399 1434
1403 1445 1446
1403 1401 1445
1446 1445 1447
1446 1447 1448
1447 1449 1448
1449 1447 1450
1450 1451 1449
1451 1450 1452
1452 1453 1451
1453 1452 1454
1454 1455 1453
1455 1454 1456
1456 1457 1455
1457 1456 1458
1457 1458 1459
1460 1461 1462
1463 1461 1460
1463 1464 1461
1465 1464 1463
1460 1462 1466
1460 1466 1467
1467 1466 1468
1469 1470 1471
1470 1469 1472
1472 1473 1470
1471 1474 1469
1474 1471 1475
1476 1473 1472
1477 1473 1476
1478 1479 1480
1479 1478 1481
1479 1482 1480
1482 1479 1483
1484 1485 1486
1485 1484 1487
1488 1484 1486
1484 1488 1489
1490 1485 1487
1490 1491 1485
1492 1491 1490
1491 1492 1493
1494 1493 1492
1493 1494 1495
1496 1495 1494
1495 1496 1497
1498 1497 1496
1497 1498 1499
1500 1499 1498
1499 1500 1501
1502 1501 1500
1501 1502 1503
1504 1503 1502
1503 1504 1505
1506 1505 1504
1505 1506 1507
1508 1507 1506
1509 1510 1511
1510 1509 1512
1512 1513 1510
1513 1512 1514
1511 1515 1509
1515 1511 1516
1516 1517 1515
1517 1516 1518
1518 1519 1517
1519 1518 1520
1521 1519 1520
1519 1521 1522
1523 1522 1521
1522 1523 1524
1524 1523 1525
1526 1527 1528
1527 1526 1529
1530 1528 1527
1528 1530 1531
1532 1531 1530
1531 1532 1533
1534 1533 1532
1533 1534 1535
1536 1535 1534
1535 1536 1537
1538 1537 1536
1539 1529 1526
1526 1540 1539
1541 1542 1543
1542 1541 1544
1543 1545 1541
1545 1543 1546
1547 1545 1546
1545 1547 1548
1544 1549 1542
1549 1544 1550
1550 1551 1549
1551 1550 1552
1553 1548 1547
1548 1553 1554
1554 1553 1555
1556 1557 1558
1557 1556 1559
1559 1560 1557
1560 1559 1561
1561 1562 1560
1562 1561 1563
1564 1556 1558
1556 1564 1565
1566 1562 1563
1562 1566 1567
1568 1567 1566
1569 1570 1571
1570 1569 1572
1573 1572 1569
1572 1573 1574
1573 1575 1574
1575 1573 1576
1576 1577 1575
1577 1576 1578
1578 1579 1577
1579 1578 1580
1580 1581 1579
1581 1580 1582
1582 1583 1581
1583 1582 1584
1583 1584 1585
1586 1571 1570
1586 1587 1571
1586 1588 1587
1588 1586 1589
1590 1591 1592
1591 1590 1593
1594 1593 1590
1593 1594 1595
1591 1596 1592
1596 1591 1597
1597 1598 1596
1598 1597 1599
1599 1600 1598
1600 1599 1601
1601 1602 1600
1602 1601 1603
1603 1604 1602
1604 1603 1605
1605 1606 1604
1606 1605 1607
1607 1608 1606
1608 1607 1609
1610 1608 1609
1611 1612 1613
1612 1614 1613
1614 1612 1615
1615 1616 1614
1616 1615 1617
1617 1618 1616
1618 1617 1619
1619 1620 1618
1620 1619 1621
1621 1622 1620
1622 1621 1623
1624 1611 1613
1622 1623 1625
1622 1625 1626
1626 1625 1627
1626 1627 1628
1628 1627 1629
1630 1631 1632
1631 1630 1633
1634 1633 1630
1633 1634 1635
1636 1635 1634
1635 1636 1637
1638 1637 1636
1637 1638 1639
1640 1639 1638
1639 1640 1641
1642 1641 1640
1641 1642 1643
1644 1643 1642
1643 1644 1645
1646 1645 1644
1645 1646 1647
1648 1649 1650
1650 1649 1651
1649 1652 1651
1652 1649 1653
1654 1653 1649
1655 1654 1649
1655 1649 1648
1656 1651 1652
1651 1656 1657
1658 1651 1657
1658 1657 1659
1659 1657 1660
1661 1657 1656
1657 1661 1660
1662 1660 1661
1660 1662 1663
1664 1660 1663
1664 1663 1665
1665 1663 1666
1667 1663 1662
1663 1667 1666
1668 1666 1667
1666 1668 1669
1670 1666 1669
1670 1669 1671
1671 1669 1672
1673 1669 1668
1669 1673 1672
1671 1672 1674
1675 1666 1670
1665 1666 1675
1676 1660 1664
1659 1660 1676
1673 1677 1672
1678 1672 1677
1678 1674 1672
1679 1678 1677
1679 1677 1680
1681 1680 1677
1677 1673 1681
1680 1681 1682
1682 1683 1680
1684 1680 1683
1685 1684 1683
1685 1683 1686
1687 1686 1683
1683 1682 1687
1686 1687 1688
1688 1689 1686
1690 1686 1689
1691 1690 1689
1691 1689 1692
1693 1692 1689
1689 1688 1693
1692 1693 1694
1694 1695 1692
1696 1692 1695
1697 1696 1695
1695 1694 1698
1699 1695 1698
1700 1695 1699
1700 1697 1695
1701 1685 1686
1690 1701 1686
1702 1691 1692
1696 1702 1692
1703 1704 1705
1704 1703 1706
1707 1705 1704
1705 1707 1708
1709 1708 1707
1708 1709 1710
1711 1710 1709
1710 1711 1712
1713 1712 1711
1712 1713 1714
1715 1714 1713
1714 1715 1716
1717 1716 1715
1716 1717 1718
1719 1718 1717
1718 1719 1720
1721 1720 1719
1720 1721 1722
1723 1722 1721
1722 1723 1724
1725 1724 1723
1724 1725 1726
1727 1726 1725
1726 1727 1728
1729 1651 1658
1650 1651 1729
1730 1731 1732
1731 1730 1733
1732 1734 1730
1734 1732 1735
1735 1736 1734
1736 1735 1737
1737 1738 1736
1738 1737 1739
1739 1740 1738
1740 1739 1741
1741 1742 1740
1742 1741 1743
1743 1744 1742
1744 1743 1745
1745 1746 1744
1746 1745 1747
1748 1749 1750
1749 1748 1751
1751 1752 1749
1752 1751 1753
1753 1754 1752
1754 1753 1755
1755 1756 1754
1756 1755 1757
1757 1758 1756
1758 1757 1759
1759 1760 1758
1760 1759 1761
1761 1762 1760
1762 1761 1763
1763 1764 1762
1764 1763 1765
1765 1766 1764
1766 1765 1767
1767 1768 1766
1768 1767 1769
1769 1770 1768
1770 1769 1771
1771 1772 1770
1772 1771 1773
1774 1679 1680
1684 1774 1680
1775 1776 1777
1776 1775 1778
1777 1779 1775
1779 1777 1780
1780 1781 1779
1781 1780 1782
1782 1783 1781
1783 1782 1784
1784 1785 1783
1785 1784 1786
1786 1787 1785
1787 1786 1788
1788 1789 1787
1789 1788 1790
1790 1791 1789
1791 1790 1792
1793 1794 1795
1794 1796 1795
1797 1795 1796
1795 1797 1798
1799 1795 1798
1800 1795 1799
1800 1793 1795
1796 1801 1797
1801 1796 1802
1803 1802 1796
1803 1804 1802
1804 1805 1802
1802 1806 1801
1806 1802 1805
1805 1807 1806
1807 1805 1808
1809 1808 1805
1809 1810 1808
1810 1811 1808
1808 1812 1807
1812 1808 1811
1811 1813 1812
1813 1811 1814
1815 1814 1811
1815 1816 1814
1816 1817 1814
1814 1818 1813
1818 1814 1817
1816 1819 1817
1820 1815 1811
1810 1820 1811
1821 1809 1805
1804 1821 1805
1822 1818 1817
1823 1822 1817
1823 1817 1819
1824 1822 1823
1824 1825 1822
1825 1826 1822
1818 1822 1826
1826 1825 1827
1828 1827 1825
1829 1828 1825
1830 1828 1829
1830 1831 1828
1831 1832 1828
1827 1828 1832
1832 1831 1833
1834 1833 1831
1835 1834 1831
1836 1834 1835
1836 1837 1834
1837 1838 1834
1833 1834 1838
1838 1837 1839
1840 1839 1837
1841 1840 1837
1842 1840 1841
1839 1840 1843
1844 1843 1840
1845 1844 1840
1845 1840 1842
1846 1831 1830
1835 1831 1846
1847 1837 1836
1841 1837 1847
1848 1849 1850
1849 1848 1851
1851 1852 1849
1852 1851 1853
1853 1854 1852
1854 1853 1855
1855 1856 1854
1856 1855 1857
1857 1858 1856
1858 1857 1859
1859 1860 1858
1860 1859 1861
1861 1862 1860
1862 1861 1863
1863 1864 1862
1864 1863 1865
1865 1866 1864
1866 1865 1867
1867 1868 1866
1868 1867 1869
1869 1870 1868
1870 1869 1871
1871 1872 1870
1872 1871 1873
1874 1803 1796
1794 1874 1796
1875 1876 1877
1876 1875 1878
1879 1878 1875
1878 1879 1880
1881 1880 1879
1880 1881 1882
1883 1882 1881
1882 1883 1884
1885 1884 1883
1884 1885 1886
1887 1886 1885
1886 1887 1888
1889 1888 1887
1888 1889 1890
1891 1890 1889
1890 1891 1892
1893 1894 1895
1894 1893 1896
1897 1895 1894
1895 1897 1898
1899 1898 1897
1898 1899 1900
1901 1900 1899
1900 1901 1902
1903 1902 1901
1902 1903 1904
1905 1904 1903
1904 1905 1906
1907 1906 1905
1906 1907 1908
1909 1908 1907
1908 1909 1910
1911 1910 1909
1910 1911 1912
1913 1912 1911
1912 1913 1914
1915 1914 1913
1914 1915 1916
1917 1916 1915
1916 1917 1918
1919 1825 1824
1829 1825 1919
1920 1921 1922
1923 1920 1922
1923 1924 1920
1923 1925 1924
1926 1923 1922
1922 1927 1926
1927 1928 1926
1929 1926 1928
1929 1930 1926
1929 1931 1930
1930 1931 1932
1933 1934 1935
1934 1936 1935
1934 1937 1936
1938 1934 1933
1938 1933 1939
1933 1940 1939
1939 1940 1941
1940 1942 1941
1939 1943 1938
1944 1945 1946
1945 1944 1947
1945 1947 1948
1944 1949 1947
1949 1948 1947
1949 1944 1950
1951 1952 1953
1954 1953 1952
1953 1954 1955
1956 1955 1954
1955 1956 1957
1958 1957 1956
1951 1959 1952
1959 1954 1952
1954 1959 1960
1960 1961 1954
1961 1960 1962
1963 1961 1962
1964 1965 1966
1965 1964 1967
1968 1967 1964
1968 1969 1967
1967 1969 1970
1965 1971 1966
1971 1965 1972
1972 1973 1971
1973 1972 1974
1975 1973 1974
1973 1975 1976
1975 1977 1976
1977 1975 1978
1978 1979 1977
1979 1978 1980
1980 1981 1979
1981 1980 1982
1982 1983 1981
1983 1982 1984
1984 1985 1983
1985 1984 1986
1986 1987 1985
1987 1986 1988
1988 1989 1987
1989 1988 1990
1990 1991 1989
1991 1990 1992
1992 1993 1991
1993 1992 1994
1994 1995 1993
1995 1994 1996
1996 1997 1995
1997 1996 1998
1998 1999 1997
1999 1998 2000
2000 2001 1999
2001 2000 2002
2003 2001 2002
2001 2003 2004
2005 2004 2003
2004 2005 2006
2007 2006 2005
2006 2007 2008
2009 2008 2007
2009 2007 2010
2007 2011 2010
2012 2013 2014
2015 2012 2014
2016 2017 2018
2018 2019 2016
2020 2016 2019
2016 2021 2017
2017 2021 2022
2022 2021 2023
2022 2023 2024
2024 2025 2022
2020 2019 2026
2026 2027 2020
2026 2028 2027
2020 2029 2030
2031 2030 2029
2030 2031 2032
2032 2033 2030
2034 2033 2032
2032 2035 2034
2033 2034 2036
2033 2036 2037
2038 2039 2040
2039 2038 2041
2039 2042 2040
2043 2038 2040
2043 2040 2042
2038 2043 2044
2045 2046 2047
2046 2045 2048
2048 2049 2046
2049 2048 2050
2051 2049 2050
2052 2045 2047
2046 2053 2047
2052 2047 2053
2053 2046 2054
2055 2054 2046
2054 2055 2056
2057 2056 2055
2058 2059 2060
2061 2062 2063
2062 2064 2063
2064 2062 2065
2065 2066 2064
2066 2065 2067
2067 2068 2066
2068 2067 2069
2069 2070 2068
2070 2069 2071
2071 2072 2070
2072 2071 2073
2073 2074 2072
2074 2073 2075
2075 2076 2074
2076 2075 2077
2077 2078 2076
2078 2077 2079
2079 2080 2078
2080 2079 2081
2081 2082 2080
2082 2081 2083
2083 2084 2082
2084 2083 2085
2085 2086 2084
2086 2085 2087
2087 2088 2086
2088 2087 2089
2090 2088 2089
2088 2090 2091
2091 2090 2092
2091 2092 2093
2093 2092 2094
2094 2095 2093
2094 2096 2095
2095 2096 2097
2095 2097 2098
2095 2098 2099
2100 2095 2099
2100 2099 2101
2102 2100 2101
2097 2096 2103
2096 2104 2103
2096 2105 2104
2106 2100 2102
2107 2106 2102
2102 2108 2107
2109 2110 2111
2109 2111 2112
2113 2109 2112
2111 2110 2114
2114 2115 2111
2116 2061 2063
2117 2118 2119
2118 2117 2120
2118 2121 2119
2121 2118 2122
2119 2123 2117
2123 2119 2124
2125 2119 2121
2119 2125 2124
2120 2126 2118
2126 2122 2118
2126 2120 2127
2122 2126 2128
2129 2127 2120
2127 2129 2130
2131 2130 2129
2130 2131 2132
2129 2133 2131
2133 2129 2134
2120 2134 2129
2135 2133 2134
2134 2123 2135
2133 2135 2136
2123 2134 2117
2134 2120 2117
2124 2137 2123
2137 2125 2138
2135 2139 2136
2123 2140 2135
2135 2140 2139
2137 2141 2123
2142 2141 2137
2138 2142 2137
2139 2140 2143
2123 2143 2140
2139 2144 2136
2145 2133 2136
2133 2145 2146
2147 2146 2145
2146 2147 2148
2147 2149 2148
2150 2148 2149
2148 2150 2151
2151 2146 2148
2121 2150 2149
2150 2121 2122
2149 2147 2152
2125 2149 2152
2149 2125 2121
2153 2151 2150
2122 2153 2150
2151 2153 2154
2153 2122 2128
2154 2155 2151
2146 2151 2155
2155 2133 2146
2133 2155 2131
2156 2131 2155
2155 2154 2156
2131 2156 2132
2157 2125 2152
2152 2147 2157
2125 2157 2138
2157 2147 2158
2142 2157 2158
2138 2157 2142
2153 2159 2154
2159 2153 2160
2160 2161 2159
2161 2160 2162
2160 2163 2162
2163 2160 2164
2165 2163 2164
2163 2165 2166
2165 2167 2166
2167 2165 2168
2169 2166 2167
2166 2169 2170
2171 2166 2170
2166 2171 2163
2171 2162 2163
2126 2168 2165
2164 2126 2165
2168 2126 2127
2126 2164 2128
2127 2172 2168
2172 2127 2130
2130 2173 2172
2173 2130 2132
2174 2172 2173
2172 2174 2175
2168 2175 2167
2175 2168 2172
2175 2169 2167
2174 2176 2175
2169 2175 2176
2176 2174 2177
2170 2169 2178
2178 2171 2170
2171 2178 2179
2176 2177 2180
2180 2177 2181
2176 2180 2182
2169 2176 2182
2178 2169 2183
2180 2184 2182
2169 2182 2184
2185 2179 2178
2185 2178 2183
2156 2173 2132
2173 2156 2186
2174 2186 2187
2186 2174 2173
2154 2186 2156
2186 2154 2159
2159 2187 2186
2187 2159 2161
2188 2187 2161
2162 2188 2161
2188 2162 2189
2162 2171 2189
2187 2188 2190
2190 2174 2187
2174 2190 2177
2189 2191 2188
2171 2191 2189
2191 2171 2179
2190 2192 2177
2188 2193 2190
2190 2193 2192
2191 2194 2188
2192 2193 2195
2188 2195 2193
2192 2181 2177
2185 2191 2179
2185 2194 2191
2125 2137 2124
2196 2197 2198
2199 2197 2196
2199 2196 2200
2199 2200 2201
2202 2197 2199
2197 2202 2203
2203 2202 2204
2205 2204 2202
2205 2202 2206
2205 2206 2207
2206 2208 2207
2209 2210 2211
2211 2210 2212
2211 2212 2213
2214 2209 2211
2214 2215 2209
2209 2215 2216
2215 2217 2216
2216 2217 2218
2215 2214 2219
2220 2221 2222
2221 2220 2223
2224 2221 2223
2224 2223 2225
2223 2226 2225
2227 2220 2222
2220 2227 2228
2229 2228 2227
2228 2229 2230
2229 2231 2230
2231 2229 2232
2233 2231 2232
2231 2233 2234
2235 2234 2233
2234 2235 2236
2237 2236 2235
2236 2237 2238
2239 2238 2237
2238 2239 2240
2241 2240 2239
2240 2241 2242
2243 2242 2241
2242 2243 2244
2245 2244 2243
2244 2245 2246
2247 2246 2245
2246 2247 2248
2249 2248 2247
2248 2249 2250
2251 2250 2249
2250 2251 2252
2253 2252 2251
2252 2253 2254
2255 2254 2253
2254 2255 2256
2257 2256 2255
2256 2257 2258
2257 2259 2258
2259 2257 2260
2260 2261 2259
2261 2260 2262
2262 2263 2261
2263 2262 2264
2265 2263 2264
2265 2266 2263
2263 2266 2267
2268 2269 2270
2271 2269 2268
2272 2273 2274
2273 2272 2275
2276 2275 2272
2272 2274 2277
2274 2278 2277
2278 2279 2277
2278 2280 2279
2280 2278 2281
2276 2282 2275
2282 2276 2283
2282 2283 2284
2276 2285 2286
2287 2286 2285
2285 2288 2287
2288 2285 2289
2290 2288 2289
2288 2290 2291
2289 2292 2290
2289 2293 2292
2294 2295 2296
2297 2298 2299
2300 2299 2298
2299 2300 2301
2302 2301 2300
2301 2302 2303
2304 2303 2302
2303 2304 2305
2306 2305 2304
2305 2306 2307
2308 2307 2306
2307 2308 2309
2310 2309 2308
2309 2310 2311
2312 2311 2310
2311 2312 2313
2314 2313 2312
2313 2314 2315
2316 2315 2314
2315 2316 2317
2318 2317 2316
2317 2318 2319
2320 2319 2318
2319 2320 2321
2322 2321 2320
2321 2322 2323
2324 2323 2322
2323 2324 2325
2324 2326 2325
2326 2324 2327
2327 2328 2326
2327 2329 2328
2329 2330 2328
2330 2329 2331
2330 2331 2332
2331 2333 2332
2331 2334 2333
2331 2335 2334
2336 2335 2331
2336 2337 2335
2338 2337 2336
2333 2339 2332
2332 2339 2340
2332 2340 2341
2342 2338 2336
2343 2338 2342
2338 2343 2344
2345 2346 2347
2345 2348 2346
2349 2348 2345
2346 2350 2347
2350 2346 2351
2352 2298 2297
2145 2136 2353
2353 2136 2144
2145 2353 2354
2147 2145 2354
2353 2355 2354
2147 2354 2355
2164 2153 2128
2153 2164 2160
2356 2357 2358
2359 2358 2357
2358 2359 2360
2361 2360 2359
2362 2361 2359
2362 2363 2361
2364 2363 2362
2364 2365 2363
2366 2365 2364
2367 2365 2366
2366 2368 2367
2369 2367 2368
2369 2368 2370
2370 2371 2369
2372 2371 2370
2371 2372 2373
2374 2373 2372
2373 2374 2375
2376 2375 2374
2375 2376 2377
2376 2378 2377
2378 2376 2379
2379 2380 2378
2380 2379 2381
2381 2382 2380
2382 2381 2383
2383 2384 2382
2384 2383 2385
2385 2386 2384
2386 2385 2387
2387 2388 2386
2388 2387 2389
2389 2390 2388
2390 2389 2391
2391 2392 2390
2392 2391 2393
2394 2392 2393
2395 2394 2393
2394 2396 2392
2394 2395 2397
2394 2397 2398
2397 2399 2398
2398 2399 2400
2398 2400 2401
2402 2401 2400
2401 2402 2403
2395 2404 2397
2397 2404 2405
2405 2404 2406
2404 2407 2406
2407 2408 2406
2403 2402 2409
2403 2409 2410
2409 2411 2410
2410 2411 2412
2407 2413 2408
2408 2413 2414
2413 2415 2414
2415 2416 2414
2416 2417 2414
2416 2418 2417
2418 2419 2417
2419 2418 2420
2420 2421 2419
2420 2422 2421
2422 2423 2421
2422 2424 2423
2424 2425 2423
2424 2426 2425
2425 2426 2427
2425 2427 2428
2428 2427 2429
2430 2428 2429
2431 2432 2433
2432 2431 2434
2434 2435 2432
2434 2436 2435
2437 2436 2434
2438 2436 2437
2439 2438 2437
2440 2433 2432
2441 2440 2432
2442 2441 2432
2440 2443 2433
2443 2444 2433
2445 2444 2443
2444 2445 2446
2447 2446 2445
2446 2447 2448
2449 2448 2447
2448 2449 2450
2449 2451 2450
2451 2449 2452
2452 2453 2451
2453 2452 2454
2454 2455 2453
2455 2454 2456
2456 2457 2455
2457 2456 2458
2458 2459 2457
2459 2458 2460
2460 2461 2459
2461 2460 2462
2462 2463 2461
2463 2462 2464
2464 2465 2463
2465 2464 2466
2466 2467 2465
2466 2468 2467
2467 2468 2469
2468 2470 2469
2468 2471 2470
2471 2472 2470
2472 2473 2470
2474 2473 2472
2475 2476 2439
2476 2475 2477
2478 2476 2477
2439 2437 2475
2479 2480 2481
2481 2480 2482
2479 2481 2483
2479 2483 2484
2483 2485 2484
2484 2485 2486
2487 2484 2486
2488 2487 2486
2488 2489 2487
2490 2489 2488
2491 2489 2490
2492 2491 2490
2492 2493 2491
2493 2492 2494
2495 2493 2494
2496 2495 2494
2497 2498 2499
2500 2499 2498
2498 2497 2501
2501 2502 2498
2502 2501 2503
2502 2504 2498
2504 2505 2498
2504 2502 2506
2502 2503 2506
2506 2503 2507
2501 2497 2508
2498 2505 2509
2505 2510 2509
2510 2511 2509
2510 2512 2511
2512 2513 2511
2514 2513 2512
2513 2514 2515
2516 2504 2506
2514 2517 2515
2514 2518 2517
2518 2519 2517
2518 2520 2519
2520 2521 2519
2520 2522 2521
2520 2523 2522
2523 2524 2522
2524 2525 2522
2524 2526 2525
2526 2524 2527
2527 2528 2526
2529 2530 2531
2530 2529 2532
2529 2533 2532
2529 2534 2533
2533 2534 2535
2533 2535 2536
2535 2537 2536
2537 2538 2536
2538 2537 2539
2540 2538 2539
2539 2500 2540
2498 2540 2500
2531 2530 2541
2542 2531 2541
2543 2542 2541
2544 2543 2541
2545 2543 2544
2543 2545 2546
2545 2547 2546
2547 2545 2548
2549 2547 2548
2550 2551 2442
2552 2551 2550
2551 2552 2553
2553 2552 2554
2551 2441 2442
2442 2555 2550
2556 2557 2558
2556 2559 2557
2559 2556 2560
2561 2559 2560
2561 2560 2562
2561 2562 2563
2562 2564 2563
2564 2565 2563
2564 2566 2565
2566 2564 2567
2567 2568 2566
2568 2567 2569
2557 2570 2558
2570 2571 2558
2570 2572 2571
2572 2573 2571
2574 2568 2569
2569 2575 2574
2572 2576 2573
2576 2577 2573
2577 2576 2578
2579 2577 2578
2580 2581 2566
2582 2581 2580
2580 2583 2582
2583 2584 2582
2583 2585 2584
2583 2586 2585
2585 2586 2587
2588 2582 2584
2582 2588 2589
2590 2589 2588
2589 2590 2591
2592 2591 2590
2591 2592 2593
2592 2594 2593
2585 2587 2595
2596 2597 2598
2597 2596 2599
2598 2600 2596
2600 2598 2601
2601 2602 2600
2602 2601 2603
2599 2604 2597
2604 2599 2605
2606 2604 2605
2604 2606 2607
2608 2607 2606
2603 2609 2602
2609 2603 2610
2611 2609 2610
2609 2611 2612
2613 2612 2611
2612 2613 2614
2615 2614 2613
2614 2615 2616
2617 2616 2615
2616 2617 2618
2619 2618 2617
2618 2619 2620
2621 2620 2619
2620 2621 2622
2623 2622 2621
2622 2623 2624
2625 2624 2623
2624 2625 2626
2625 2627 2626
2627 2625 2628
2628 2629 2627
2629 2628 2630
2631 2629 2630
2632 2633 2634
2635 2634 2633
2636 2635 2633
2636 2637 2635
2638 2637 2636
2639 2637 2638
2640 2639 2638
2639 2640 2641
2642 2639 2641
2643 2642 2641
2644 2642 2643
2645 2644 2643
2646 2644 2645
2646 2645 2647
2648 2646 2647
2648 2649 2646
2650 2649 2648
2650 2651 2649
2652 2651 2650
2652 2653 2651
2654 2653 2652
2653 2654 2655
2654 2656 2655
2655 2656 2657
2657 2658 2655
2659 2658 2657
2660 2658 2659
2661 2658 2660
2660 2659 2662
2660 2662 2663
2663 2662 2664
2665 2664 2662
2664 2666 2663
2666 2664 2667
2668 2665 2662
2662 2669 2668
2669 2670 2668
2662 2671 2669
2671 2662 2672
2662 2659 2672
2672 2659 2673
2670 2674 2668
2674 2670 2675
2674 2675 2676
2677 2676 2675
2678 2676 2677
2679 2678 2677
2680 2678 2679
2678 2680 2681
2682 2681 2680
2681 2682 2683
2684 2683 2682
2659 2657 2673
2656 2673 2657
2685 2686 2687
2685 2688 2686
2688 2689 2686
2688 2690 2689
2691 2685 2687
2692 2691 2687
2691 2692 2693
2692 2694 2693
2694 2695 2693
2694 2696 2695
2697 2695 2696
2695 2697 2698
2699 2698 2697
2698 2699 2700
2701 2700 2699
2700 2701 2702
2701 2703 2702
2703 2701 2704
2705 2703 2704
2703 2705 2706
2707 2706 2705
2690 2708 2709
2708 2710 2709
2690 2709 2689
2711 2608 2712
2712 2608 2606
2606 2713 2714
2713 2606 2715
2716 2606 2714
2717 2713 2715
2713 2717 2718
2719 2718 2717
2718 2719 2720
2721 2720 2719
2720 2721 2722
2723 2722 2721
2722 2723 2724
2725 2724 2723
2724 2725 2726
2725 2727 2726
2727 2725 2728
2728 2729 2727
2729 2728 2730
2730 2731 2729
2731 2730 2732
2732 2733 2731
2733 2732 2734
2734 2735 2733
2735 2734 2736
2736 2737 2735
2737 2736 2738
2738 2739 2737
2739 2738 2740
2740 2741 2739
2741 2740 2742
2743 2741 2742
2741 2743 2744
2745 2744 2743
2744 2745 2746
2747 2746 2745
2748 2749 2750
2751 2752 2753
2754 2752 2751
2752 2754 2755
2754 2756 2755
2756 2754 2757
2756 2757 2412
2412 2757 2410
2398 2758 2394
2759 2760 2761
2760 2762 2761
2762 2760 2763
2764 2762 2763
2765 2762 2764
2765 2764 2766
2767 2765 2766
2767 2766 2768
2769 2767 2768
2770 2769 2768
2769 2770 2771
2772 2771 2770
2772 2773 2771
2773 2772 2774
2774 2775 2773
2775 2774 2776
2776 2777 2775
2777 2776 2778
2778 2779 2777
2779 2778 2780
2781 2779 2780
2779 2781 2782
2783 2782 2781
2782 2783 2784
2785 2784 2783
2784 2785 2786
2787 2786 2785
2786 2787 2788
2789 2788 2787
2788 2789 2790
2791 2790 2789
2790 2791 2792
2793 2792 2791
2792 2793 2794
2795 2794 2793
2794 2795 2796
2797 2796 2795
2798 2796 2797
2797 2795 2799
2797 2800 2798
2798 2800 2801
2800 2802 2801
2802 2803 2801
2801 2803 2804
2804 2803 2805
2804 2805 2806
2805 2807 2806
2806 2807 2808
2808 2807 2809
2809 2807 2810
2809 2810 2811
2812 2800 2797
2800 2812 2813
2812 2814 2813
2812 2815 2814
2816 2814 2815
2815 2817 2816
2817 2818 2816
2817 2819 2818
2818 2819 2820
2819 2821 2820
2822 2811 2810
2811 2822 2823
2823 2822 2824
2823 2824 2825
2825 2824 2826
2825 2826 2827
2827 2826 2828
2827 2828 2829
2828 2830 2829
2828 2831 2830
2831 2832 2830
2833 2832 2831
2821 2819 2834
2835 2821 2834
2836 2835 2834
2835 2836 2837
2836 2838 2837
2838 2836 2839
2839 2840 2838
2841 2842 2843
2843 2844 2841
2844 2843 2845
2844 2845 2846
2847 2844 2846
2848 2847 2846
2849 2847 2848
2850 2843 2842
2851 2843 2850
2852 2843 2851
2850 2842 2853
2853 2842 2854
2854 2855 2853
2855 2854 2856
2856 2857 2855
2857 2856 2858
2858 2859 2857
2859 2858 2860
2861 2859 2860
2859 2861 2862
2863 2862 2861
2862 2863 2864
2865 2864 2863
2864 2865 2866
2867 2866 2865
2866 2867 2868
2869 2868 2867
2868 2869 2870
2871 2870 2869
2870 2871 2872
2873 2872 2871
2872 2873 2874
2875 2874 2873
2874 2875 2876
2876 2875 2877
2876 2877 2878
2877 2879 2878
2878 2879 2880
2878 2880 2881
2881 2880 2882
2882 2880 2883
2884 2882 2883
2885 2886 2887
2886 2885 2849
2888 2887 2886
2849 2885 2847
2889 2890 2891
2890 2892 2891
2889 2893 2890
2889 2894 2893
2893 2894 2895
2894 2896 2895
2897 2896 2894
2898 2896 2897
2898 2897 2899
2900 2898 2899
2901 2900 2899
2902 2900 2901
2902 2901 2903
2903 2904 2902
2905 2904 2903
2906 2904 2905
2907 2908 2909
2910 2909 2908
2911 2907 2909
2909 2912 2911
2912 2913 2911
2912 2909 2914
2914 2909 2915
2914 2916 2912
2912 2916 2913
2916 2917 2913
2911 2918 2907
2909 2919 2915
2915 2919 2920
2920 2919 2921
2920 2921 2922
2922 2921 2923
2923 2924 2922
2924 2923 2925
2926 2916 2914
2924 2925 2927
2924 2927 2928
2928 2927 2929
2928 2929 2930
2930 2929 2931
2930 2931 2932
2930 2932 2933
2933 2932 2934
2934 2932 2935
2936 2934 2935
2934 2936 2937
2937 2936 2938
2939 2940 2941
2940 2939 2942
2939 2941 2943
2939 2943 2944
2943 2945 2944
2943 2946 2945
2945 2946 2947
2948 2947 2946
2947 2948 2949
2950 2949 2948
2949 2950 2910
2909 2910 2950
2951 2940 2942
2952 2951 2942
2951 2952 2953
2954 2951 2953
2953 2955 2954
2955 2953 2956
2957 2955 2956
2955 2957 2958
2959 2958 2957
2960 2961 2852
2852 2962 2960
2962 2963 2960
2963 2962 2964
2964 2965 2963
2852 2851 2962
2966 2967 2968
2966 2968 2969
2969 2970 2966
2971 2970 2969
2971 2972 2970
2971 2973 2972
2972 2973 2974
2974 2973 2975
2974 2975 2976
2976 2977 2974
2977 2976 2978
2978 2979 2977
2968 2967 2980
2980 2967 2981
2980 2981 2982
2982 2981 2983
2984 2979 2978
2979 2984 2985
2982 2983 2986
2987 2986 2983
2986 2987 2988
2989 2988 2987
2990 2976 2991
2992 2990 2991
2990 2992 2993
2993 2992 2994
2993 2994 2995
2993 2995 2996
2995 2997 2996
2992 2998 2994
2998 2992 2999
2999 3000 2998
3000 2999 3001
3001 3002 3000
3002 3001 3003
3002 3003 3004
2995 3005 2997
3006 3007 3008
3009 3008 3007
3010 3008 3009
3010 3009 3011
3012 3010 3011
3013 3012 3011
3014 3012 3013
3013 3015 3014
3016 3015 3013
3017 3015 3016
3018 3017 3016
3019 3017 3018
3020 3019 3018
3020 3021 3019
3022 3021 3020
3022 3020 3023
3024 3022 3023
3024 3023 3025
3026 3024 3025
3026 3025 3027
3028 3026 3027
3027 3029 3028
3028 3029 3030
3029 3031 3030
3031 3029 3032
3033 3031 3032
3034 3033 3032
3035 3034 3032
3034 3036 3033
3034 3037 3036
3037 3038 3036
3039 3036 3038
3038 3037 3040
3040 3041 3038
3042 3036 3039
3036 3042 3043
3043 3042 3044
3036 3043 3045
3045 3046 3036
3036 3046 3033
3046 3047 3033
3044 3042 3048
3048 3049 3044
3048 3050 3049
3051 3049 3050
3052 3051 3050
3053 3051 3052
3052 3054 3053
3054 3052 3055
3055 3056 3054
3056 3055 3057
3058 3056 3057
3033 3047 3031
3030 3031 3047
3059 3060 3061
3059 3061 3062
3062 3061 3063
3062 3063 3064
3065 3060 3059
3065 3066 3060
3066 3065 3067
3066 3067 3068
3068 3067 3069
3068 3069 3070
3069 3071 3070
3071 3069 3072
3072 3073 3071
3073 3072 3074
3074 3075 3073
3075 3074 3076
3077 3075 3076
3075 3077 3078
3077 3079 3078
3079 3077 3080
3081 3079 3080
3064 3082 3083
3083 3082 3084
3064 3063 3082
3085 3086 2716
3086 2606 2716
3087 3088 3089
2797 3090 2812
3091 3092 3093
3093 3094 3091
3095 3094 3093
3094 3095 3096
3097 3091 3094
3095 3098 3096
3099 3100 3101
3100 3099 3102
3101 3103 3099
3103 3101 3104
3105 3100 3102
3103 3104 3106
3103 3106 3107
3104 3108 3106
3109 3110 3111
3112 3109 3111
3110 3113 3111
3110 3109 3114
3115 3116 3117
3115 3118 3116
3118 3119 3116
3115 3120 3118
