byte offset: 0
first index: 0
index count: 5262
topology: trianglelist
format: DXGI_FORMAT_R16_UINT

0 1 2
1 0 3
0 4 3
4 0 5
2 6 0
6 2 7
8 7 2
7 8 9
10 9 8
9 10 11
12 0 6
0 12 5
13 2 1
2 13 8
14 8 13
8 14 10
15 5 12
5 15 16
17 5 16
5 17 4
18 17 16
17 18 19
20 19 18
18 21 20
21 18 22
22 16 15
16 22 18
19 20 23
22 15 24
25 11 10
11 25 26
27 26 25
26 27 28
29 28 27
28 29 30
31 30 29
30 31 32
33 32 31
31 34 33
34 31 35
29 35 31
32 33 36
37 36 33
36 37 38
25 39 27
39 25 40
41 27 39
27 41 29
35 29 41
42 33 34
33 42 37
38 37 43
44 43 37
43 44 45
45 46 43
46 45 47
43 48 38
48 43 49
49 43 46
50 37 42
37 50 44
46 47 51
52 46 51
52 48 49
49 46 52
51 53 52
54 52 53
48 52 55
55 52 54
54 56 55
56 54 57
57 58 56
58 57 59
59 60 58
60 59 61
61 62 60
62 61 63
63 64 62
64 63 65
66 59 57
59 66 67
67 61 59
68 65 63
65 68 69
63 70 68
70 63 61
61 67 70
57 71 66
71 57 54
65 72 64
72 65 73
69 73 65
73 74 72
74 73 75
75 76 74
76 75 77
77 78 76
78 77 79
80 79 77
79 80 81
82 79 81
79 82 83
79 84 78
84 79 83
77 85 80
85 77 75
75 86 85
86 75 73
83 87 84
87 83 88
89 83 82
83 89 88
89 90 88
90 89 91
91 20 90
21 90 20
90 21 92
88 92 87
92 88 90
20 91 23
92 93 87
73 69 86
94 95 96
95 94 97
98 96 95
96 98 99
94 100 97
100 94 101
101 102 100
102 101 103
99 104 96
104 99 105
105 106 104
106 105 107
108 104 106
104 108 109
96 109 94
109 96 104
109 101 94
110 107 105
107 110 111
112 111 110
111 112 113
108 114 109
101 109 114
114 103 101
114 108 115
115 116 114
103 114 116
116 115 117
117 118 116
118 117 119
119 120 118
120 119 121
120 121 122
112 110 123
105 123 110
123 105 99
124 116 118
120 124 118
116 124 103
112 125 113
126 127 128
127 126 129
130 128 127
128 130 131
131 132 128
132 131 133
134 131 130
131 134 135
136 135 134
135 136 137
138 137 136
137 138 139
140 137 139
137 140 141
141 135 137
135 141 142
142 131 135
131 142 133
143 128 132
128 143 126
139 144 140
144 139 145
138 145 139
145 146 144
146 145 147
148 147 145
145 138 148
147 148 149
149 150 147
150 149 151
151 152 150
152 151 153
154 150 152
150 154 155
155 147 150
147 155 146
152 156 154
156 152 157
153 157 152
157 158 156
158 157 159
160 159 157
157 153 160
159 160 161
161 162 159
162 161 163
164 159 162
159 164 158
165 155 154
155 165 166
166 146 155
146 166 167
167 144 146
144 167 168
168 140 144
140 168 169
169 141 140
141 169 170
170 142 141
142 170 171
171 133 142
133 171 172
172 132 133
132 172 173
174 132 173
132 174 143
175 176 177
176 175 178
179 177 176
177 179 180
181 178 175
178 181 182
183 182 181
182 183 184
185 184 183
184 185 186
187 186 185
186 187 188
189 188 187
188 189 190
189 191 190
191 189 192
192 193 191
193 192 194
194 195 193
195 194 196
196 197 195
197 196 198
198 199 197
199 198 200
200 201 199
201 200 202
202 203 201
203 202 204
204 205 203
205 204 206
206 207 205
207 206 208
208 209 207
209 208 210
211 212 213
212 211 214
215 214 211
214 215 216
217 212 214
216 217 214
212 217 218
219 218 217
220 219 217
217 216 220
219 220 221
221 222 219
222 221 223
222 224 219
218 219 224
224 222 225
222 226 225
226 222 227
223 227 222
227 228 226
228 227 229
229 230 228
230 229 231
227 223 232
232 229 227
229 232 233
233 231 229
231 233 234
231 235 230
235 231 236
234 236 231
236 237 235
237 236 238
238 239 237
239 238 240
240 241 239
241 240 242
242 243 241
243 242 244
245 244 242
244 245 246
247 238 236
236 234 247
238 247 248
248 240 238
240 248 249
249 242 240
242 249 245
246 250 244
250 246 251
252 244 250
244 252 243
250 253 252
253 250 254
254 250 251
255 253 254
256 254 251
254 256 257
258 254 257
258 255 254
259 255 258
260 259 258
260 258 261
261 258 262
258 257 263
256 263 257
258 263 262
262 263 264
265 264 263
264 265 266
267 266 265
265 268 267
269 267 268
267 269 270
270 271 267
266 267 271
271 270 272
273 272 270
272 273 274
275 274 273
274 275 276
277 276 275
276 277 278
275 279 277
279 275 280
273 280 275
280 273 281
281 270 269
270 281 273
282 278 277
278 282 283
284 283 282
283 284 285
286 285 284
285 286 287
288 287 286
287 288 289
288 290 289
290 288 291
288 292 291
292 288 293
286 293 288
294 291 292
291 294 295
293 286 296
284 296 286
296 284 297
282 297 284
297 282 298
299 291 295
291 299 290
295 300 299
300 295 301
211 300 301
300 211 213
301 215 211
215 301 302
295 302 301
302 295 294
277 298 282
298 277 279
303 304 305
304 303 306
306 307 304
307 306 308
308 309 307
309 308 310
310 311 309
311 310 312
312 313 311
313 312 314
314 315 313
315 314 316
316 317 315
317 316 318
318 319 317
319 318 320
321 319 320
319 321 322
323 322 321
322 323 324
325 324 323
324 325 326
327 326 325
326 327 328
329 328 327
328 329 330
331 330 329
330 331 332
333 320 318
333 321 320
323 321 333
325 323 333
333 327 325
329 327 333
331 329 333
318 316 333
316 314 333
314 312 333
333 312 310
333 310 308
333 308 306
306 303 333
331 334 332
334 331 335
331 333 335
335 336 334
336 335 337
335 333 337
337 338 336
338 337 339
333 339 337
339 340 338
340 339 341
339 333 341
341 342 340
342 341 343
343 344 342
344 343 345
346 344 345
344 346 347
348 347 346
347 348 349
350 349 348
349 350 351
352 351 350
351 352 353
354 353 352
353 354 355
356 355 354
355 356 357
358 357 356
357 358 359
303 359 358
359 303 305
358 333 303
333 358 356
333 356 354
333 354 352
350 333 352
348 333 350
346 333 348
333 346 345
333 345 343
341 333 343
360 361 362
363 362 361
362 363 364
365 364 363
363 366 365
366 363 367
361 367 363
367 368 366
368 367 369
369 370 368
370 369 371
371 372 370
372 371 373
364 365 374
374 375 364
375 374 376
377 371 369
367 377 369
371 377 378
378 373 371
379 364 375
364 379 362
380 362 379
362 380 381
380 382 381
382 360 381
360 362 381
360 382 383
383 378 360
382 380 384
378 383 385
373 378 385
378 377 361
361 360 378
367 361 377
384 386 382
386 383 382
386 384 387
386 388 383
388 385 383
388 386 389
390 389 386
390 386 387
388 389 391
392 391 389
392 389 393
389 390 393
393 394 392
394 393 395
396 392 394
392 396 397
392 397 391
398 391 397
391 398 399
391 399 400
400 388 391
401 400 399
400 401 402
403 402 401
404 403 401
399 398 404
401 399 404
398 405 404
403 404 405
405 398 406
406 397 396
397 406 398
402 403 407
402 385 400
385 402 373
407 373 402
373 407 372
388 400 385
408 409 410
411 408 410
408 411 412
413 412 411
412 413 414
412 415 408
415 412 416
415 416 417
416 418 417
418 419 417
419 418 420
421 419 420
419 421 422
423 422 421
422 423 424
425 424 423
424 425 426
427 426 425
426 427 428
427 429 428
429 427 430
431 429 430
432 429 431
433 432 431
432 433 434
435 434 433
434 435 436
436 437 434
438 439 440
439 438 441
439 442 440
442 439 443
443 444 442
444 443 445
446 444 445
444 446 447
448 447 446
447 448 449
448 450 449
450 448 451
452 450 451
450 452 453
454 453 452
453 454 455
454 456 455
456 454 457
457 458 456
458 457 459
459 460 458
460 459 461
461 462 460
462 461 463
463 464 462
464 463 465
465 466 464
466 465 467
467 468 466
468 467 469
469 470 468
470 469 471
471 472 470
472 471 473
474 475 476
475 474 477
477 478 475
478 477 479
474 476 480
479 477 481
482 478 479
479 481 482
478 482 483
484 483 482
483 484 485
484 486 485
10 40 25
40 10 14
487 488 489
488 487 490
490 491 488
491 490 492
493 492 490
492 493 494
492 495 491
495 492 496
496 497 495
497 496 498
498 499 497
499 498 500
498 501 500
501 498 502
496 502 498
502 496 503
492 503 496
503 492 494
490 504 493
504 490 487
505 500 501
500 505 506
506 499 500
507 506 505
506 507 508
508 509 506
499 506 509
509 508 510
511 510 508
510 511 512
513 512 511
512 513 514
511 515 513
515 511 516
516 508 507
508 516 511
517 513 515
513 517 518
518 514 513
519 518 517
518 519 520
520 521 518
514 518 521
521 520 522
523 522 520
522 523 524
517 525 519
525 526 519
520 526 523
526 520 519
525 517 527
515 527 517
527 515 528
516 528 515
528 516 529
507 529 516
529 507 530
505 530 507
530 505 531
501 531 505
531 501 532
502 532 501
532 502 533
503 533 502
533 503 534
494 534 503
534 494 535
493 535 494
535 493 536
493 537 536
537 493 504
538 539 540
539 538 541
540 179 538
179 540 180
541 542 539
542 541 543
543 544 542
544 543 545
545 546 544
546 545 547
547 548 546
548 547 549
549 550 548
550 549 551
552 550 551
550 552 553
554 553 552
553 554 555
556 555 554
555 556 557
558 557 556
557 558 559
560 559 558
559 560 561
562 561 560
561 562 563
564 563 562
563 564 565
566 565 564
565 566 567
568 567 566
567 568 569
570 569 568
569 570 571
572 573 574
573 575 574
575 573 576
576 577 575
578 575 577
575 578 579
579 574 575
580 579 578
579 580 581
582 581 580
581 582 583
584 583 582
583 584 585
577 576 586
375 586 576
586 375 376
583 587 581
579 581 587
574 579 587
587 583 588
585 588 583
576 379 375
379 576 573
573 380 379
380 573 589
590 380 589
572 590 589
572 589 573
590 572 591
588 591 572
380 590 384
591 588 592
588 585 592
574 587 588
588 572 574
593 384 590
593 590 591
384 593 387
390 387 593
390 593 594
595 594 593
595 591 592
593 591 595
595 596 594
595 592 597
596 595 597
597 598 596
597 599 598
599 597 600
592 600 597
600 601 599
601 602 599
599 602 598
602 601 603
603 604 602
604 596 598
598 602 604
604 603 605
601 600 606
596 604 607
605 607 604
608 596 607
608 594 596
609 608 607
607 605 609
608 609 610
610 393 608
393 610 395
608 393 594
585 606 600
600 592 585
606 585 584
393 390 594
268 265 611
263 611 265
263 256 611
53 612 54
612 71 54
613 614 615
613 616 614
616 613 617
618 617 613
617 618 619
618 620 619
617 621 616
621 617 622
623 619 620
620 624 623
624 625 623
624 626 625
626 624 627
627 628 626
628 627 629
629 630 628
630 629 631
631 632 630
632 631 633
634 632 633
632 634 635
636 635 634
637 636 634
637 638 636
638 637 639
640 638 639
639 641 640
641 639 642
643 644 645
644 643 646
647 643 645
643 647 648
649 648 647
648 649 650
649 651 650
651 649 652
652 653 651
653 652 654
655 653 654
653 655 656
655 657 656
657 655 658
658 659 657
659 658 660
661 659 660
659 661 662
663 662 661
662 663 664
665 664 663
664 665 666
667 666 665
666 667 668
669 668 667
668 669 670
671 670 669
670 671 672
673 672 671
672 673 674
675 674 673
674 675 676
677 676 675
676 677 678
679 680 681
680 682 681
682 680 683
683 684 682
684 683 685
685 686 684
686 685 687
687 688 686
688 687 689
689 690 688
690 689 691
692 690 691
690 692 693
692 694 693
694 692 695
695 696 694
696 695 697
697 698 696
698 697 699
698 699 700
686 688 701
688 702 701
702 688 703
703 704 702
704 703 705
705 706 704
706 705 707
707 708 706
708 707 709
709 710 708
710 709 711
710 711 712
712 713 710
712 714 713
714 712 715
716 714 715
711 717 712
717 711 718
719 720 721
720 719 722
723 722 719
722 723 724
725 724 723
724 725 726
727 726 725
726 727 728
729 728 727
728 729 730
731 730 729
730 731 732
733 732 731
732 733 734
735 734 733
734 735 736
735 737 736
737 735 738
738 739 737
739 738 740
740 741 739
741 740 742
743 744 745
744 743 746
747 746 743
746 747 748
749 748 747
748 749 750
751 750 749
750 751 752
753 752 751
752 753 754
755 754 753
754 755 756
757 758 759
758 757 760
761 757 759
757 761 762
760 763 758
763 760 764
764 765 763
765 764 766
767 768 769
768 767 770
769 771 767
771 769 772
772 773 771
773 772 774
775 773 774
773 775 776
770 777 768
777 770 778
778 779 777
779 778 780
780 781 779
781 780 782
782 783 781
783 782 784
784 785 783
785 784 786
786 787 785
787 786 788
788 789 787
789 788 790
790 791 789
791 790 792
792 793 791
793 792 794
795 796 797
796 795 798
798 799 796
799 798 800
800 801 799
801 800 802
797 803 795
803 797 804
805 803 804
803 805 806
807 808 809
808 807 810
811 812 813
814 812 811
811 815 814
816 815 811
815 816 817
818 817 816
817 818 819
820 819 818
819 820 821
822 821 820
821 822 823
824 823 822
823 824 825
826 825 824
824 827 826
828 826 827
826 828 829
830 829 828
829 830 831
832 831 830
831 832 833
832 834 833
827 824 835
824 836 835
836 824 837
837 838 836
838 837 839
839 840 838
840 839 841
842 840 841
840 842 843
844 843 842
843 844 845
845 844 846
847 848 849
814 848 847
848 814 850
815 850 814
851 852 853
851 854 852
854 851 855
856 854 855
854 856 857
858 859 860
858 860 861
862 859 858
859 862 863
864 863 862
863 864 865
866 867 868
867 869 868
869 867 870
871 869 870
869 871 872
871 873 872
873 871 874
874 875 873
875 874 876
877 878 879
878 880 879
880 878 881
881 882 880
882 881 883
883 884 882
884 883 885
885 886 884
886 885 887
888 889 890
889 888 891
888 892 891
892 888 893
894 895 896
895 894 897
894 898 897
898 894 899
900 901 902
901 900 903
904 901 903
901 904 905
906 907 908
909 906 908
906 909 910
911 910 909
912 913 914
915 913 912
913 915 916
914 917 912
917 914 918
917 918 919
916 915 920
914 913 921
922 914 921
918 914 922
923 922 921
922 923 924
923 925 924
916 920 926
916 926 927
928 929 930
931 929 928
931 932 929
932 931 933
931 928 934
935 932 933
932 935 936
937 936 935
935 938 937
939 937 938
938 935 940
941 942 943
942 941 944
944 945 942
945 944 946
946 947 945
947 946 948
947 948 949
948 950 949
951 952 953
954 953 952
953 954 955
956 955 954
955 956 957
958 957 956
959 960 961
962 963 964
962 965 963
966 967 968
969 966 968
968 970 969
968 971 970
968 972 971
968 973 972
973 968 974
974 968 975
976 977 978
976 979 977
980 981 982
982 981 983
983 984 982
985 982 984
986 987 988
989 990 991
989 992 993
994 995 996
997 998 999
1000 998 997
998 1000 1001
1000 1002 1001
1002 1000 1003
1004 1002 1003
1004 1003 1005
1006 1004 1005
1004 1007 1002
1008 1007 1004
1009 1010 1011
1012 1009 1011
1009 1012 1013
1012 1014 1013
1014 1012 1015
1016 1017 1018
1016 1019 1017
1018 1020 1016
1020 1018 1021
1021 1022 1020
1022 1021 1023
1024 1025 1026
1027 1026 1025
1026 1027 1028
1027 1029 1028
1029 1027 1030
1031 1029 1030
1029 1031 1032
1033 1032 1031
1032 1033 1034
1035 1036 1037
1038 1037 1036
1037 1038 1039
1040 1039 1038
1039 1040 1041
1042 1041 1040
1041 1042 1043
1044 1043 1042
1043 1044 1045
1046 1047 1048
1047 1046 1049
1050 1046 1048
1046 1050 1051
1052 1053 1054
1053 1052 1055
1056 1052 1054
1052 1056 1057
1058 1059 1060
1059 1058 1061
1061 1062 1059
1060 1063 1058
1064 1065 1066
1065 1064 1067
1065 1068 1066
1068 1065 1069
1070 1071 1072
1072 1073 1070
1073 1072 1074
1071 1070 1075
1075 1076 1071
1075 1077 1076
1074 1078 1073
1071 1079 1072
1080 1079 1071
1076 1080 1071
1080 1081 1079
1081 1080 1082
1081 1082 1083
1074 1084 1078
1074 1085 1084
1086 1087 1088
1089 1086 1088
1090 1089 1088
1089 1090 1091
1089 1092 1086
1093 1091 1090
1090 1094 1093
1095 1093 1094
1093 1095 1096
1097 1096 1095
1096 1098 1093
1099 1100 1101
1100 1099 1102
1103 1101 1100
1101 1103 1104
1105 1104 1103
1104 1105 1106
1105 1107 1106
1106 1107 1108
1109 1110 1111
1110 1112 1111
1112 1110 1113
1113 1114 1112
1114 1113 1115
1116 1114 1115
1117 1118 1119
1120 1121 1122
1120 1122 1123
1124 1125 1126
1124 1126 1127
1128 1129 1130
1131 1132 1133
1134 1135 1136
1137 1135 1134
1138 1139 1140
1139 1138 1141
1142 1143 1141
1143 1142 1144
1145 1144 1142
1144 1145 1146
1147 1148 1149
1148 1147 1150
1151 1152 1149
1152 1151 1153
1153 1154 1152
1154 1153 1155
1156 1157 1158
1159 1157 1156
1160 1161 1162
1161 1160 1163
1164 1162 1161
1162 1164 1165
1166 1167 1168
1167 1166 1169
1168 1170 1166
1170 1168 1171
1172 1173 1174
1173 1172 1175
1176 1177 1178
1177 1176 1179
1180 1181 1182
1181 1180 1183
1181 1184 1182
1184 1181 1185
1185 1186 1184
1186 1185 1187
1187 1188 1186
1188 1187 1189
1189 1190 1188
1190 1189 1191
1192 1190 1191
1193 1187 1185
1193 1185 1194
1194 1185 1181
1195 1194 1181
1181 1183 1195
1183 1196 1195
1196 1183 1197
1197 1198 1196
1198 1197 1199
1199 1200 1198
1200 1199 1201
1187 1193 1202
1202 1189 1187
1189 1202 1203
1203 1191 1189
1191 1203 1204
1192 1191 1204
1193 1194 1205
1194 1206 1205
1206 1194 1207
1207 1194 1195
1207 1208 1206
1208 1207 1209
1195 1209 1207
1208 1209 1210
1209 1195 1211
1210 1209 1211
1212 1199 1197
1197 1180 1212
1199 1212 1213
1213 1201 1199
1201 1213 1214
1215 1201 1214
1200 1201 1215
1180 1197 1183
1216 1217 1218
1219 1217 1216
1217 1219 1220
1221 1220 1219
1220 1221 1222
1223 1222 1221
1222 1223 1224
1225 1224 1223
1224 1225 1226
1227 1226 1225
1226 1227 1228
1224 1226 1229
1230 1224 1229
1224 1230 1231
1231 1230 1232
1233 1228 1227
1228 1233 1234
1235 1234 1233
1234 1235 1236
1237 1236 1235
1236 1237 1238
1237 1239 1238
1240 1241 1242
1243 1242 1241
1242 1243 1244
1245 1244 1243
1244 1245 1246
1247 1246 1245
1246 1247 1248
1246 1248 1249
1249 1250 1246
1250 1244 1246
1251 1242 1244
1244 1250 1251
1240 1242 1252
1252 1242 1251
1249 1253 1250
1254 1253 1249
1253 1254 1255
1256 1255 1254
1255 1257 1253
1257 1255 1258
1258 1255 1256
1250 1253 1259
1259 1251 1250
1253 1257 1259
1251 1259 1260
1252 1251 1260
1261 1248 1247
1248 1261 1262
1262 1249 1248
1263 1262 1261
1262 1263 1264
1264 1265 1262
1265 1264 1266
1249 1262 1265
1267 1266 1264
1266 1267 1268
1269 1268 1267
1268 1269 1270
1270 1269 1271
1271 1269 1272
1267 1272 1269
1272 1267 1273
1273 1264 1263
1264 1273 1267
1274 1275 1276
1274 1277 1275
1277 1274 1278
1278 1279 1277
1279 1278 1280
1280 1281 1279
1281 1280 1282
1282 1283 1281
1283 1282 1284
1285 1283 1284
1283 1285 1286
1286 1287 1283
1287 1288 1283
1288 1287 1289
1288 1289 1290
1291 1286 1285
1286 1291 1292
1293 1292 1291
1292 1293 1294
1293 1295 1294
1296 1297 1298
1299 1300 1301
1302 1303 1304
1305 1306 1307
1308 1309 1310
1309 1308 1311
1312 1311 1308
1311 1312 1313
1314 1313 1312
1313 1314 1315
1316 1317 1318
1317 1316 1319
1320 1321 1322
1321 1323 1322
1323 1321 1324
1324 1325 1323
1325 1324 1326
1326 1327 1325
1327 1326 1328
1329 1330 1331
1330 1329 1332
1329 1333 1332
1333 1329 1334
1335 1333 1334
1333 1335 1336
1337 1338 1339
1340 1341 1342
1340 1343 1341
1343 1340 1344
1344 1345 1343
1345 1344 1346
1346 1347 1345
1347 1346 1348
1349 1350 1351
1352 1353 1354
1353 1355 1354
1353 1356 1355
1357 1358 1359
1360 1359 1358
1359 1360 1361
1362 1361 1360
1361 1362 1363
1364 1363 1362
1363 1364 1365
1366 1365 1364
1365 1366 1367
1368 1367 1366
1367 1368 1369
1368 1370 1369
1370 1368 1371
1372 1370 1371
1370 1372 1373
1374 1373 1372
1373 1374 1375
1376 1375 1374
1375 1376 1377
1376 1378 1377
1379 1366 1364
1380 1366 1379
1366 1380 1381
1382 1381 1380
1381 1382 1383
1384 1383 1382
1383 1384 1385
1386 1385 1384
1385 1386 1387
1388 1387 1386
1387 1388 1389
1390 1389 1388
1390 1391 1389
1391 1392 1389
1388 1393 1390
1394 1390 1393
1390 1394 1395
1396 1395 1394
1397 1398 1399
1398 1397 1400
1400 1401 1398
1401 1400 1402
1402 1403 1401
1403 1402 1404
1404 1405 1403
1405 1404 1406
1406 1407 1405
1407 1406 1408
1408 1409 1407
1409 1408 1410
1410 1411 1409
1411 1410 1412
1412 1413 1411
1413 1412 1414
1415 1413 1414
1413 1415 1416
1417 1416 1415
1416 1417 1418
1419 1418 1417
1418 1419 1420
1421 1422 1423
1422 1421 1424
1424 1425 1422
1425 1424 1426
1426 1427 1425
1427 1426 1428
1428 1429 1427
1429 1428 1430
1430 1431 1429
1431 1430 1432
1432 1433 1431
1433 1432 1434
1435 1436 1437
1436 1435 1438
1435 1439 1438
1439 1435 1440
1441 1437 1436
1437 1441 1442
1443 1442 1441
1442 1443 1444
1445 1446 1447
1446 1445 1448
1449 1448 1445
1448 1449 1450
1451 1450 1449
1450 1451 1452
1451 1453 1452
1453 1451 1454
1455 1447 1446
1447 1455 1456
1457 1456 1455
1456 1457 1458
1459 1458 1457
1458 1459 1460
1461 1460 1459
1460 1461 1462
1463 1462 1461
1462 1463 1464
1465 1464 1463
1464 1465 1466
1467 1466 1465
1466 1467 1468
1469 1468 1467
1468 1469 1470
1471 1470 1469
1470 1471 1472
1473 1474 1475
1474 1473 1476
1477 1476 1473
1476 1477 1478
1479 1478 1477
1478 1479 1480
1481 1475 1474
1475 1481 1482
1481 1483 1482
1483 1481 1484
1485 1486 1487
1486 1485 1488
1489 1490 1491
1489 1491 1492
1492 1493 1489
1493 1494 1489
1494 1493 1495
1492 1496 1493
1492 1497 1496
1497 1492 1498
1498 1499 1497
1495 1500 1494
1500 1495 1501
1501 1502 1500
1502 1501 1503
1503 1504 1502
1504 1503 1505
1505 1506 1504
1506 1505 1507
1508 1506 1507
1509 1506 1508
1508 1510 1509
1510 1508 1511
1511 1512 1510
1512 1511 1513
1513 1514 1512
1514 1513 1515
1514 1515 1516
1506 1509 1517
1518 1506 1517
1506 1518 1519
1520 1519 1518
1519 1520 1521
1522 1521 1520
1521 1522 1523
1522 1524 1523
1524 1522 1525
1525 1526 1524
1526 1525 1527
1527 1528 1526
1529 1530 1531
1531 1532 1529
1533 1531 1530
1531 1533 1534
1535 1534 1533
1534 1535 1536
1537 1536 1535
1536 1537 1538
1539 1538 1537
1538 1539 1540
1541 1540 1539
1536 1542 1534
1542 1543 1534
1543 1531 1534
1544 1531 1543
1531 1544 1532
1545 1532 1544
1532 1545 1546
1547 1546 1545
1546 1547 1548
1549 1548 1547
1548 1549 1550
1542 1536 1551
1538 1551 1536
1551 1538 1552
1540 1552 1538
1552 1540 1553
1541 1553 1540
1542 1554 1543
1555 1543 1554
1543 1555 1556
1556 1544 1543
1557 1556 1555
1556 1557 1558
1558 1544 1556
1557 1559 1558
1544 1558 1560
1559 1560 1558
1548 1561 1546
1529 1546 1561
1546 1529 1532
1549 1562 1550
1562 1563 1550
1564 1550 1563
1561 1548 1564
1550 1564 1548
1565 1566 1567
1567 1568 1565
1568 1567 1569
1569 1570 1568
1570 1569 1571
1571 1572 1570
1572 1571 1573
1573 1574 1572
1574 1573 1575
1575 1576 1574
1576 1575 1577
1573 1578 1575
1573 1579 1578
1579 1573 1580
1580 1581 1579
1577 1582 1576
1582 1577 1583
1583 1584 1582
1584 1583 1585
1585 1586 1584
1586 1585 1587
1586 1587 1588
1589 1590 1591
1590 1592 1591
1592 1590 1593
1593 1594 1592
1594 1593 1595
1595 1596 1594
1596 1595 1597
1595 1598 1597
1598 1595 1599
1593 1599 1595
1600 1593 1590
1599 1593 1600
1589 1601 1590
1601 1600 1590
1598 1599 1602
1602 1603 1598
1603 1602 1604
1605 1603 1604
1606 1604 1602
1604 1606 1607
1607 1605 1604
1608 1606 1602
1600 1608 1599
1599 1608 1602
1608 1600 1609
1601 1609 1600
1597 1610 1596
1610 1597 1611
1598 1611 1597
1611 1612 1610
1612 1611 1613
1614 1613 1611
1613 1614 1615
1611 1598 1614
1615 1616 1613
1616 1615 1617
1617 1618 1616
1618 1617 1619
1619 1620 1618
1620 1621 1618
1621 1616 1618
1616 1621 1622
1613 1622 1612
1622 1613 1616
1623 1624 1625
1626 1623 1625
1623 1626 1627
1628 1627 1626
1627 1628 1629
1630 1629 1628
1629 1630 1631
1632 1631 1630
1631 1632 1633
1632 1634 1633
1634 1632 1635
1632 1636 1635
1637 1636 1632
1636 1637 1638
1637 1639 1638
1635 1640 1634
1640 1635 1641
1641 1642 1640
1642 1641 1643
1642 1643 1644
1645 1646 1647
1646 1645 1648
1647 1649 1645
1649 1647 1650
1650 1651 1649
1651 1650 1652
1653 1654 1655
1654 1653 1656
1657 1658 1659
1660 1659 1658
1659 1660 1661
1662 1661 1660
1661 1662 1663
1664 1663 1662
1663 1664 1665
1666 1667 1668
1667 1666 1669
1670 1667 1669
1667 1670 1671
1670 1672 1671
1672 1670 1673
1674 1675 1676
1677 1678 1679
1680 1677 1679
1677 1680 1681
1682 1681 1680
1681 1682 1683
1684 1683 1682
1683 1684 1685
1686 1687 1688
1689 1690 1691
1691 1690 1692
1691 1692 1693
154 1694 165
1694 154 156
156 1695 1694
1695 156 158
164 1695 158
418 416 1696
412 1696 416
1696 412 414
619 623 1697
1697 617 619
617 1697 622
