byte offset: 0
first index: 0
index count: 9006
topology: trianglelist
format: DXGI_FORMAT_R16_UINT

0 1 2
1 0 3
4 1 3
1 4 5
6 7 8
7 6 9
10 7 9
7 10 11
12 13 14
13 12 15
16 13 15
13 16 17
18 19 20
19 18 21
22 19 21
19 22 23
24 25 26
25 24 27
28 25 27
25 28 29
30 31 32
31 30 33
33 34 31
35 31 34
31 35 36
36 37 31
38 31 37
31 38 39
39 40 31
41 31 40
31 41 42
42 43 31
44 31 43
31 44 45
46 47 48
47 46 49
50 51 52
51 50 53
54 55 56
55 54 57
58 59 60
59 58 61
62 63 64
63 62 65
66 67 68
67 66 69
70 71 72
71 70 73
74 75 76
75 74 77
78 79 80
79 78 81
82 83 84
83 82 85
86 87 88
87 86 89
90 91 92
91 90 93
94 95 96
95 94 97
98 99 100
99 98 101
102 103 104
103 102 105
106 107 108
107 106 109
110 111 112
111 110 113
114 115 116
115 114 117
118 119 120
119 118 121
122 123 124
123 122 125
126 127 128
127 126 129
130 131 132
131 130 133
134 133 130
133 134 135
136 135 134
135 136 137
138 134 130
138 139 134
139 138 140
133 135 141
142 141 135
141 142 143
144 145 146
145 144 147
148 149 150
149 148 151
152 150 149
149 153 152
153 154 152
154 153 155
150 152 156
152 157 156
157 152 158
156 159 150
160 159 156
159 160 161
162 163 164
163 162 165
163 166 164
166 163 167
168 169 170
169 168 171
172 168 170
168 172 173
174 175 176
175 174 177
178 179 180
179 178 181
182 183 184
183 182 185
186 187 188
187 186 189
190 191 192
191 190 193
194 195 196
195 194 197
198 199 200
199 198 201
202 203 204
203 202 205
206 207 208
207 206 209
210 209 206
209 210 211
212 211 210
211 212 213
214 213 212
213 214 215
216 215 214
215 216 217
218 217 216
217 218 219
220 219 218
219 220 221
222 221 220
221 222 223
224 223 222
223 224 225
226 225 224
225 226 227
228 227 226
227 228 229
208 229 228
229 208 207
230 217 219
217 230 231
232 219 221
219 232 230
233 221 223
221 233 232
234 223 225
223 234 233
235 225 227
225 235 234
236 227 229
227 236 235
237 229 207
229 237 236
207 238 237
238 207 209
209 239 238
239 209 211
211 240 239
240 211 213
213 241 240
241 213 215
215 231 241
231 215 217
242 243 244
243 242 245
242 244 246
247 246 244
246 247 248
247 249 248
249 247 250
249 250 251
252 251 250
251 252 253
252 254 253
254 252 255
254 255 256
257 256 255
256 257 258
257 259 258
259 257 260
259 260 261
243 261 260
261 243 245
262 263 264
263 262 265
264 266 262
266 264 267
267 268 266
268 267 269
269 270 268
270 269 271
272 273 274
273 272 275
274 276 272
276 274 277
277 278 276
278 277 279
279 280 278
280 279 281
282 283 284
283 282 285
284 286 282
286 284 287
287 288 286
288 287 289
289 290 288
290 289 291
291 292 290
292 291 293
293 294 292
294 293 295
295 296 294
296 295 297
297 298 296
298 297 299
299 300 298
300 299 301
301 302 300
302 301 303
303 304 302
304 303 305
305 285 304
285 305 283
306 307 308
308 307 309
309 307 310
310 307 311
311 307 312
312 307 313
313 307 314
314 307 315
315 307 316
316 307 317
317 307 318
318 307 306
319 320 321
320 319 322
321 323 319
323 321 324
324 325 323
325 324 326
326 327 325
327 326 328
328 329 327
329 328 330
330 331 329
331 330 332
332 333 331
333 332 334
334 335 333
335 334 336
336 337 335
337 336 338
338 339 337
339 338 340
340 341 339
341 340 342
342 322 341
322 342 320
343 344 345
344 343 346
345 347 343
347 345 348
348 349 347
349 348 350
350 351 349
351 350 352
352 353 351
353 352 354
354 355 353
355 354 356
356 357 355
357 356 358
358 359 357
359 358 360
360 361 359
361 360 362
362 363 361
363 362 364
364 365 363
365 364 366
366 346 365
346 366 344
367 368 369
368 367 370
370 371 368
371 370 372
372 373 371
373 372 374
374 375 373
375 374 376
376 377 375
377 376 378
378 379 377
379 378 380
380 381 379
381 380 382
382 369 381
369 382 367
383 384 385
384 383 386
387 388 389
388 387 390
391 390 387
390 391 392
391 393 392
393 391 394
395 396 397
396 395 398
399 400 401
400 399 402
403 402 399
402 403 404
403 405 404
405 403 406
407 403 399
403 407 408
407 409 408
409 407 410
411 402 404
402 411 412
413 412 411
412 413 414
415 414 413
414 415 416
417 416 415
416 417 418
419 418 417
418 419 420
421 420 419
420 421 422
423 422 421
422 423 424
425 424 423
424 425 426
427 426 425
426 427 428
429 430 431
430 429 432
433 434 435
434 433 436
437 438 439
438 437 440
441 442 443
442 441 444
445 446 447
446 445 448
449 446 448
446 449 450
447 451 445
447 452 451
452 447 453
453 454 452
455 450 449
455 456 450
456 455 457
454 458 452
454 459 458
460 458 459
458 460 461
460 462 461
463 462 460
462 463 464
463 465 464
465 463 466
466 467 465
468 467 466
467 468 469
468 470 469
470 468 471
472 470 471
473 472 471
472 473 474
475 476 477
476 475 478
478 475 479
480 479 475
479 480 481
480 482 481
482 480 483
484 482 483
485 484 483
484 485 486
485 487 486
487 485 488
488 489 487
490 489 488
489 490 491
477 476 492
493 492 476
494 492 493
493 495 494
495 493 496
495 496 497
497 498 495
498 497 499
500 498 499
498 500 501
500 502 501
502 503 501
503 502 504
505 506 507
506 505 508
509 508 505
508 509 510
511 510 509
510 511 512
511 513 512
513 511 514
506 515 507
515 506 516
516 517 515
517 516 518
519 520 521
520 519 522
519 523 522
523 519 524
524 525 523
526 525 524
525 526 527
521 520 528
529 521 528
521 529 530
531 530 529
532 531 529
533 531 532
532 534 533
534 532 535
534 535 536
536 537 534
537 536 538
539 537 538
537 539 540
540 539 541
541 542 540
542 541 543
544 542 543
542 544 545
545 544 546
546 547 545
547 546 548
549 550 551
550 549 552
551 553 549
553 551 554
552 555 550
555 552 556
554 557 553
557 554 558
556 559 555
559 556 560
558 561 557
561 558 562
560 563 559
563 560 564
564 565 563
565 564 566
566 567 565
567 566 568
568 569 567
569 568 570
570 571 569
571 570 572
572 573 571
573 572 574
575 576 577
576 575 578
579 580 581
580 579 582
583 584 585
584 583 586
585 587 583
587 585 588
588 589 587
589 588 590
590 591 589
591 590 592
592 593 591
593 592 594
595 593 594
593 595 596
597 410 598
410 597 409
598 599 597
599 598 600
600 601 599
601 600 602
602 603 601
603 602 604
604 605 603
605 604 606
606 607 605
607 606 608
608 609 607
609 608 610
611 612 613
611 614 612
614 611 615
615 616 614
616 617 614
617 616 618
619 617 618
617 619 620
620 619 621
621 622 620
622 621 623
624 622 623
622 624 625
625 624 626
626 627 625
627 626 628
629 630 613
631 630 629
630 631 632
631 633 632
634 633 631
633 634 635
634 636 635
636 634 637
637 638 636
639 638 637
638 639 640
613 630 611
641 642 643
642 641 644
645 644 641
644 645 646
647 643 642
643 647 648
649 648 647
648 649 650
651 646 645
646 651 652
653 652 651
652 653 654
655 650 649
650 655 656
657 656 655
656 657 658
659 654 653
654 659 660
661 660 659
660 661 662
663 658 657
658 663 664
665 662 661
662 665 666
667 668 669
668 667 670
671 672 673
672 671 674
675 676 677
678 676 675
679 676 678
680 676 679
681 676 680
682 676 681
676 682 683
684 676 683
685 676 684
676 685 686
687 676 686
676 687 688
689 676 688
676 689 690
691 676 690
676 691 692
693 676 692
676 693 694
695 676 694
676 695 696
697 676 696
698 676 697
676 698 699
677 676 699
700 701 702
701 700 703
700 704 703
704 700 705
705 706 704
706 705 707
708 706 707
706 708 709
710 709 708
709 710 711
710 712 711
712 710 713
713 714 712
714 713 715
703 716 701
716 703 717
718 703 704
703 718 717
719 704 706
704 719 718
709 719 706
719 709 720
711 720 709
720 711 721
722 711 712
711 722 721
723 712 714
712 723 722
714 724 723
724 714 725
715 725 714
725 726 724
726 725 727
728 727 725
725 715 728
727 728 729
727 730 726
730 727 731
729 731 727
731 729 732
731 733 730
733 731 734
732 734 731
734 735 733
735 734 736
737 736 734
734 732 737
736 737 738
736 739 735
739 736 740
738 740 736
740 741 739
741 740 742
740 743 742
743 740 744
740 738 744
742 745 741
745 742 746
747 745 746
745 747 748
749 747 746
742 749 746
749 742 743
747 749 750
751 748 747
750 751 747
748 751 752
753 752 751
752 753 754
751 755 753
755 751 756
751 750 756
757 754 753
754 757 758
759 758 757
757 760 759
760 757 761
753 761 757
761 753 755
758 759 762
763 762 759
762 763 764
765 764 763
763 766 765
766 763 767
759 767 763
767 759 760
768 765 766
765 768 769
764 765 770
769 770 765
770 769 771
701 771 769
771 701 716
769 702 701
702 769 768
772 773 774
773 772 775
776 774 773
774 776 777
775 778 773
778 775 779
779 780 778
780 779 781
781 782 780
782 781 783
784 780 782
780 784 785
785 778 780
778 785 786
773 786 776
786 773 778
787 776 786
787 777 776
787 788 777
787 789 788
789 787 790
791 790 787
791 786 785
791 787 786
790 791 792
793 788 789
788 793 794
793 795 794
795 793 796
796 797 795
797 796 798
798 799 797
799 798 800
788 794 801
794 795 802
795 797 803
797 799 804
792 805 790
793 805 796
796 805 798
798 805 800
806 805 792
807 805 806
808 805 807
809 805 808
810 805 809
811 805 810
812 805 811
813 805 812
800 805 814
814 805 813
799 815 804
815 816 804
817 804 816
804 817 818
816 819 817
819 816 820
821 820 816
816 815 821
822 821 815
823 822 815
821 822 824
824 825 821
820 821 825
825 824 826
827 826 824
826 827 828
829 824 822
824 829 827
829 822 823
830 817 819
817 830 831
831 818 817
832 831 830
831 832 833
834 831 833
831 834 803
818 831 803
795 803 834
797 818 803
797 804 818
835 833 832
833 835 836
837 836 835
836 837 838
839 836 838
836 839 802
833 802 834
802 833 836
795 834 802
837 840 838
840 839 838
840 837 841
841 842 840
842 841 843
842 801 840
839 840 801
801 842 844
843 774 842
774 844 842
774 843 772
844 774 777
788 844 777
788 801 844
794 839 801
794 802 839
845 846 847
846 845 848
845 849 848
849 845 850
850 851 849
851 850 852
853 851 852
851 853 854
853 855 854
855 853 856
856 857 855
857 856 858
858 859 857
859 858 860
861 860 858
860 861 862
858 863 861
863 858 856
856 864 863
864 856 853
853 865 864
865 853 852
852 866 865
866 852 850
845 866 850
866 845 867
847 867 845
867 847 868
868 869 867
869 868 870
870 871 869
871 870 872
870 873 872
873 870 823
874 869 871
869 874 875
867 875 866
875 867 869
874 876 875
866 876 865
876 866 875
876 874 877
878 876 877
876 878 879
878 880 879
880 878 881
881 882 880
882 881 883
884 882 883
882 884 885
885 884 791
885 791 785
811 877 874
871 811 874
811 871 812
872 812 871
812 872 813
873 813 872
813 873 814
873 800 814
800 873 799
808 883 881
881 809 808
809 881 878
877 809 878
877 811 810
809 877 810
799 873 823
799 823 815
883 808 807
807 884 883
884 807 806
792 884 806
884 792 791
829 823 870
868 829 870
868 827 829
827 868 847
847 828 827
828 847 846
790 805 789
789 805 793
864 876 879
876 864 865
879 863 864
863 879 880
880 861 863
861 880 882
882 862 861
882 885 862
885 784 862
885 785 784
782 862 784
862 782 860
783 860 782
860 783 859
886 887 888
887 886 889
887 890 888
890 887 891
892 889 886
889 892 893
894 893 892
893 894 895
892 896 894
897 894 896
894 897 898
898 895 894
896 892 899
886 899 892
900 888 890
888 900 901
899 886 902
902 888 901
888 902 886
899 903 896
902 903 899
904 901 900
904 900 905
903 906 896
906 903 907
903 902 908
908 907 903
901 909 902
909 901 904
909 908 902
910 904 905
904 910 911
907 908 912
913 911 910
911 913 914
904 915 909
904 911 915
916 908 909
916 909 915
916 912 908
917 914 913
914 917 918
919 907 912
907 919 920
912 916 921
915 922 916
923 920 919
920 923 924
924 925 920
925 924 926
926 927 925
927 926 928
929 928 926
928 929 930
931 926 924
926 931 929
932 916 922
933 924 923
924 933 931
934 916 932
916 934 921
925 907 920
907 925 906
923 935 933
925 936 906
937 925 927
925 937 936
927 938 937
906 936 939
896 906 939
896 939 940
896 940 897
941 933 935
933 941 942
933 942 931
943 941 935
944 943 935
945 944 935
935 923 945
919 945 923
945 919 946
912 946 919
946 912 921
946 921 934
934 947 946
947 934 948
949 946 947
946 949 945
944 945 949
950 947 948
947 950 951
951 949 947
952 951 950
950 953 952
953 950 954
953 954 955
949 951 956
956 944 949
944 956 957
958 951 952
958 952 959
959 952 960
952 953 960
960 953 961
951 958 962
962 956 951
956 962 963
963 957 956
957 963 964
965 963 962
963 965 966
967 959 960
959 967 968
968 969 959
969 968 970
970 971 969
971 970 972
960 973 967
973 960 974
974 975 973
975 974 976
976 977 975
977 976 978
979 977 978
977 979 980
981 980 979
980 981 982
983 982 981
982 983 984
977 985 975
975 986 973
972 987 971
975 988 986
985 989 975
975 990 988
989 990 975
987 972 991
992 993 994
993 992 995
996 994 993
994 996 997
992 998 995
999 995 998
998 1000 999
1001 999 1000
999 1001 1002
1000 1003 1001
1004 1001 1003
1001 1004 1005
1005 1002 1001
1003 1006 1004
1006 1003 1007
1003 1000 1008
1008 1007 1003
1000 998 1009
1009 1008 1000
1007 1008 1010
1008 1009 1011
1011 1010 1008
1009 998 1012
1010 1011 1013
1014 1013 1011
1013 1014 1015
1016 1015 1014
1015 1016 1017
1018 1004 1006
1004 1018 1019
1019 1005 1004
1005 1019 1020
1020 1021 1005
1002 1005 1021
1021 1020 1022
1023 1019 1018
1019 1023 1024
1019 1024 1020
1024 1022 1020
1021 1025 1002
1026 1002 1025
1002 1026 999
995 999 1026
1025 1021 1027
1022 1027 1021
1022 1024 1028
1027 1022 1029
1028 1029 1022
1030 1024 1023
1024 1030 1031
1024 1031 1028
1029 1028 1032
1031 1032 1028
1030 1033 1031
1032 1031 1034
1033 1034 1031
1034 1033 1035
1036 995 1026
995 1036 1037
1038 1037 1036
1036 1039 1038
1039 1036 1040
1041 1038 1039
1039 1042 1041
1042 1039 1043
1040 1043 1039
1044 1041 1042
1041 1044 1045
1038 1041 1046
1045 1046 1041
1037 1038 1047
1046 1047 1038
1046 1045 1048
1047 1046 1049
1048 1049 1046
1047 1050 1037
1049 1048 1051
1051 1052 1049
1052 1051 1053
1053 1054 1052
1054 1053 1055
1042 1056 1044
1056 1042 1057
1043 1057 1042
1057 1043 1058
1059 1058 1043
1043 1040 1059
1058 1059 1060
1057 1061 1056
1061 1057 1062
1057 1058 1062
1060 1062 1058
1025 1059 1040
1040 1026 1025
1026 1040 1036
1059 1025 1027
1027 1060 1059
1062 1060 1063
1060 1027 1029
1029 1063 1060
1062 1064 1061
1064 1062 1065
1062 1063 1065
1063 1029 1032
1032 1065 1063
1064 1065 1066
1065 1032 1034
1034 1066 1065
1066 1034 1035
1067 1068 1069
1068 1067 1070
1069 1071 1067
1071 1069 1072
1073 1069 1068
1069 1073 1074
1075 1074 1073
1074 1075 1076
1077 1074 1076
1074 1077 1078
1069 1078 1072
1078 1069 1074
1079 1080 1081
1080 1079 1082
1079 1083 1082
1083 1079 1084
1082 1085 1080
1085 1086 1080
1087 1080 1086
1080 1087 1088
1089 1087 1086
1087 1089 1090
1086 1085 1091
1085 1082 1092
1083 1092 1082
1092 1083 1093
1094 1086 1091
1086 1094 1089
1094 1095 1089
1095 1096 1089
1096 1095 1097
1098 1097 1095
1097 1098 1099
1098 1100 1099
1100 1098 1101
1101 1102 1100
1103 1102 1101
1102 1103 1104
1105 1104 1103
1104 1105 1106
1105 1107 1106
1107 1105 1108
1108 1109 1107
1109 1108 1110
1110 1111 1109
1111 1110 1112
1112 1113 1111
1113 1112 1114
1114 1115 1113
1115 1114 1116
1116 1117 1115
1117 1116 1118
1119 1117 1118
1120 1114 1112
1110 1120 1112
1114 1120 1121
1121 1116 1114
1116 1121 1122
1120 1110 1123
1110 1124 1123
1124 1110 1108
1105 1124 1108
1124 1105 1125
1103 1125 1105
1125 1103 1126
1127 1116 1122
1116 1127 1118
1093 1118 1127
1118 1093 1083
1083 1119 1118
1101 1126 1103
1126 1101 1128
1098 1128 1101
1128 1098 1129
1098 1130 1129
1130 1098 1095
1095 1094 1130
1119 1083 1084
1131 1132 1133
1132 1131 1134
1135 1131 1133
1131 1135 1136
1137 1138 1139
1140 1137 1139
1141 1137 1140
1140 1142 1141
1142 1140 1143
1144 1143 1140
1139 1144 1140
1143 1144 1145
1145 1146 1143
1146 1145 1147
1148 1143 1146
1143 1148 1142
1146 1149 1148
1149 1146 1150
1147 1150 1146
1151 1148 1149
1148 1151 1152
1150 1147 1153
1154 1148 1152
1148 1154 1142
1154 1155 1142
1141 1142 1155
1156 1141 1155
1155 1157 1156
1157 1158 1156
1158 1159 1156
1160 1156 1159
1152 1161 1154
1162 1161 1152
1152 1163 1162
1152 1151 1163
1163 1164 1162
1160 1165 1156
1165 1141 1156
1141 1165 1166
1137 1141 1166
1160 1167 1165
1160 1168 1167
1151 1169 1163
1169 1151 1170
1170 1171 1169
1170 1172 1171
1151 1149 1170
1150 1170 1149
1170 1150 1173
1174 1170 1173
1174 1172 1170
1173 1175 1174
1173 1176 1175
1176 1173 1177
1177 1178 1176
1173 1153 1177
1153 1173 1150
1177 1179 1178
1180 1179 1177
1153 1180 1177
1179 1180 1181
1180 1182 1181
1180 1153 1183
1147 1183 1153
1183 1147 1184
1145 1184 1147
1184 1145 1185
1144 1185 1145
1185 1144 1186
1186 1187 1185
1187 1186 1188
1189 1187 1188
1190 1187 1189
1191 1185 1187
1185 1191 1184
1190 1191 1187
1184 1192 1183
1192 1184 1191
1191 1193 1192
1193 1191 1194
1191 1190 1194
1194 1190 1195
1196 1194 1195
1194 1196 1197
1194 1197 1193
1197 1196 1198
1199 1188 1186
1188 1199 1200
1201 1188 1200
1188 1201 1202
1202 1189 1188
1189 1202 1203
1203 1202 1204
1204 1202 1205
1206 1205 1202
1206 1202 1201
1206 1201 1207
1206 1207 1208
1193 1197 1209
1199 1210 1211
1186 1210 1199
1144 1210 1186
1210 1144 1212
1211 1210 1212
1144 1139 1212
1138 1212 1139
1213 1212 1138
1213 1211 1212
1138 1214 1213
1214 1215 1213
1215 1214 1216
1217 1215 1216
1215 1217 1218
1211 1213 1219
1215 1219 1213
1220 1215 1218
1215 1220 1221
1219 1215 1221
1222 1223 1224
1225 1223 1222
1226 1225 1222
1226 1222 914
914 1222 911
1226 914 918
1227 1226 918
1227 1228 1226
1225 1226 1228
1228 1227 961
961 953 1228
1229 1225 1228
955 1229 1228
953 955 1228
1222 1224 915
1222 915 911
1224 1230 915
915 1230 922
1231 1232 1233
1232 1231 1234
1235 1234 1231
1235 1236 1234
1236 1235 1237
1238 1233 1232
1233 1238 1239
1240 1236 1237
1236 1240 1241
1242 1241 1240
1242 1243 1241
1243 1242 1244
1244 1245 1243
1245 1244 1246
1247 1239 1238
1239 1247 1248
1246 1249 1245
1249 1246 1250
1251 1252 1253
1252 1251 1254
1255 1252 1254
1252 1255 1256
943 1257 1258
1257 943 1259
1259 1260 1257
1260 1259 1261
1261 1262 1260
1262 1261 1263
1263 1264 1262
1264 1263 1265
1265 1266 1264
1266 1265 1267
1268 1267 1265
1267 1268 1269
1269 1268 1270
1269 1270 1271
1270 1272 1271
1272 1270 1273
1274 1273 1270
1275 1274 1270
1276 1275 1270
1268 1276 1270
1277 1276 1268
1278 1277 1268
1279 1278 1268
1265 1279 1268
1274 1280 1273
1280 1281 1273
1281 1280 1282
1281 1282 1283
1284 1281 1283
1284 1285 1281
1285 1284 1286
1285 1286 1287
1288 1285 1287
1285 1288 1289
1289 1290 1285
1289 1291 1290
958 1290 1291
1291 962 958
1291 1292 962
965 962 1292
1292 1293 965
1294 1295 1296
1294 1297 1295
1298 1297 1294
1297 1298 1299
1300 1298 1294
1300 1294 1301
1301 1294 1302
1298 1300 1303
1294 1304 1302
1304 1294 1296
895 898 1305
1305 1306 895
1307 895 1306
895 1307 893
893 1307 889
1308 889 1307
889 1308 887
887 1308 891
1306 1305 1309
1306 1310 1307
1309 1310 1306
1311 1307 1310
1307 1311 1308
1310 1309 1312
1310 1313 1311
1310 1314 1313
1314 1310 1312
1313 1314 1315
898 1316 1305
1317 1305 1316
1305 1317 1309
1316 1318 1317
1318 1316 1319
1320 1319 1316
1319 1320 1321
1321 1322 1319
1319 1322 1318
1322 1321 1323
1323 1324 1322
1324 1323 1325
1326 1324 1325
1324 1326 1327
1328 1321 1320
1320 1329 1328
1329 1320 898
1316 898 1320
1321 1328 1330
1330 1323 1321
1325 1331 1326
1331 1325 1332
1323 1330 1333
1333 1325 1323
1325 1333 1332
1330 1328 1334
1334 1333 1330
1335 1331 1332
1335 1336 1331
1337 1334 1328
1334 1337 1338
1333 1334 1339
1338 1339 1334
1332 1333 1340
1340 1335 1332
1340 1333 1339
1335 1341 1336
1341 1335 1342
1339 1338 1343
1342 1344 1341
1344 1342 1345
1335 1340 1346
1335 1346 1342
1347 1340 1339
1347 1346 1340
1343 1347 1339
1345 1348 1344
1348 1345 1349
1338 1350 1343
1350 1338 1351
1347 1343 1352
1346 1347 1353
1351 1354 1350
1354 1351 1355
1356 1355 1351
1355 1356 1357
927 1357 1356
1357 927 928
928 1358 1357
1358 928 930
1359 1357 1358
1357 1359 1355
1360 1353 1347
1361 1355 1359
1355 1361 1354
1362 1347 1352
1347 1362 1360
1338 1356 1351
1356 1338 1337
1363 1354 1361
1354 1363 1364
1364 1350 1354
1350 1364 1365
1365 1343 1350
1343 1365 1352
1365 1362 1352
1366 1362 1365
1362 1366 1367
1368 1365 1364
1365 1368 1366
1366 1369 1367
1369 1366 1370
1368 1370 1366
1371 1364 1363
1364 1371 1368
1372 1369 1370
1373 1369 1372
1369 1373 1374
1373 1375 1374
1370 1368 1376
1371 1376 1368
1376 1371 1377
1370 1378 1372
1378 1379 1372
1379 1380 1372
1372 1380 1373
1380 1381 1373
1378 1370 1382
1376 1382 1370
1382 1376 1383
1377 1383 1376
1383 1377 1384
1383 1385 1382
1385 1383 1386
1379 1387 1380
1387 1379 1388
1389 1388 1379
1388 1389 1390
1391 1390 1389
1390 1391 1392
1393 1380 1387
1380 1393 1394
1395 1394 1393
1394 1395 1396
1397 1396 1395
1396 1397 1398
1397 1399 1398
1399 1397 1400
1400 1401 1399
1401 1400 1402
1402 1403 1401
1403 1402 1404
1405 1392 1391
1392 1405 1406
1395 1393 1407
1397 1395 1408
1395 1407 1409
1395 1409 1410
1395 1410 1411
1395 1411 1408
1011 1009 1412
1412 1014 1011
1014 1412 1413
1414 1014 1413
1014 1414 1016
1009 1012 1412
998 992 1012
1415 1416 1417
1416 1415 1418
1417 1419 1415
1419 1417 1420
1420 1421 1419
1421 1420 1422
1418 1423 1416
1423 1418 1424
1422 1425 1421
1425 1422 1426
1427 1428 1429
1428 1427 1430
1431 1429 1428
1429 1431 1432
1433 1430 1427
1430 1433 1434
1435 1436 1437
1436 1435 1438
1435 1439 1438
1439 1435 1440
1441 1437 1436
1437 1441 1442
1443 1442 1441
1442 1443 1444
1440 1445 1439
1445 1440 1446
1446 1447 1445
1447 1446 1448
1449 1450 1451
1450 1452 1451
1452 1450 1453
1453 1454 1452
1454 1453 1455
1455 1456 1454
1456 1455 1457
1457 1458 1456
1458 1457 1459
1460 1461 1462
1461 1460 1463
1462 1464 1460
1464 1462 1465
1465 1466 1464
1466 1465 1467
1462 1467 1465
1468 1463 1460
1464 1468 1460
1463 1468 1469
1461 1470 1462
1467 1462 1470
1470 1461 1471
1471 1472 1470
1467 1470 1472
1472 1473 1467
1473 1466 1467
1473 1472 1474
1472 1471 1475
1475 1476 1472
1476 1474 1472
1466 1477 1464
1477 1468 1464
1468 1477 1478
1478 1479 1468
1469 1468 1479
1475 1480 1476
1475 1481 1480
1469 1479 1482
1483 1469 1482
1484 1485 1486
1484 1486 1487
1485 1488 1486
1487 1489 1484
1490 1489 1487
1489 1490 1491
1490 1492 1491
1489 1493 1484
1493 1489 1494
1491 1494 1489
1494 1495 1493
1495 1494 1496
1491 1496 1494
1497 1495 1496
1495 1497 1498
1496 1499 1497
1492 1500 1499
1499 1496 1501
1496 1491 1501
1492 1501 1491
1492 1499 1501
1502 1498 1497
1502 1497 1499
1500 1502 1499
1498 1502 1503
1502 1500 1504
1503 1502 1504
1504 1505 1503
1505 1506 1503
1505 1507 1506
1508 1509 1510
1511 1508 1510
1508 1511 1512
1513 1512 1511
1512 1513 1514
1515 1514 1513
1514 1515 1516
1517 1516 1515
1516 1517 1518
1519 1520 1521
1520 1519 1522
1521 1523 1519
1523 1521 1524
1525 1526 1527
1526 1525 1528
1529 1528 1525
1530 1528 1529
1528 1530 1531
1532 1531 1530
1533 1531 1532
1531 1533 1534
1535 1534 1533
1536 1534 1535
1534 1536 1537
1538 1537 1536
1537 1538 1539
1540 1539 1538
1540 1541 1539
1541 1540 1542
1543 1541 1542
1543 1544 1541
1544 1543 1545
1546 1544 1545
1547 1544 1546
1548 1547 1546
897 1549 898
1329 898 1549
1328 1329 1550
1328 1550 1551
1328 1551 1337
1337 1551 1552
1356 1337 1552
1356 1552 1553
1553 927 1356
927 1553 938
1279 1554 1555
1554 1279 964
1279 1555 1556
963 1554 964
1554 963 1557
1557 963 966
1279 1556 1278
1263 964 1279
1279 1265 1263
964 1263 1261
1261 957 964
957 1261 1259
957 1259 943
944 957 943
1558 1559 1560
1559 1558 1561
1560 1562 1558
1562 1560 1563
1563 1564 1562
1564 1563 1565
1565 1566 1564
1566 1565 1567
1567 1568 1566
1568 1567 1569
1569 1570 1568
1570 1569 1571
1571 1572 1570
1572 1571 1573
1573 1574 1572
1574 1573 1575
1575 1576 1574
1576 1575 1577
1577 1578 1576
1578 1577 1579
1579 1580 1578
1580 1579 1581
1581 1582 1580
1582 1581 1583
1583 1584 1582
1584 1583 1585
1585 1586 1584
1586 1585 1587
1587 1588 1586
1588 1587 1589
1589 1590 1588
1590 1589 1591
1592 1593 1594
1593 1592 1595
1592 1596 1595
1596 1592 1597
1598 1599 1600
1599 1598 1601
1600 1561 1598
1561 1600 1559
1602 1603 1604
1602 1604 1605
1604 1606 1605
1606 1604 1607
1604 1608 1607
1609 1608 1604
1610 1609 1604
1611 1610 1604
1604 1603 1612
1613 1604 1612
1604 1613 1614
1615 1604 1614
1615 1616 1604
1604 1616 1617
1618 1604 1617
1618 1619 1604
1619 1620 1604
1620 1621 1604
1604 1621 1622
1611 1604 1622
1623 1624 1625
1624 1623 1626
1624 1627 1625
1627 1624 1628
1629 1624 1626
1626 1630 1629
1630 1626 1631
1624 1629 1632
1632 1628 1624
1628 1632 1633
1633 1634 1628
1634 1633 1635
1635 1636 1634
1636 1635 1637
1637 1638 1636
1638 1637 1639
1639 1640 1638
1640 1639 1641
1641 1642 1640
1642 1641 1643
1631 1644 1630
1644 1631 1645
1645 1646 1644
1646 1645 1647
1643 1648 1642
1648 1643 1649
1649 1650 1648
1650 1649 1651
1651 1652 1650
1652 1651 1653
1653 1654 1652
1654 1653 1655
1655 1656 1654
1656 1655 1657
1657 1658 1656
1658 1657 1659
1659 1660 1658
1660 1659 1661
1661 1662 1660
1662 1661 1663
1663 1664 1662
1664 1663 1665
1665 1647 1664
1647 1665 1646
1666 1667 1668
1667 1666 1669
1670 1671 1672
1671 1670 1673
1674 1675 1676
1675 1674 1677
1676 1678 1674
1678 1676 1679
1679 1680 1678
1680 1679 1681
1681 1682 1680
1682 1681 1683
1683 1684 1682
1684 1683 1685
1685 1686 1684
1686 1685 1687
1687 1688 1686
1688 1687 1689
1689 1690 1688
1690 1689 1691
1691 1692 1690
1692 1691 1693
1693 1694 1692
1694 1693 1695
1695 1696 1694
1696 1695 1697
1697 1698 1696
1698 1697 1699
1699 1700 1698
1700 1699 1701
1701 1702 1700
1702 1701 1703
1703 1704 1702
1704 1703 1705
1705 1706 1704
1706 1705 1707
1707 1708 1706
1708 1707 1709
1709 1710 1708
1710 1709 1711
1711 1712 1710
1712 1711 1713
1713 1677 1712
1677 1713 1675
1714 1715 1716
1715 1714 1717
1718 1715 1717
1715 1718 1719
1720 1714 1716
1714 1720 1721
1722 1721 1720
1721 1722 1723
1724 1723 1722
1723 1724 1725
1726 1725 1724
1725 1726 1727
1728 1727 1726
1727 1728 1729
1728 1730 1729
1730 1728 1731
1731 1732 1730
1732 1731 1733
1733 1734 1732
1734 1733 1735
1735 1736 1734
1736 1735 1737
1738 1736 1737
1736 1738 1739
1740 1739 1738
1739 1740 1741
1742 1741 1740
1741 1742 1743
1744 1745 1746
1746 1745 1747
1747 1748 1746
1748 1747 1749
1749 1750 1748
1750 1749 1751
1752 1750 1751
1753 1752 1751
1754 1753 1751
1753 1754 1755
1756 1755 1754
1755 1756 1757
1758 1755 1757
1755 1758 1759
1759 1753 1755
1760 1758 1757
1756 1761 1757
1753 1759 1762
1763 1753 1762
1764 1763 1762
1765 1764 1762
1764 1765 1766
1767 1766 1765
1766 1767 1768
1767 1769 1768
1769 1770 1768
1760 1757 1771
1761 1772 1757
1757 1773 1771
1772 1773 1757
1774 1775 1776
1775 1777 1776
1777 1778 1776
1778 1779 1776
1780 1774 1776
1776 1781 1780
1781 1776 1782
1782 1783 1781
1783 1782 1784
1784 1785 1783
1785 1784 1786
1784 1787 1786
1787 1784 1788
1782 1788 1784
1789 1785 1786
1787 1790 1786
1788 1782 1791
1776 1791 1782
1791 1776 1792
1779 1792 1776
1790 1793 1786
1793 1794 1786
1786 1794 1795
1789 1786 1795
1796 1797 1798
1797 1796 1799
1796 1800 1799
1800 1796 1801
1798 1797 1802
1803 1798 1802
1798 1803 1804
1801 1805 1800
1806 1805 1801
1805 1806 1807
1808 1809 1810
1809 1808 1811
1810 1812 1808
1812 1810 1813
1813 1814 1812
1814 1813 1815
1815 1816 1814
1816 1815 1817
1817 1818 1816
1818 1817 1819
1820 1818 1819
1818 1820 1821
1822 1821 1820
1821 1822 1823
1824 1823 1822
1823 1824 1825
1826 1825 1824
1825 1826 1827
1828 1827 1826
1827 1828 1829
1830 1829 1828
1829 1830 1831
1830 1811 1831
1811 1830 1809
1832 1833 1834
1834 1833 1835
1835 1833 1836
1836 1833 1837
1837 1833 1838
1838 1833 1839
1839 1833 1840
1840 1833 1841
1841 1833 1842
1842 1833 1843
1843 1833 1844
1844 1833 1832
1845 1846 1847
1846 1845 1848
1849 1847 1846
1847 1849 1850
1845 1851 1848
1851 1845 1852
1853 1850 1849
1850 1853 1854
1852 1855 1851
1855 1852 1856
1857 1858 1859
1858 1857 1860
1860 1861 1858
1861 1860 1862
1862 1863 1861
1863 1862 1864
1865 1857 1859
1857 1865 1866
1867 1866 1865
1866 1867 1868
1869 1870 1871
1870 1869 1872
1869 1873 1872
1873 1869 1874
1875 1876 1877
1876 1875 1878
1879 1876 1878
1880 1879 1878
1875 1880 1878
1876 1881 1877
1877 1881 1882
1883 1882 1881
1882 1883 1884
1885 1884 1883
1884 1885 1886
1887 1886 1885
1886 1887 1888
1887 1889 1888
1880 1875 1890
1891 1880 1890
1891 1890 1892
1892 1893 1891
1893 1892 1894
1895 1893 1894
1896 1893 1895
1895 1897 1896
1889 1897 1898
1897 1895 1898
1899 1900 1901
1900 1899 1902
1902 1903 1900
1903 1902 1904
1904 1905 1903
1905 1904 1906
1906 1901 1905
1901 1906 1899
1907 1908 1909
1908 1907 1910
1909 1911 1907
1911 1909 1912
1912 1913 1911
1913 1912 1914
1914 1915 1913
1915 1914 1916
1916 1917 1915
1917 1916 1918
1918 1919 1917
1919 1918 1920
1920 1921 1919
1921 1920 1922
1922 1923 1921
1923 1922 1924
1924 1925 1923
1925 1924 1926
1926 1927 1925
1927 1926 1928
1928 1929 1927
1929 1928 1930
1930 1910 1929
1910 1930 1908
1931 1932 1933
1934 1932 1931
1935 1932 1934
1936 1932 1935
1937 1932 1936
1938 1932 1937
1939 1932 1938
1940 1932 1939
1941 1932 1940
1942 1932 1941
1943 1932 1942
1933 1932 1943
1944 1945 1946
1946 1945 1947
1947 1945 1948
1948 1945 1949
1949 1945 1950
1950 1945 1951
1951 1945 1952
1952 1945 1953
1953 1945 1954
1954 1945 1955
1955 1945 1956
1956 1945 1944
1957 997 996
997 1957 1958
1959 1957 996
996 1960 1959
1960 996 993
993 1961 1960
1961 993 995
1961 995 1037
1037 1050 1961
1957 1959 1962
1047 1963 1050
1049 1963 1047
1052 1963 1049
1963 1052 1964
1052 1965 1964
1965 1052 1054
1966 1967 1968
1967 1966 1969
1970 1966 1968
1966 1970 1971
1972 1969 1966
1971 1972 1966
1969 1972 1973
1972 1971 1974
1975 1974 1971
1976 1971 1970
1976 1975 1971
1977 1975 1976
1975 1977 1978
1979 1980 1981
1982 1980 1979
1980 1982 1983
1982 1984 1983
1984 1982 1985
1986 1980 1983
1984 1986 1983
1980 1986 1987
1980 1987 1981
1986 1984 1988
1989 1988 1984
1985 1989 1984
1990 1991 1992
1991 1990 1993
1993 1994 1991
1994 1993 1995
1996 1995 1993
1995 1996 1997
1993 1998 1996
1998 1993 1990
1999 1995 1997
1999 2000 1995
2000 1994 1995
1999 2001 2000
2001 1999 2002
2003 2004 2005
2006 2004 2003
2004 2006 2007
2008 2007 2006
2007 2008 2009
2010 2004 2007
2004 2010 2011
2004 2011 2005
2007 2012 2010
2012 2007 2009
2013 2012 2009
2008 2013 2009
2014 2015 2016
2015 2014 2017
2018 2016 2015
2016 2018 2019
2016 2020 2014
2020 2016 2021
2021 2022 2020
2022 2021 2023
2021 2024 2023
2024 2021 2025
2016 2025 2021
2025 2016 2019
2026 2027 2028
2027 2026 2029
2030 2026 2028
2026 2030 2031
2032 2028 2027
2033 2032 2027
2027 2034 2033
2034 2027 2035
2034 2036 2033
2036 2034 2037
2032 2033 2038
2028 2032 2039
2039 2030 2028
2030 2039 2040
2041 2033 2036
2033 2041 2038
2042 2041 2036
2042 2036 2043
2043 2044 2042
2044 2045 2042
2045 2044 2046
2045 2046 2047
2047 2048 2045
2048 2047 2049
2049 2050 2048
2050 2049 2051
2051 2052 2050
2052 2051 2053
2054 2052 2053
2052 2054 2055
2056 2055 2054
2055 2056 2057
2058 2057 2056
2057 2058 2059
2060 2059 2058
2059 2060 2061
2062 2061 2060
2061 2062 2063
2064 2063 2062
2063 2064 2065
2066 2065 2064
2061 2067 2059
2067 2057 2059
2067 2061 2068
2063 2068 2061
2068 2063 2069
2057 2067 2070
2057 2071 2055
2071 2057 2070
2071 2052 2055
2052 2071 2072
2072 2050 2052
2050 2072 2073
2074 2063 2065
2063 2074 2069
2065 2040 2074
2040 2065 2030
2066 2030 2065
2073 2048 2050
2048 2073 2075
2075 2045 2048
2045 2075 2076
2077 2045 2076
2045 2077 2042
2041 2042 2077
2030 2066 2031
2078 2079 2080
2081 2078 2080
2081 2082 2078
2082 1345 2078
1345 1342 2078
2082 1349 1345
2083 1349 2082
2084 2083 2082
2082 2081 2084
2083 2084 1381
1381 2084 1373
2085 2084 2081
1375 2084 2085
1373 2084 1375
2078 1346 2079
2078 1342 1346
2079 1346 2086
1346 1353 2086
2087 2088 2089
2088 2087 2090
2091 2087 2089
2092 2091 2089
2091 2092 2093
2090 2094 2088
2094 2090 2095
2092 2096 2093
2096 2092 2097
2098 2096 2097
2099 2098 2097
2098 2099 2100
2101 2100 2099
2100 2101 2102
2095 2103 2094
2103 2095 2104
2105 2102 2101
2102 2105 2106
2107 2108 2109
2108 2107 2110
2108 2111 2109
2111 2108 2112
2113 2114 2115
2114 2113 2116
2117 2116 2113
2116 2117 2118
2119 2118 2117
2118 2119 2120
2121 2120 2119
2120 2121 2122
1266 2122 2121
2122 1266 1267
1267 2123 2122
2123 1267 1269
1269 2124 2123
1269 1271 2124
1272 2124 1271
2124 1272 2125
2126 2124 2125
2127 2124 2126
2128 2124 2127
2123 2124 2128
2129 2123 2128
2130 2123 2129
2131 2123 2130
2131 2122 2123
2126 2125 2132
2132 2125 2133
2133 2134 2132
2133 2135 2134
2136 2135 2133
2137 2136 2133
2136 2137 2138
2137 2139 2138
2140 2139 2137
2137 2141 2140
2141 2137 2142
2141 2142 2143
1378 2143 2142
2143 1378 1382
2143 1382 2144
1385 2144 1382
2144 1385 2145
1182 2146 2147
2146 2148 2147
2146 1209 2148
1209 2146 1193
2146 1192 1193
2146 1183 1192
1183 2146 1180
1182 1180 2146
2149 2150 2151
2149 2151 2152
2152 2153 2149
2153 2152 2154
2153 2155 2149
2155 2156 2149
2156 2157 2149
2155 2153 2158
2149 2157 2159
2159 2150 2149
2160 1322 1324
1322 2160 1318
1324 1327 2160
2161 1318 2160
1318 2161 2162
1317 1318 2162
2162 1309 1317
1309 2162 1312
2162 2161 2163
2162 1314 1312
1314 2162 2163
2163 1315 1314
2164 2165 2166
2165 2164 2167
2168 2167 2164
2167 2168 2169
2170 2169 2168
2169 2170 2171
2172 2166 2165
2166 2172 2173
2174 2171 2170
2171 2174 2175
2176 2177 2178
2177 2176 2179
2179 2180 2177
2180 2179 2181
2178 2182 2176
2182 2178 2183
2184 2185 2186
2185 2184 2187
2188 2185 2187
2185 2188 2189
2186 2190 2184
2190 2186 2191
2191 2192 2190
2192 2191 2193
2194 2189 2188
2189 2194 2195
2196 2195 2194
2195 2196 2197
2198 2199 2200
2199 2198 2201
2202 2200 2199
2200 2202 2203
2204 2205 2206
2206 2207 2204
2208 2204 2207
2207 2209 2208
2209 2207 2210
2211 2209 2210
2210 2212 2211
2212 2210 2213
2214 2212 2213
2213 2215 2214
2215 2213 2216
2216 2217 2215
2217 2216 2218
2219 2217 2218
2220 2219 2218
2219 2220 2221
2222 2221 2220
2223 2222 2220
2222 2223 2224
2225 2224 2223
2226 2225 2223
2227 2225 2226
2131 2228 1384
2228 2131 2229
2131 2230 2229
2228 1383 1384
1383 2228 2231
2231 1386 1383
2131 2130 2230
1384 2120 2131
2122 2131 2120
2120 1384 2118
1377 2118 1384
2118 1377 2116
2114 2116 1377
1371 2114 1377
1371 1363 2114
1363 2232 2114
1361 2232 1363
2232 1361 2233
1361 1359 2233
2234 2235 2236
2235 2234 2237
2238 2236 2235
2236 2238 2239
2240 2239 2238
2239 2240 2241
2242 2241 2240
2241 2242 2243
2244 2243 2242
2243 2244 2245
2246 2245 2244
2245 2246 2247
2248 2247 2246
2247 2248 2249
2250 2249 2248
2249 2250 2251
2252 2251 2250
2251 2252 2253
2254 2253 2252
2253 2254 2255
2256 2255 2254
2255 2256 2257
2258 2257 2256
2257 2258 2259
2260 2259 2258
2259 2260 2261
2262 2261 2260
2261 2262 2263
2264 2263 2262
2263 2264 2265
2266 2265 2264
2265 2266 2267
2268 2269 2270
2269 2268 2271
2272 2268 2270
2268 2272 2273
2274 2275 2276
2275 2274 2277
2237 2276 2275
2276 2237 2234
2278 2279 2280
2278 2281 2279
2279 2281 2282
2282 2283 2279
2279 2283 2284
2285 2279 2284
2286 2279 2285
2287 2279 2286
2279 2288 2280
2289 2288 2279
2279 2290 2289
2291 2290 2279
2291 2279 2292
2279 2293 2292
2294 2293 2279
2294 2279 2295
2295 2279 2296
2296 2279 2297
2279 2298 2297
2287 2298 2279
2299 2300 2301
2300 2299 2302
2303 2300 2302
2300 2303 2304
2300 2305 2301
2306 2301 2305
2301 2306 2307
2305 2300 2308
2304 2308 2300
2308 2304 2309
2310 2309 2304
2309 2310 2311
2312 2311 2310
2311 2312 2313
2314 2313 2312
2313 2314 2315
2316 2315 2314
2315 2316 2317
2318 2317 2316
2317 2318 2319
2320 2307 2306
2307 2320 2321
2322 2321 2320
2321 2322 2323
2324 2319 2318
2319 2324 2325
2326 2325 2324
2325 2326 2327
2328 2327 2326
2327 2328 2329
2330 2329 2328
2329 2330 2331
2332 2331 2330
2331 2332 2333
2334 2333 2332
2333 2334 2335
2336 2335 2334
2335 2336 2337
2338 2337 2336
2337 2338 2339
2340 2339 2338
2339 2340 2341
2323 2341 2340
2341 2323 2322
2342 2343 2344
2343 2342 2345
2346 2347 2348
2347 2346 2349
2350 2351 2352
2351 2350 2353
2354 2352 2351
2352 2354 2355
2356 2355 2354
2355 2356 2357
2358 2357 2356
2357 2358 2359
2360 2359 2358
2359 2360 2361
2362 2361 2360
2361 2362 2363
2364 2363 2362
2363 2364 2365
2366 2365 2364
2365 2366 2367
2368 2367 2366
2367 2368 2369
2370 2369 2368
2369 2370 2371
2372 2371 2370
2371 2372 2373
2374 2373 2372
2373 2374 2375
2376 2375 2374
2375 2376 2377
2378 2377 2376
2377 2378 2379
2380 2379 2378
2379 2380 2381
2382 2381 2380
2381 2382 2383
2384 2383 2382
2383 2384 2385
2386 2385 2384
2385 2386 2387
2388 2387 2386
2387 2388 2389
2353 2389 2388
2389 2353 2350
2390 2391 2392
2391 2390 2393
2394 2395 2396
2395 2394 2397
2397 2398 2395
2398 2397 2399
2399 2400 2398
2400 2399 2401
2402 2395 2398
2403 2402 2398
2402 2403 2404
2397 2405 2399
2405 2406 2399
2406 2405 2407
2408 2409 2410
2409 2408 2411
2412 2413 2414
2413 2412 2415
2414 2416 2412
2412 2416 2417
2418 2417 2416
2417 2418 2419
2416 2414 2420
2421 2416 2420
2416 2421 2422
2420 2414 2423
2423 2424 2420
2424 2423 2425
2426 2427 2428
2427 2426 2429
2430 2426 2428
2426 2430 2431
2432 2433 2434
2433 2432 2435
2432 2436 2435
2436 2432 2437
2438 2439 2440
2439 2438 2441
2442 2443 2444
2443 2442 2445
2446 2447 2448
2447 2446 2449
2450 2451 2452
2451 2450 2453
2454 2455 2456
2455 2454 2457
2458 2459 2460
2459 2458 2461
2462 2463 2464
2463 2462 2465
2466 2467 2468
2467 2466 2469
2470 2471 2472
2471 2470 2473
2473 2474 2471
2474 2473 2475
2475 2476 2474
2476 2475 2477
2477 2478 2476
2478 2477 2479
2479 2480 2478
2480 2479 2481
2481 2482 2480
2482 2481 2483
2483 2484 2482
2484 2483 2485
2485 2486 2484
2486 2485 2487
2487 2488 2486
2488 2487 2489
2489 2490 2488
2490 2489 2491
2491 2492 2490
2492 2491 2493
2493 2472 2492
2472 2493 2470
2481 2494 2483
2494 2481 2495
2483 2496 2485
2496 2483 2494
2485 2497 2487
2497 2485 2496
2487 2498 2489
2498 2487 2497
2489 2499 2491
2499 2489 2498
2491 2500 2493
2500 2491 2499
2493 2501 2470
2501 2493 2500
2502 2470 2501
2470 2502 2473
2503 2473 2502
2473 2503 2475
2504 2475 2503
2475 2504 2477
2505 2477 2504
2477 2505 2479
2495 2479 2505
2479 2495 2481
2506 2507 2508
2507 2506 2509
2507 2510 2508
2510 2511 2508
2511 2510 2512
2513 2511 2512
2511 2513 2514
2513 2515 2514
2515 2516 2514
2516 2515 2517
2518 2516 2517
2516 2518 2519
2518 2520 2519
2520 2521 2519
2521 2520 2522
2523 2521 2522
2521 2523 2524
2523 2525 2524
2525 2506 2524
2506 2525 2509
2526 2527 2528
2527 2526 2529
2530 2528 2527
2528 2530 2531
2532 2531 2530
2531 2532 2533
2534 2533 2532
2533 2534 2535
2536 2537 2538
2537 2536 2539
2540 2538 2537
2538 2540 2541
2542 2541 2540
2541 2542 2543
2544 2543 2542
2543 2544 2545
2546 2547 2548
2547 2546 2549
2546 2550 2549
2550 2546 2551
2547 2552 2548
2552 2547 2553
2553 2554 2552
2554 2553 2555
2555 2556 2554
2556 2555 2557
2557 2558 2556
2558 2557 2559
2559 2560 2558
2560 2559 2561
2562 2560 2561
2560 2562 2563
2564 2563 2562
2563 2564 2565
2566 2565 2564
2565 2566 2567
2568 2567 2566
2567 2568 2569
2568 2570 2569
2570 2568 2571
2571 2572 2570
2572 2571 2573
2573 2574 2572
2574 2573 2575
2576 2577 2578
2577 2579 2578
2580 2579 2577
2579 2580 2581
2582 2581 2580
2581 2582 2583
2584 2583 2582
2585 2583 2584
2585 2586 2583
2586 2585 2587
2587 2588 2586
2588 2587 2589
2587 2590 2589
2590 2587 2591
2585 2591 2587
2592 2589 2590
2588 2589 2593
2591 2585 2594
2595 2594 2585
2596 2594 2595
2596 2597 2594
2597 2596 2598
2598 2599 2597
2599 2598 2600
2599 2600 2601
2601 2600 2602
2592 2603 2589
2593 2589 2604
2589 2603 2605
2604 2589 2605
2606 2607 2608
2608 2607 2609
2609 2607 2610
2610 2607 2611
2612 2607 2606
2613 2607 2612
2607 2613 2614
2615 2614 2613
2614 2615 2616
2617 2616 2615
2616 2617 2618
2619 2616 2618
2616 2619 2620
2620 2614 2616
2621 2618 2617
2619 2618 2622
2614 2620 2623
2623 2607 2614
2607 2623 2624
2611 2607 2624
2622 2618 2625
2625 2618 2626
2618 2627 2626
2621 2627 2618
2628 2629 2630
2629 2628 2631
2632 2628 2630
2628 2632 2633
2631 2634 2629
2631 2635 2634
2635 2631 2636
2633 2632 2637
2637 2638 2633
2638 2637 2639
2640 2641 2642
2641 2640 2643
2644 2642 2641
2642 2644 2645
2646 2645 2644
2645 2646 2647
2648 2647 2646
2647 2648 2649
2650 2649 2648
2649 2650 2651
2650 2652 2651
2652 2650 2653
2653 2654 2652
2654 2653 2655
2655 2656 2654
2656 2655 2657
2657 2658 2656
2658 2657 2659
2659 2660 2658
2660 2659 2661
2661 2662 2660
2662 2661 2663
2643 2662 2663
2662 2643 2640
2664 2665 2666
2665 2667 2666
2667 2668 2666
2668 2669 2666
2669 2670 2666
2670 2671 2666
2671 2672 2666
2672 2673 2666
2673 2674 2666
2674 2675 2666
2675 2676 2666
2676 2664 2666
2677 2678 2679
2678 2677 2680
2679 2681 2677
2681 2679 2682
2683 2678 2680
2678 2683 2684
2682 2685 2681
2685 2682 2686
2687 2684 2683
2684 2687 2688
2689 2690 2691
2690 2689 2692
2693 2691 2690
2691 2693 2694
2695 2694 2693
2694 2695 2696
2689 2697 2692
2697 2689 2698
2698 2699 2697
2699 2698 2700
2701 2702 2703
2702 2701 2704
2705 2702 2704
2702 2705 2706
2707 2708 2709
2708 2710 2709
2710 2711 2709
2711 2710 2712
2712 2713 2711
2713 2712 2714
2714 2715 2713
2715 2714 2716
2715 2716 2717
2707 2718 2708
2718 2707 2719
2720 2718 2719
2718 2720 2721
2722 2719 2707
2720 2719 2722
2723 2721 2720
2723 2724 2721
2725 2724 2723
2724 2725 2726
2727 2726 2725
2728 2727 2725
2729 2727 2728
2717 2730 2729
2727 2729 2730
2731 2732 2733
2732 2731 2734
2735 2734 2731
2734 2735 2736
2737 2736 2735
2736 2737 2738
2733 2738 2737
2738 2733 2732
2739 2740 2741
2740 2739 2742
2743 2741 2740
2741 2743 2744
2745 2744 2743
2744 2745 2746
2747 2746 2745
2746 2747 2748
2749 2748 2747
2748 2749 2750
2751 2750 2749
2750 2751 2752
2753 2752 2751
2752 2753 2754
2755 2754 2753
2754 2755 2756
2757 2756 2755
2756 2757 2758
2759 2758 2757
2758 2759 2760
2761 2760 2759
2760 2761 2762
2742 2762 2761
2762 2742 2739
2763 2764 2765
2766 2763 2765
2767 2766 2765
2768 2767 2765
2769 2768 2765
2770 2769 2765
2771 2770 2765
2772 2771 2765
2773 2772 2765
2774 2773 2765
2775 2774 2765
2764 2775 2765
2776 2777 2778
2777 2779 2778
2779 2780 2778
2780 2781 2778
2781 2782 2778
2782 2783 2778
2783 2784 2778
2784 2785 2778
2785 2786 2778
2786 2787 2778
2787 2788 2778
2788 2776 2778
2789 2790 2791
2790 2789 2792
2789 2793 2792
2793 2789 2794
2791 2795 2789
2795 2794 2789
2795 2791 2796
2794 2795 2797
2798 2794 2797
2799 2793 2794
2799 2794 2798
2798 2800 2799
2800 2798 2801
2802 2803 2804
2804 2805 2802
2805 2804 2806
2807 2805 2806
2805 2807 2808
2804 2809 2806
2809 2807 2806
2809 2804 2810
2804 2803 2810
2807 2809 2811
2812 2807 2811
2808 2807 2812
2813 2814 2815
2814 2813 2816
2817 2815 2814
2815 2817 2818
2818 2819 2815
2819 2818 2820
2821 2815 2819
2815 2821 2813
2822 2820 2818
2822 2818 2823
2823 2818 2817
2824 2822 2823
2822 2824 2825
2826 2827 2828
2828 2829 2826
2829 2828 2830
2830 2831 2829
2831 2830 2832
2828 2833 2830
2833 2828 2834
2828 2827 2834
2835 2830 2833
2830 2835 2832
2836 2832 2835
2831 2832 2836
