byte offset: 0
first index: 0
index count: 10614
topology: trianglelist
format: DXGI_FORMAT_R16_UINT

0 1 2
2 1 3
2 4 0
4 2 5
6 0 4
2 7 5
3 7 2
6 4 8
9 6 8
10 7 3
10 11 7
8 4 12
12 4 5
13 8 12
14 8 13
15 7 11
7 15 5
15 11 16
14 17 8
9 8 17
9 17 18
17 14 19
17 19 20
18 17 20
18 20 21
21 22 18
16 11 23
11 24 23
25 24 11
25 11 10
24 26 23
24 27 26
28 27 24
28 24 25
28 29 27
29 28 30
28 25 31
32 28 31
28 32 30
31 33 32
34 32 33
35 34 33
34 35 36
33 37 35
36 38 34
39 34 38
34 39 40
32 40 30
32 34 40
39 38 41
38 42 41
42 38 36
42 43 41
43 44 41
43 45 44
45 43 46
42 46 43
42 36 46
46 36 47
35 47 36
48 47 35
49 47 48
46 47 49
48 50 49
46 49 50
46 50 45
50 48 51
48 52 51
51 52 53
54 45 50
54 50 55
53 55 51
50 51 55
53 56 55
55 57 54
58 56 53
58 53 52
48 35 52
58 52 35
59 57 55
59 55 56
59 56 60
60 56 61
56 58 61
61 58 37
58 35 37
62 54 63
63 18 62
45 54 62
45 62 64
62 22 64
62 18 22
9 18 63
45 64 44
65 66 67
66 68 67
67 69 65
69 70 65
70 69 71
69 72 71
68 73 67
69 73 72
67 73 69
74 75 76
77 75 74
78 75 77
79 77 74
80 81 82
81 83 82
84 85 86
87 88 89
90 91 92
91 93 92
94 95 96
97 98 99
100 101 102
101 103 102
104 100 102
105 103 101
106 105 101
105 106 107
107 106 108
109 100 104
110 111 112
111 113 112
114 112 113
115 114 113
115 116 114
116 117 114
116 118 117
118 119 117
120 121 122
121 123 122
123 124 122
124 125 122
125 124 126
124 127 126
123 121 128
129 123 128
129 130 123
130 124 123
127 124 130
131 127 130
132 133 134
133 135 134
132 136 133
136 137 133
133 137 138
135 133 138
137 139 138
140 135 138
135 140 141
142 135 141
134 135 142
143 134 142
144 145 146
147 144 146
148 149 150
148 151 149
148 152 151
153 154 155
153 156 154
156 157 154
158 159 160
159 161 160
161 159 162
159 163 162
164 158 160
165 164 160
162 163 166
167 162 166
168 169 170
169 171 170
172 173 174
173 175 174
176 175 173
177 176 173
178 179 180
179 181 180
180 181 182
181 183 182
182 183 184
183 185 184
184 185 186
185 187 186
188 186 187
188 189 186
190 191 192
191 193 192
194 192 193
195 194 193
194 195 196
195 197 196
196 197 198
197 199 198
200 201 202
201 203 202
204 205 206
205 207 206
208 209 210
209 211 210
212 213 214
213 215 214
216 217 218
217 219 218
218 219 220
219 221 220
221 222 220
222 223 220
222 221 224
221 225 224
219 226 221
226 225 221
217 227 219
227 226 219
228 229 230
229 231 230
228 230 232
233 228 232
234 231 229
235 234 229
231 234 236
237 231 236
230 231 238
231 237 238
232 230 239
230 238 239
240 241 242
242 241 243
244 245 246
245 247 246
248 249 250
249 251 250
251 252 250
252 253 250
254 249 248
255 254 248
252 256 253
256 257 253
249 254 258
259 249 258
251 249 259
260 256 252
261 260 252
261 252 251
262 261 251
262 251 259
263 264 265
264 266 265
265 267 263
267 268 263
264 269 266
269 270 266
269 271 270
271 272 270
273 274 275
275 274 276
277 274 273
278 274 277
279 280 281
282 280 279
283 284 285
284 286 285
287 288 289
290 287 289
291 292 293
292 294 293
295 296 297
296 298 297
295 297 299
300 295 299
299 301 300
301 302 300
303 304 305
303 306 304
307 308 309
308 310 309
311 312 313
311 314 312
315 316 317
315 317 318
318 317 319
315 318 320
321 315 320
322 323 324
323 325 324
325 323 326
323 327 326
326 327 328
327 329 328
328 329 330
331 328 330
330 332 331
333 334 335
335 334 336
334 333 337
338 337 333
338 339 337
334 340 336
334 341 340
339 338 342
343 339 342
343 344 339
345 346 347
346 348 347
347 348 349
347 350 345
351 345 350
351 350 352
347 349 353
354 351 352
354 352 355
356 355 352
357 358 359
358 360 359
361 360 358
361 362 360
361 363 362
363 364 362
363 365 364
365 366 364
364 366 367
357 359 368
368 359 369
370 371 372
371 373 372
372 373 374
375 372 374
375 374 376
374 377 376
376 377 378
379 371 370
380 379 370
381 382 383
383 382 384
383 384 385
384 386 385
387 382 381
388 387 381
388 389 387
386 384 390
389 388 391
389 391 392
393 389 392
394 395 396
394 397 395
394 398 397
394 399 398
400 401 402
400 403 401
404 401 403
400 402 405
403 400 405
404 403 405
406 407 408
406 408 409
410 411 412
411 410 413
411 414 412
411 413 415
416 417 418
417 419 418
416 418 420
418 421 420
422 423 424
423 425 424
422 426 423
426 427 423
428 429 430
429 431 430
428 430 432
430 433 432
434 435 436
435 437 436
437 435 438
435 439 438
440 441 442
441 443 442
440 442 444
442 445 444
446 447 448
447 449 448
449 450 448
450 451 448
452 453 454
453 452 455
455 456 453
457 456 455
455 458 457
458 459 457
460 461 462
460 463 461
462 464 460
465 460 464
460 466 463
467 466 460
468 460 465
460 468 467
469 470 471
470 472 471
473 474 475
474 476 475
477 474 473
478 474 477
479 478 477
479 480 478
480 481 478
482 481 480
481 482 483
484 481 483
485 486 487
486 488 487
486 485 489
490 486 489
491 490 489
490 491 492
493 490 492
488 494 487
488 495 494
495 496 494
497 498 499
498 500 499
497 499 501
502 497 501
503 502 501
502 503 504
505 502 504
505 504 506
507 505 506
508 507 506
509 510 511
512 511 510
512 510 513
510 514 513
513 514 515
516 513 515
513 516 517
518 513 517
519 518 514
510 519 514
519 510 509
513 520 512
518 520 513
521 512 520
521 511 512
518 522 520
521 520 522
522 518 523
523 524 522
524 521 522
519 509 525
526 527 528
527 529 528
530 527 526
531 530 526
532 530 531
533 532 531
532 533 534
533 535 534
536 526 528
537 531 526
536 537 526
533 531 538
539 533 538
539 538 540
539 540 541
542 539 541
543 536 528
528 529 544
545 540 538
546 545 538
547 546 538
540 545 548
545 549 548
536 543 550
551 550 543
551 543 552
552 543 553
544 553 543
553 554 552
555 552 554
552 556 551
552 555 556
557 551 556
528 544 543
556 555 558
556 558 559
559 560 556
556 560 557
559 558 561
559 561 562
563 559 562
560 559 563
563 562 564
565 563 564
565 564 566
567 565 566
566 568 567
568 569 567
560 563 570
570 563 565
571 572 573
571 574 572
571 573 575
571 575 576
577 578 579
578 580 579
579 580 581
580 582 581
582 583 581
583 584 581
584 583 585
583 586 585
586 587 585
587 588 585
578 577 589
590 578 589
590 589 591
592 590 591
592 591 593
591 594 593
593 594 595
595 588 587
596 593 595
596 595 587
597 598 599
600 597 599
601 597 600
597 601 602
603 597 602
604 598 597
605 604 597
606 605 597
597 607 606
603 607 597
608 609 610
608 611 609
608 612 611
608 613 612
608 614 613
608 615 614
615 608 616
608 617 616
608 618 617
608 610 618
619 620 621
621 620 622
622 620 623
623 620 624
624 620 625
625 620 626
626 620 627
627 620 628
628 620 619
629 630 631
630 632 631
632 633 631
633 634 631
634 635 631
635 636 631
636 637 631
637 638 631
638 629 631
639 640 641
640 642 641
640 643 642
643 644 642
643 645 644
645 646 644
645 647 646
647 648 646
648 647 649
650 648 649
649 651 650
651 652 650
653 652 651
651 654 653
655 656 657
656 658 657
659 657 658
660 659 658
661 659 660
662 661 660
656 655 663
655 664 663
663 664 665
664 666 665
665 666 667
666 668 667
669 667 668
667 669 670
671 672 673
674 671 673
674 673 675
675 673 676
675 676 677
672 671 678
679 680 681
681 680 682
683 681 682
682 684 683
684 685 683
686 685 684
681 687 679
688 680 679
679 689 688
689 679 690
679 691 690
692 680 688
693 692 688
694 692 693
695 694 693
696 694 695
690 691 697
691 698 697
697 698 699
698 700 699
700 701 699
702 700 698
700 702 703
704 702 698
698 691 704
691 705 704
705 691 679
687 705 679
706 692 694
692 706 707
680 692 707
680 707 682
707 708 682
684 682 708
709 684 708
709 710 684
710 711 684
712 711 710
707 713 708
708 713 714
714 709 708
709 714 715
710 709 716
709 715 716
710 716 717
716 718 717
717 718 719
719 718 720
718 721 720
707 722 713
723 703 724
723 724 701
700 723 701
723 700 703
701 725 699
702 726 703
727 728 729
729 728 694
728 730 694
730 706 694
731 706 730
730 732 731
732 730 733
730 728 733
728 734 733
734 735 733
706 731 736
734 737 735
735 737 738
737 739 738
740 741 742
743 740 742
743 742 744
745 743 744
745 744 746
745 746 747
745 747 748
749 748 747
740 750 741
749 751 748
752 753 754
755 753 752
755 756 753
757 756 755
757 758 756
757 759 758
752 754 760
757 761 759
762 763 764
763 765 764
766 763 762
767 766 762
768 766 767
769 768 767
768 769 770
769 771 770
770 771 772
773 774 775
774 776 775
774 777 776
777 778 776
779 778 777
779 780 778
780 779 781
782 783 784
782 785 783
786 783 785
786 787 783
788 789 790
790 789 791
789 792 791
793 789 788
792 789 793
794 792 793
795 794 793
796 795 793
797 796 793
797 793 788
796 798 795
796 799 798
800 798 799
800 799 801
802 800 801
803 802 801
804 803 801
803 804 805
806 805 804
806 807 805
807 806 808
806 809 808
809 810 808
810 811 808
810 812 811
808 811 813
814 807 808
814 808 813
813 811 815
811 812 815
803 805 816
817 818 819
818 820 819
819 820 821
822 820 818
820 822 821
823 822 818
824 822 823
824 825 822
822 825 821
819 826 817
819 827 826
819 821 827
828 829 830
828 830 831
832 829 828
833 832 828
833 834 832
834 835 832
836 835 834
836 834 837
837 834 838
834 833 838
828 831 838
833 828 838
839 840 841
842 843 844
844 845 842
846 845 844
844 843 847
843 848 847
848 849 847
849 850 847
846 844 851
850 849 852
853 854 855
855 854 856
854 857 856
856 857 858
857 859 858
855 860 853
861 853 860
862 863 864
863 862 865
866 863 865
863 867 864
864 867 868
868 867 869
869 867 870
866 871 863
870 872 869
870 873 872
872 873 874
874 875 872
875 874 876
877 875 876
876 878 877
877 878 879
880 881 882
881 883 882
880 882 884
880 885 881
885 886 881
881 887 883
888 886 885
889 888 885
889 890 888
882 883 891
891 883 887
892 882 891
892 893 882
893 884 882
892 891 894
891 895 894
895 896 894
896 897 894
896 898 897
899 900 901
900 902 901
899 903 900
899 904 903
905 903 904
906 905 904
901 902 907
908 904 899
904 908 906
909 908 899
909 899 901
909 901 910
908 911 906
911 908 912
911 912 913
908 914 912
915 914 908
908 909 915
910 915 909
912 914 916
912 917 913
917 912 916
916 918 917
919 917 918
920 917 919
917 920 913
921 920 919
921 919 922
919 923 922
923 919 924
919 925 924
925 919 918
926 915 910
910 927 926
910 928 927
928 910 929
910 901 929
929 930 928
927 928 930
931 927 930
931 930 932
933 931 932
929 934 930
932 930 934
934 929 907
907 929 901
924 925 935
936 907 902
937 936 902
938 936 937
939 938 937
938 939 940
941 940 939
939 942 941
942 943 941
943 944 941
944 943 945
946 944 945
947 944 946
947 948 944
948 947 949
949 947 950
951 949 950
951 950 952
953 951 952
954 953 952
955 954 952
946 945 956
956 957 946
958 957 956
947 946 959
947 959 950
952 950 959
959 946 957
960 959 957
952 960 955
960 952 959
960 961 955
962 948 963
964 962 963
965 964 963
964 965 966
967 964 966
967 968 964
968 962 964
967 969 968
969 970 968
965 971 966
972 969 967
972 967 973
967 966 973
966 971 973
973 971 974
971 975 974
975 976 974
974 976 977
977 973 974
978 977 976
979 978 976
978 979 980
979 981 980
981 982 980
982 983 980
984 978 980
983 985 980
985 986 980
984 980 986
973 977 987
973 987 988
977 989 987
978 984 989
989 977 978
990 986 985
984 986 991
992 993 988
993 972 988
988 972 973
993 992 994
993 994 995
995 996 993
996 969 993
972 993 969
996 995 997
994 997 995
994 998 997
999 997 998
1000 999 998
996 997 1001
1001 997 999
1001 1002 996
969 996 1002
999 1003 1001
1002 970 969
1002 1004 970
940 970 1004
970 940 941
1005 940 1004
1005 938 940
970 941 968
941 962 968
941 944 962
948 962 944
906 911 1006
1006 911 913
1007 1008 1009
1008 1010 1009
1008 1011 1010
1011 1012 1010
1011 1013 1012
1011 1014 1013
1015 1013 1014
1015 1014 1016
1015 1016 1017
1018 1017 1016
1019 1018 1016
1020 1018 1019
1020 1019 1021
1020 1021 1022
1023 1022 1021
1024 1023 1021
1023 1024 1025
1024 1026 1025
900 1027 902
1027 900 1028
900 903 1028
1028 903 1029
903 905 1029
1028 1029 1030
1031 1028 1030
1028 1031 1027
1027 1031 943
942 1027 943
943 1031 945
1031 1032 945
1033 1031 1030
1033 1032 1031
1032 1034 945
956 945 1034
1034 1032 1035
1036 1034 1035
1037 1035 1032
1033 1037 1032
1038 1035 1037
1033 1039 1037
1039 1033 1040
1030 1040 1033
1041 1039 1040
1042 1039 1041
1037 1039 1042
1037 1042 1038
1043 1042 1041
1043 1044 1042
1044 1045 1042
1042 1045 1038
1045 1046 1038
939 1027 942
1027 939 937
1027 937 902
1047 1048 1049
1048 1050 1049
1048 1047 1051
1051 1047 1052
1053 1051 1052
1054 1048 1051
1055 1051 1053
1054 1051 1055
1056 1055 1053
1057 1056 1053
1058 1057 1053
1058 1053 1052
1059 1054 1055
1055 1060 1059
1060 1055 1056
1060 1061 1059
1060 1062 1061
1062 1060 1063
1062 1063 1064
1065 1062 1064
1060 1066 1063
1066 1060 1056
1063 1066 1067
1066 1068 1067
1066 1056 1068
1056 1057 1068
1062 1069 1061
1062 1065 1069
1065 1070 1069
1064 1063 1071
1063 1067 1071
1072 1058 1052
1072 1052 1073
1052 1074 1073
1075 1073 1074
1074 1052 1047
1049 1074 1047
1076 1074 1049
1074 1076 1075
1077 1076 1049
1050 1077 1049
1078 1079 1080
1079 1081 1080
1079 1078 1082
1078 1083 1082
1084 1081 1079
1085 1084 1079
1086 1084 1085
1087 1086 1085
1088 1087 1085
1089 1088 1085
1085 1079 1089
1079 1082 1089
1088 1089 1090
1091 1088 1090
1092 1082 1083
1090 1089 1092
1089 1082 1092
1093 1092 1083
1094 1088 1091
1088 1094 1087
1095 1094 1091
1094 1096 1087
1086 1087 1097
1087 1096 1097
1097 1096 1098
1096 1099 1098
1096 1094 1099
1094 1100 1099
1094 1095 1100
1101 1099 1100
1102 1101 1100
1100 1103 1102
1095 1103 1100
1103 1104 1102
1101 1105 1099
1105 1098 1099
1093 1083 1106
1083 1107 1106
1107 1083 1108
1083 1078 1108
1109 1108 1078
1109 1078 1080
1110 1111 1112
1113 1112 1111
1113 1111 1114
1115 1113 1114
1116 1110 1112
1116 1112 1117
1116 1118 1110
1116 1119 1118
1118 1120 1110
1120 1118 1121
1122 1120 1121
1123 1122 1121
1124 1125 1126
1125 1127 1126
1127 1128 1126
1127 1129 1128
1129 1130 1128
1130 1129 1131
1132 1130 1131
1133 1132 1131
1125 1124 1134
1135 1125 1134
1135 1134 1136
1135 1136 1137
1136 1138 1137
1137 1138 1139
1138 1140 1139
1140 1141 1139
1141 1140 1142
1143 1141 1142
1144 1141 1143
1145 1132 1133
1145 1133 1146
1147 1146 1133
1148 1149 1150
1149 1151 1150
1151 1149 1152
1149 1153 1152
1149 1154 1153
1148 1154 1149
1154 1155 1153
1151 1156 1150
1156 1151 1157
1158 1157 1151
1151 1159 1158
1159 1151 1160
1160 1151 1152
1161 1159 1160
1158 1162 1157
1163 1162 1158
1162 1164 1157
1164 1165 1157
1157 1165 1166
1167 1157 1166
1167 1156 1157
1163 1158 1168
1158 1159 1168
1163 1168 1169
1170 1163 1169
1171 1170 1169
1172 1165 1164
1166 1165 1172
1173 1172 1164
1174 1172 1173
1175 1174 1173
1175 1176 1174
1177 1176 1175
1178 1177 1175
1179 1177 1178
1176 1180 1174
1181 1174 1180
1174 1181 1172
1182 1181 1180
1183 1182 1180
1184 1181 1182
1184 1185 1181
1185 1184 1186
1185 1186 1154
1186 1155 1154
1187 1181 1185
1185 1148 1187
1185 1154 1148
1181 1187 1188
1172 1181 1188
1189 1172 1188
1189 1166 1172
1190 1191 1192
1193 1190 1192
1194 1193 1192
1195 1196 1197
1195 1197 1198
1195 1198 1199
1200 1201 1202
1201 1203 1202
1203 1204 1202
1204 1203 1205
1206 1204 1205
1207 1204 1206
1208 1207 1206
1206 1209 1208
1209 1210 1208
1209 1206 1211
1206 1205 1211
1208 1212 1207
1212 1213 1207
1208 1210 1214
1212 1208 1214
1209 1211 1215
1215 1216 1209
1209 1216 1210
1215 1217 1216
1217 1218 1216
1215 1211 1219
1211 1220 1219
1221 1218 1217
1221 1217 1222
1221 1223 1218
1223 1221 1224
1221 1225 1224
1221 1226 1225
1221 1222 1226
1226 1227 1225
1225 1227 1228
1227 1229 1228
1225 1228 1230
1229 1231 1228
1231 1232 1228
1232 1233 1228
1228 1233 1230
1223 1224 1234
1224 1235 1234
1218 1223 1234
1236 1218 1234
1216 1218 1236
1237 1216 1236
1238 1230 1233
1239 1238 1233
1233 1240 1239
1232 1240 1233
1240 1241 1239
1241 1240 1242
1240 1243 1242
1232 1243 1240
1244 1242 1243
1245 1244 1243
1244 1245 1246
1245 1247 1246
1245 1243 1211
1248 1245 1211
1245 1248 1247
1248 1249 1247
1247 1249 1250
1249 1251 1250
1244 1252 1242
1244 1246 1253
1244 1253 1252
1246 1254 1253
1211 1243 1232
1255 1211 1232
1256 1242 1252
1256 1241 1242
1257 1241 1256
1257 1239 1241
1258 1239 1257
1258 1238 1239
1259 1250 1251
1259 1260 1250
1260 1261 1250
1260 1262 1261
1263 1262 1260
1261 1264 1250
1250 1264 1247
1264 1246 1247
1264 1265 1246
1266 1246 1265
1267 1246 1266
1266 1268 1267
1267 1268 1269
1268 1262 1269
1262 1263 1269
1267 1254 1246
1270 1271 1272
1271 1273 1272
1274 1273 1271
1274 1271 1275
1274 1275 1207
1275 1276 1207
1277 1207 1276
1207 1213 1274
1207 1277 1204
1277 1202 1204
1277 1278 1202
1278 1279 1202
1272 1279 1270
1278 1270 1279
1200 1202 1279
1280 1281 1282
1281 1283 1282
1283 1281 1284
1285 1283 1284
1284 1286 1285
1286 1287 1285
1287 1286 1288
1286 1289 1288
1290 1291 1292
1291 1293 1292
1290 1292 1294
1292 1295 1294
1294 1295 1296
1295 1297 1296
1296 1297 1298
1297 1299 1298
1300 1301 1302
1301 1303 1302
1304 1302 1303
1304 1305 1302
1304 1306 1305
1306 1307 1305
1308 1305 1307
1308 1309 1305
1309 1310 1305
1310 1302 1305
1300 1302 1310
1309 1311 1310
1311 1312 1310
1312 1300 1310
1311 1313 1312
1314 1308 1307
1315 1311 1309
1316 1312 1313
1317 1312 1316
1316 1318 1317
1318 1319 1317
1320 1319 1318
1319 1321 1317
1321 1319 1322
1319 1323 1322
1323 1324 1322
1323 1319 1325
1326 1322 1324
1326 1324 1327
1328 1326 1327
1326 1328 1329
1330 1329 1328
1329 1330 1331
1328 1327 1332
1214 1210 1333
1210 1237 1333
1333 1237 1334
1237 1236 1334
1334 1236 1234
1234 1335 1334
1335 1234 1336
1234 1235 1336
1216 1237 1210
1337 1338 1339
1338 1340 1339
1338 1341 1340
1341 1342 1340
1342 1341 1343
1344 1342 1343
1345 1346 1347
1346 1348 1347
1348 1349 1347
1349 1350 1347
1351 1346 1345
1352 1351 1345
1353 1351 1352
1354 1353 1352
1229 1355 1356
1229 1356 1231
1356 1357 1231
1229 1227 1355
1355 1227 1226
1355 1226 1358
1222 1358 1226
1358 1222 1359
1360 1361 1362
1363 1360 1362
1362 1364 1363
1364 1365 1363
1364 1362 1366
1361 1366 1362
1367 1364 1366
1368 1367 1366
1369 1368 1366
1363 1370 1360
1369 1366 1371
1366 1361 1371
1372 1369 1371
1368 1369 1373
1369 1374 1373
1369 1372 1375
1370 1363 1376
1376 1363 1365
1377 1376 1365
1376 1377 1378
1379 1376 1378
1370 1376 1379
1380 1377 1365
1381 1377 1380
1382 1381 1380
1383 1378 1377
1375 1384 1369
1369 1384 1374
1383 1377 1385
1385 1377 1381
1370 1386 1360
1386 1387 1360
1388 1389 1390
1389 1391 1390
1388 1390 1392
1393 1392 1390
1394 1393 1390
1394 1390 1391
1395 1388 1392
1396 1393 1394
1397 1396 1394
1394 1398 1397
1398 1394 1391
1398 1399 1397
1398 1400 1399
1401 1400 1398
1401 1398 1391
1402 1401 1391
1403 1402 1391
1397 1404 1396
1404 1397 1405
1405 1397 1399
1406 1404 1405
1407 1406 1405
1404 1408 1396
1396 1408 1409
1410 1406 1407
1410 1411 1406
1410 1407 1412
1412 1413 1410
1410 1413 1414
1415 1410 1414
1410 1415 1411
1416 1415 1414
1416 1414 1417
1418 1416 1417
1414 1419 1417
1418 1417 1420
1420 1417 1421
1421 1417 1422
1417 1419 1422
1419 1423 1422
1423 1424 1422
1425 1424 1423
1425 1426 1424
1426 1427 1424
1426 1428 1427
1428 1429 1427
1428 1430 1429
1431 1429 1430
1432 1429 1431
1433 1432 1431
1433 1431 1434
1435 1433 1434
1434 1436 1435
1436 1437 1435
1436 1438 1437
1438 1439 1437
1431 1440 1434
1431 1430 1440
1440 1441 1434
1434 1441 1442
1443 1435 1437
1444 1443 1437
1444 1437 1445
1437 1439 1445
1443 1446 1435
1446 1433 1435
1446 1396 1433
1396 1432 1433
1396 1421 1432
1447 1421 1396
1421 1448 1432
1429 1432 1448
1427 1429 1448
1424 1427 1448
1422 1424 1448
1421 1422 1448
1442 1449 1450
1451 1450 1449
1452 1451 1449
1452 1439 1451
1438 1451 1439
1450 1453 1442
1442 1453 1434
1453 1454 1434
1436 1434 1454
1455 1456 1388
1456 1457 1388
1457 1456 1458
1459 1458 1456
1457 1389 1388
1458 1459 1460
1459 1461 1460
1461 1403 1460
1403 1462 1460
1403 1391 1462
1462 1391 1463
1389 1463 1391
1455 1388 1395
1464 1465 1466
1465 1467 1466
1466 1467 1468
1467 1469 1468
1468 1469 1470
1471 1468 1470
1472 1465 1464
1473 1472 1464
1474 1475 1476
1475 1477 1476
1474 1476 1478
1479 1474 1478
1475 1480 1477
1480 1481 1477
1482 1481 1480
1483 1482 1480
1484 1485 1486
1486 1485 1487
1488 1487 1485
1488 1485 1489
1490 1488 1489
1491 1490 1489
1491 1489 1492
1493 1491 1492
1494 1492 1489
1495 1494 1489
1495 1489 1485
1484 1495 1485
1496 1494 1495
1497 1496 1495
1497 1495 1484
1496 1497 1498
1499 1494 1496
1497 1500 1498
1500 1497 1501
1501 1502 1500
1502 1501 1503
1504 1502 1503
1501 1505 1503
1505 1506 1503
1506 1507 1503
1507 1508 1503
1506 1509 1507
1510 1509 1506
1510 1511 1509
1511 1510 1512
1510 1513 1512
1514 1512 1513
1513 1515 1514
1516 1511 1512
1400 1517 1399
1399 1517 1518
1405 1399 1518
1517 1519 1518
1518 1519 1520
1405 1518 1520
1521 1520 1519
1519 1522 1521
1522 1523 1521
1521 1523 1524
1407 1405 1520
1407 1520 1521
1412 1407 1521
1412 1521 1413
1521 1524 1413
1525 1526 1527
1526 1528 1527
1526 1525 1529
1525 1530 1529
1529 1530 1531
1530 1532 1531
1533 1534 1535
1534 1536 1535
1536 1534 1537
1534 1538 1537
1535 1539 1533
1539 1540 1533
1539 1541 1540
1541 1542 1540
1418 1543 1544
1418 1420 1543
1543 1420 1545
1418 1544 1416
1544 1415 1416
1544 1546 1415
1411 1415 1546
1546 1547 1411
1548 1549 1550
1551 1549 1548
1550 1549 1552
1553 1549 1551
1552 1549 1553
1554 1553 1551
1555 1552 1553
1555 1556 1552
1556 1557 1552
1558 1552 1557
1558 1550 1552
1559 1558 1557
1556 1560 1557
1560 1561 1557
1557 1561 1562
1563 1557 1562
1563 1559 1557
1554 1551 1564
1554 1564 1565
1565 1564 1566
1564 1567 1566
1568 1554 1565
1568 1565 1569
1565 1570 1569
1571 1567 1564
1571 1564 1551
1551 1548 1571
1571 1548 1572
1548 1573 1572
1574 1570 1565
1575 1574 1565
1565 1576 1575
1577 1578 1579
1578 1577 1580
1577 1581 1580
1578 1582 1579
1580 1583 1578
1583 1582 1578
1584 1580 1581
1585 1584 1581
1584 1585 1586
1585 1587 1586
1588 1584 1586
1584 1588 1589
1584 1589 1580
1589 1583 1580
1586 1590 1588
1590 1591 1588
1588 1591 1592
1590 1593 1591
1591 1593 1594
1590 1595 1593
1595 1596 1593
1587 1597 1586
1598 1590 1586
1597 1598 1586
1598 1597 1599
1597 1600 1599
1598 1599 1601
1601 1602 1598
1598 1602 1590
1590 1602 1603
1595 1590 1603
1604 1601 1599
1605 1604 1599
1599 1600 1605
1603 1606 1595
1606 1607 1595
1606 1603 1608
1603 1609 1608
1602 1609 1603
1606 1608 1610
1611 1606 1610
1606 1611 1607
1611 1612 1607
1613 1609 1602
1602 1601 1613
1609 1614 1608
1614 1609 1613
1614 1615 1608
1608 1615 1610
1615 1616 1610
1615 1614 1617
1618 1615 1617
1616 1615 1618
1619 1616 1618
1610 1620 1611
1620 1612 1611
1610 1616 1621
1621 1616 1619
1614 1613 1622
1614 1622 1617
1617 1622 1623
1622 1624 1623
1625 1624 1622
1623 1624 1626
1624 1627 1626
1624 1628 1627
1628 1624 1625
1628 1625 1629
1625 1630 1629
1630 1631 1629
1632 1629 1631
1633 1632 1631
1634 1632 1633
1635 1632 1634
1635 1636 1632
1636 1629 1632
1636 1628 1629
1628 1637 1627
1637 1638 1627
1638 1639 1627
1640 1639 1638
1641 1639 1640
1626 1627 1641
1627 1639 1641
1642 1630 1643
1644 1642 1643
1645 1644 1643
1646 1645 1643
1647 1646 1643
1648 1645 1646
1644 1645 1648
1647 1643 1649
1650 1647 1649
1651 1650 1649
1650 1651 1652
1652 1651 1653
1654 1652 1653
1655 1654 1653
1656 1654 1655
1656 1657 1654
1657 1658 1654
1658 1652 1654
1658 1650 1652
1651 1659 1653
1649 1660 1651
1660 1661 1651
1659 1651 1661
1661 1662 1659
1660 1663 1661
1663 1664 1661
1664 1665 1661
1665 1662 1661
1622 1663 1660
1665 1664 1666
1664 1667 1666
1667 1664 1663
1668 1667 1663
1668 1663 1669
1663 1613 1669
1622 1613 1663
1601 1669 1613
1667 1670 1666
1670 1667 1668
1670 1671 1666
1672 1670 1668
1672 1668 1673
1668 1669 1673
1601 1604 1669
1604 1673 1669
1625 1622 1660
1625 1660 1649
1630 1625 1649
1630 1649 1643
1674 1675 1676
1675 1677 1676
1674 1678 1675
1674 1676 1679
1674 1679 1678
1676 1680 1679
1677 1589 1676
1589 1588 1676
1588 1592 1676
1592 1680 1676
1681 1592 1682
1682 1683 1681
1683 1684 1681
1683 1685 1684
1682 1686 1683
1686 1687 1683
1683 1687 1685
1592 1591 1682
1591 1594 1682
1594 1686 1682
1593 1688 1594
1688 1689 1594
1689 1688 1690
1688 1691 1690
1688 1692 1691
1692 1688 1593
1692 1693 1691
1694 1690 1691
1691 1693 1694
1596 1692 1593
1600 1695 1605
1696 1697 1698
1697 1696 1699
1696 1698 1700
1698 1701 1700
1701 1698 1702
1698 1703 1702
1698 1697 1703
1696 1700 1704
1701 1705 1700
1706 1707 1708
1707 1709 1708
1707 1710 1709
1711 1709 1710
1710 1712 1711
1711 1712 1713
1713 1714 1711
1714 1713 1715
1716 1714 1715
1715 1717 1716
1718 1719 1720
1719 1721 1720
1722 1721 1719
1720 1721 1723
1722 1724 1721
1724 1723 1721
1718 1725 1719
1725 1726 1719
1725 1727 1726
1719 1726 1728
1727 1729 1726
1729 1728 1726
1723 1730 1720
1722 1719 1731
1731 1719 1728
1732 1733 1734
1732 1735 1733
1735 1736 1733
1737 1732 1734
1737 1738 1732
1738 1735 1732
1735 1739 1736
1739 1740 1736
1739 1735 1741
1735 1738 1741
1740 1739 1742
1743 1740 1742
1739 1741 1744
1742 1739 1744
1745 1744 1741
1746 1745 1741
1746 1747 1745
1747 1748 1745
1747 1749 1748
1748 1749 1750
1745 1748 1750
1751 1745 1750
1742 1744 1752
1744 1753 1752
1744 1754 1753
1744 1745 1754
1745 1751 1754
1755 1753 1754
1756 1755 1754
1757 1755 1756
1758 1757 1756
1758 1759 1757
1757 1759 1760
1752 1753 1761
1753 1762 1761
1753 1755 1762
1755 1757 1763
1757 1760 1763
1755 1763 1762
1764 1761 1762
1765 1764 1762
1752 1761 1766
1761 1767 1766
1766 1768 1752
1765 1769 1764
1769 1770 1764
1752 1768 1771
1768 1772 1771
1769 1773 1770
1768 1774 1772
1774 1768 1766
1767 1761 1775
1761 1764 1775
1764 1770 1775
1770 1776 1775
1770 1773 1776
1772 1774 1777
1774 1778 1777
1778 1774 1779
1774 1766 1779
1777 1778 1780
1778 1781 1780
1781 1778 1779
1782 1781 1779
1780 1781 1783
1783 1781 1782
1777 1780 1784
1780 1785 1784
1780 1786 1785
1772 1777 1787
1777 1784 1787
1786 1788 1785
1789 1787 1784
1790 1789 1784
1788 1790 1785
1790 1784 1785
1787 1789 1791
1791 1789 1792
1793 1791 1792
1793 1792 1794
1795 1793 1794
1794 1796 1795
1796 1797 1795
1797 1798 1795
1798 1799 1795
1797 1800 1798
1796 1800 1797
1793 1795 1801
1795 1799 1801
1801 1802 1793
1802 1791 1793
1802 1801 1803
1802 1803 1804
1804 1805 1802
1802 1805 1806
1802 1806 1791
1806 1805 1807
1805 1808 1807
1809 1807 1808
1809 1810 1807
1810 1809 1811
1812 1810 1811
1813 1812 1811
1813 1811 1814
1814 1811 1815
1811 1809 1815
1815 1809 1808
1810 1816 1807
1817 1807 1816
1817 1806 1807
1818 1808 1805
1819 1818 1805
1805 1804 1819
1820 1818 1819
1821 1820 1819
1821 1822 1820
1821 1823 1822
1821 1819 1823
1819 1824 1823
1816 1825 1817
1826 1817 1825
1827 1817 1826
1817 1827 1828
1806 1817 1828
1827 1826 1829
1830 1827 1829
1827 1830 1828
1830 1831 1828
1831 1832 1828
1832 1833 1828
1791 1828 1833
1791 1806 1828
1832 1834 1833
1834 1771 1833
1834 1835 1771
1835 1834 1836
1837 1835 1836
1838 1837 1836
1836 1834 1839
1834 1832 1839
1840 1836 1839
1838 1836 1841
1836 1840 1841
1830 1829 1842
1831 1830 1842
1829 1843 1842
1844 1831 1842
1844 1845 1831
1845 1832 1831
1832 1845 1839
1771 1835 1752
1835 1742 1752
1837 1742 1835
1743 1742 1837
1846 1847 1848
1848 1849 1846
1849 1803 1846
1846 1850 1847
1803 1851 1846
1851 1850 1846
1803 1849 1804
1801 1851 1803
1804 1824 1819
1833 1772 1787
1833 1771 1772
1787 1791 1833
1852 1853 1854
1854 1855 1852
1853 1856 1854
1857 1856 1853
1858 1857 1853
1859 1853 1852
1858 1853 1859
1860 1858 1859
1859 1852 1861
1862 1863 1864
1864 1863 1865
1866 1865 1863
1865 1866 1867
1866 1868 1867
1868 1866 1869
1869 1870 1868
1870 1869 1871
1871 1872 1870
1873 1862 1864
1874 1875 1876
1875 1877 1876
1878 1877 1875
1879 1874 1876
1880 1879 1876
1879 1880 1881
1882 1881 1880
1883 1882 1880
1883 1880 1876
1878 1884 1877
1884 1885 1877
1885 1876 1877
1885 1886 1876
1886 1883 1876
1875 1887 1878
1888 1889 1890
1890 1891 1888
1892 1888 1891
1893 1888 1892
1894 1893 1892
1891 1895 1892
1891 1890 1895
1893 1894 1896
1888 1893 1897
1897 1889 1888
1898 1897 1893
1898 1893 1896
1899 1890 1889
1890 1899 1900
1901 1890 1900
1890 1901 1902
1895 1890 1902
1901 1903 1902
1904 1903 1901
1900 1904 1901
1905 1903 1904
1900 1906 1904
1907 1904 1906
1907 1905 1904
1908 1905 1907
1908 1909 1905
1909 1910 1905
1905 1910 1903
1908 1911 1909
1911 1912 1909
1913 1897 1898
1897 1913 1914
1913 1915 1914
1915 1916 1914
1917 1915 1913
1916 1915 1918
1919 1914 1916
1916 1918 1919
1914 1919 1889
1897 1914 1889
1918 1920 1919
1913 1921 1917
1921 1913 1898
1919 1922 1889
1922 1919 1923
1919 1924 1923
1920 1924 1919
1924 1920 1925
1926 1924 1925
1923 1924 1926
1927 1926 1925
1928 1927 1925
1923 1926 1929
1930 1926 1927
1930 1929 1926
1931 1930 1927
1931 1927 1932
1927 1928 1932
1931 1932 1933
1922 1934 1889
1934 1899 1889
1933 1932 1935
1933 1935 1936
1933 1936 1937
1936 1938 1937
1937 1938 1939
1939 1938 1940
1938 1941 1940
1938 1936 1941
1911 1937 1939
1939 1940 1912
1911 1939 1912
1940 1942 1912
1936 1943 1941
1936 1935 1943
1935 1944 1943
1933 1937 1945
1945 1937 1911
1946 1945 1911
1947 1945 1946
1911 1908 1946
1946 1908 1907
1948 1945 1947
1948 1933 1945
1948 1931 1933
1930 1931 1948
1948 1949 1930
1929 1930 1949
1946 1907 1950
1906 1950 1907
1951 1944 1952
1944 1935 1952
1952 1935 1953
1935 1932 1953
1953 1932 1954
1932 1928 1954
1954 1928 1955
1928 1925 1955
1955 1925 1920
1956 1955 1920
1956 1920 1918
1957 1956 1918
1915 1957 1918
1957 1915 1917
1958 1957 1917
1958 1959 1957
1959 1960 1957
1961 1955 1956
1962 1961 1956
1960 1962 1957
1962 1956 1957
1962 1960 1963
1960 1964 1963
1964 1960 1959
1959 1965 1964
1964 1965 1966
1967 1964 1966
1964 1967 1963
1968 1967 1966
1968 1966 1969
1967 1970 1963
1971 1970 1967
1971 1967 1968
1970 1971 1972
1972 1973 1970
1973 1972 1974
1973 1974 1975
1976 1975 1974
1977 1976 1974
1978 1975 1976
1979 1978 1976
1978 1979 1980
1980 1981 1978
1981 1982 1978
1973 1983 1970
1983 1973 1975
1978 1984 1975
1978 1982 1984
1984 1983 1975
1981 1952 1982
1951 1952 1981
1952 1953 1982
1982 1985 1984
1983 1984 1985
1982 1953 1985
1953 1954 1985
1985 1954 1955
1961 1985 1955
1961 1983 1985
1983 1961 1962
1962 1963 1983
1983 1963 1970
1976 1986 1979
1976 1977 1986
1977 1987 1986
1988 1986 1987
1988 1987 1989
1989 1990 1988
1991 1989 1987
1991 1987 1977
1992 1991 1977
1974 1992 1977
1974 1993 1992
1974 1972 1993
1972 1994 1993
1995 1993 1994
1995 1994 1996
1997 1995 1996
1998 1997 1996
1998 1996 1999
2000 1998 1999
1999 1996 1968
1996 1971 1968
1994 1971 1996
1972 1971 1994
1999 1968 2001
2000 1999 2001
1968 1969 2001
1892 2002 1894
2002 2003 1894
1892 1895 2002
2002 1895 2004
2004 1895 1902
2005 2004 1902
1903 2005 1902
1903 1910 2005
1910 2006 2005
1910 1909 2006
1909 2007 2006
1909 1912 2007
1912 2008 2007
1912 1942 2008
1942 2009 2008
2003 2002 2010
2009 2011 2008
2007 2008 2012
2008 2011 2012
2012 2011 2013
2011 2014 2013
2013 2014 2015
2012 2013 2016
2013 2017 2016
2018 2012 2016
2006 2007 2018
2007 2012 2018
2019 2018 2016
2016 2017 2019
2020 2018 2019
2019 2021 2020
2021 2019 2022
2023 2021 2022
2024 2023 2022
2024 2010 2023
2010 2024 2025
2025 2024 2026
2024 2027 2026
2024 2022 2027
2028 2026 2027
2028 2029 2026
2027 2022 2030
2019 2030 2022
2031 2027 2030
2031 2028 2027
2030 2032 2031
2032 2030 2033
2033 2030 2019
2033 2034 2032
2033 2017 2034
2017 2035 2034
2035 2036 2034
2031 2037 2028
2037 2038 2028
2038 2037 2039
2040 2038 2039
2037 2041 2039
2040 2042 2038
2029 2028 2042
2028 2038 2042
2041 2037 2043
2043 2037 2044
2031 2044 2037
2044 2031 2032
2043 2044 2045
2034 2045 2032
2045 2044 2032
2045 2034 2046
2034 2036 2046
2047 2036 2035
2019 2017 2033
2036 2047 2048
2036 2048 2049
2036 2049 2046
2049 2048 2050
2051 2050 2048
2051 2048 2047
2050 2051 2052
2047 2035 2015
2015 2035 2013
2013 2035 2017
2002 2023 2010
2021 2023 2002
2004 2021 2002
2020 2021 2004
2005 2020 2004
2018 2020 2005
2006 2018 2005
2053 2054 2055
2055 2054 2056
2055 2056 2057
2055 2057 2058
2058 2057 2059
2060 2061 2062
2061 2063 2062
2063 2064 2062
2063 2061 2065
2066 2063 2065
2066 2067 2063
2067 2068 2063
2064 2063 2068
2068 2069 2064
2070 2064 2069
2071 2070 2069
2070 2071 2072
2070 2072 2073
2073 2072 2074
2075 2073 2074
2072 2076 2074
2076 2077 2074
2077 2078 2074
2078 2079 2074
2079 2080 2074
2081 2074 2080
2075 2074 2081
2082 2081 2080
2070 2073 2083
2073 2084 2083
2084 2073 2085
2085 2073 2075
2086 2084 2085
2084 2086 2087
2084 2087 2083
2086 2088 2087
2087 2088 2089
2090 2087 2089
2090 2083 2087
2089 2091 2090
2091 2064 2090
2083 2090 2064
2091 2092 2064
2070 2083 2064
2064 2092 2062
2093 2094 2095
2094 2096 2095
2095 2097 2093
2098 2099 2100
2099 2101 2100
2102 2103 2104
2103 2105 2104
2106 2102 2104
2107 2106 2104
2108 2106 2107
2109 2108 2107
2109 2110 2108
2111 2112 2113
2112 2114 2113
2115 2116 2117
2116 2115 2118
2116 2118 2119
2119 2118 2120
2120 2118 2121
2120 2121 2122
2123 2122 2121
2122 2123 2124
2124 2125 2122
2124 2126 2125
2126 2127 2125
2127 2126 2128
2129 2130 2131
2130 2132 2131
2130 2129 2133
2129 2134 2133
2135 2134 2129
2136 2135 2129
2136 2129 2137
2129 2131 2137
2131 2138 2137
2137 2139 2136
2137 2138 2140
2141 2137 2140
2142 2141 2140
2143 2141 2142
2143 2144 2141
2144 2137 2141
2145 2143 2142
2143 2146 2144
2146 2143 2147
2143 2145 2147
2147 2148 2146
2148 2149 2146
2149 2144 2146
2150 2144 2149
2150 2139 2137
2150 2137 2144
2151 2139 2150
2150 2152 2151
2150 2149 2152
2149 2153 2152
2153 2154 2152
2154 2153 2155
2153 2156 2155
2157 2156 2153
2158 2157 2153
2153 2159 2158
2159 2160 2158
2161 2159 2153
2148 2161 2149
2161 2153 2149
2162 2163 2164
2163 2165 2164
2164 2165 2166
2167 2168 2169
2168 2170 2169
2171 2172 2173
2172 2174 2173
2171 2175 2172
2175 2176 2172
2176 2175 2177
2178 2176 2177
2179 2178 2177
2180 2181 2182
2182 2181 2183
2184 2185 2186
2186 2187 2184
2187 2186 2188
2188 2189 2187
2190 2187 2189
2190 2189 2191
2190 2191 2192
2192 2191 2193
2194 2193 2191
2194 2195 2193
2194 2196 2195
2196 2197 2195
2198 2199 2200
2198 2200 2201
2202 2198 2201
2203 2202 2201
2204 2203 2201
2205 2203 2204
2206 2205 2204
2207 2206 2204
2199 2208 2200
2208 2209 2200
2210 2211 2212
2211 2213 2212
2212 2213 2214
2212 2214 2215
2214 2216 2215
2215 2216 2217
2218 2215 2217
2218 2217 2219
2218 2219 2220
2219 2221 2220
2222 2223 2224
2222 2225 2223
2225 2226 2223
2227 2226 2225
2228 2227 2225
2228 2229 2227
2229 2228 2230
2231 2229 2230
2222 2224 2232
2224 2233 2232
2234 2235 2236
2237 2234 2236
2237 2236 2238
2234 2237 2239
2237 2240 2239
2240 2237 2241
2237 2242 2241
2237 2243 2242
2238 2243 2237
2244 2234 2242
2245 2243 2238
2238 2246 2245
2246 2238 2236
2245 2247 2243
2247 2244 2242
2243 2247 2242
2248 2246 2236
2248 2236 2235
2248 2235 2249
2244 2247 2250
2245 2250 2247
2251 2252 2253
2252 2254 2253
2254 2255 2253
2255 2256 2253
2257 2258 2259
2258 2260 2259
2259 2260 2261
2262 2259 2261
2263 2264 2265
2263 2265 2266
2267 2268 2265
2265 2268 2269
2270 2271 2272
2272 2271 2273
2274 2273 2271
2275 2273 2274
2275 2274 2276
2276 2274 2271
2270 2277 2271
2277 2276 2271
2278 2279 2280
2279 2281 2280
2278 2280 2282
2280 2283 2282
2284 2285 2286
2285 2287 2286
2286 2287 2288
2284 2286 2288
2289 2284 2288
2289 2288 2290
2291 2292 2293
2292 2294 2293
2293 2294 2295
2294 2296 2295
2295 2296 2297
2296 2298 2297
2291 2299 2292
2298 2300 2297
2300 2301 2297
2300 2302 2301
2291 2293 2303
2303 2304 2291
2304 2305 2291
2305 2299 2291
2293 2306 2303
2293 2295 2306
2295 2307 2306
2307 2295 2308
2295 2297 2308
2301 2309 2297
2309 2308 2297
2302 2309 2301
2310 2305 2304
2310 2311 2305
2311 2299 2305
2312 2310 2304
2313 2314 2315
2314 2316 2315
2316 2317 2315
2317 2318 2315
2319 2315 2318
2315 2319 2320
2321 2315 2320
2322 2314 2321
2323 2321 2320
2324 2321 2323
2324 2322 2321
2324 2325 2322
2325 2326 2322
2326 2325 2327
2328 2326 2327
2328 2327 2329
2330 2328 2329
2331 2330 2329
2331 2332 2333
2333 2332 2334
2332 2335 2334
2334 2335 2336
2335 2337 2336
2336 2337 2338
2337 2339 2338
2340 2341 2342
2343 2340 2342
2344 2340 2343
2345 2344 2343
2340 2346 2341
2347 2346 2340
2344 2347 2340
2346 2347 2348
2346 2348 2349
2350 2341 2346
2350 2346 2349
2345 2343 2351
2351 2343 2342
2347 2352 2348
2348 2352 2353
2348 2353 2354
2349 2348 2354
2354 2353 2355
2353 2356 2355
2355 2356 2357
2356 2358 2357
2359 2357 2358
2360 2359 2358
2360 2358 2361
2362 2360 2361
2360 2362 2363
2359 2360 2363
2356 2364 2358
2364 2361 2358
2353 2365 2356
2365 2364 2356
2352 2365 2353
2366 2367 2368
2368 2367 2369
2369 2370 2368
2370 2369 2371
2372 2370 2371
2370 2373 2368
2373 2370 2372
2373 2374 2368
2374 2375 2368
2375 2366 2368
2376 2373 2372
2377 2376 2372
2378 2377 2372
2378 2379 2377
2380 2379 2378
2380 2381 2379
2382 2380 2378
2378 2372 2382
2372 2371 2382
2379 2383 2377
2379 2381 2383
2384 2366 2375
2384 2375 2385
2375 2386 2385
2387 2384 2385
2385 2388 2387
2389 2388 2385
2386 2389 2385
2390 2389 2386
2391 2390 2386
2392 2390 2391
2387 2393 2384
2393 2387 2394
2394 2395 2393
2395 2396 2393
2395 2397 2396
2397 2398 2396
2399 2398 2397
2400 2398 2399
2397 2401 2399
2400 2399 2402
2402 2403 2400
2396 2398 2404
2398 2400 2404
2396 2404 2393
2404 2405 2393
2393 2405 2384
2405 2406 2384
2405 2407 2406
2405 2404 2407
2406 2407 2408
2366 2406 2408
2384 2406 2366
2366 2408 2409
2366 2409 2367
2403 2410 2400
2400 2410 2404
2410 2403 2411
2411 2412 2410
2413 2410 2412
2410 2413 2404
2404 2413 2407
2414 2412 2411
2415 2413 2412
2407 2413 2415
2416 2407 2415
2407 2416 2417
2407 2417 2408
2418 2417 2416
2419 2418 2416
2419 2416 2415
2419 2415 2420
2420 2415 2421
2420 2421 2422
2417 2418 2423
2424 2417 2423
2425 2424 2423
2424 2425 2426
2417 2424 2408
2427 2428 2429
2429 2430 2427
2427 2430 2431
2432 2430 2429
2431 2430 2433
2434 2427 2431
2435 2436 2437
2436 2438 2437
2439 2438 2436
2439 2440 2438
2440 2441 2438
2440 2442 2441
2442 2443 2441
2442 2444 2443
2444 2445 2443
2441 2443 2446
2447 2441 2446
2438 2441 2447
2444 2448 2445
2449 2445 2448
2446 2443 2449
2443 2445 2449
2450 2449 2448
2451 2448 2444
2452 2448 2451
2450 2448 2452
2453 2450 2452
2454 2453 2452
2451 2455 2452
2456 2452 2455
2454 2452 2456
2457 2454 2456
2456 2458 2457
2455 2458 2456
2459 2457 2458
2460 2438 2447
2437 2438 2460
2461 2462 2463
2464 2461 2463
2465 2461 2464
2466 2465 2464
2465 2466 2467
2466 2464 2468
2469 2466 2468
2468 2470 2469
2471 2469 2470
2470 2472 2471
2472 2473 2471
2472 2474 2473
2474 2475 2473
2475 2474 2476
2476 2477 2475
2471 2478 2469
2466 2469 2478
2467 2466 2478
2479 2478 2471
2480 2479 2471
2481 2479 2480
2479 2481 2478
2482 2481 2480
2483 2481 2482
2471 2484 2480
2471 2473 2484
2473 2485 2484
2485 2473 2486
2473 2475 2486
2481 2487 2478
2483 2487 2481
2474 2472 2488
2489 2474 2488
2476 2474 2489
2490 2489 2488
2491 2490 2488
2491 2488 2492
2492 2488 2470
2488 2472 2470
2493 2489 2490
2494 2493 2490
2493 2494 2495
2496 2493 2495
2496 2495 2497
2498 2496 2497
2493 2476 2489
2496 2476 2493
2491 2492 2499
2499 2492 2500
2492 2468 2500
2492 2470 2468
2500 2468 2501
2468 2464 2501
2464 2463 2501
2463 2502 2501
2463 2503 2502
2503 2504 2502
2503 2505 2504
2505 2506 2504
2507 2506 2505
2476 2496 2508
2509 2476 2508
2510 2509 2508
2510 2511 2509
2509 2511 2512
2477 2509 2512
2477 2512 2475
2512 2486 2475
2401 2510 2508
2498 2401 2508
2476 2509 2477
2498 2508 2496
2513 2462 2514
2462 2515 2514
2514 2516 2513
2516 2517 2513
2518 2514 2515
2519 2518 2515
2518 2520 2514
2520 2521 2514
2522 2516 2514
2519 2515 2461
2462 2461 2515
2465 2519 2461
2519 2465 2523
2465 2467 2523
2523 2524 2519
2518 2519 2525
2519 2524 2525
2520 2518 2526
2518 2525 2526
2520 2527 2521
2527 2528 2521
2529 2528 2527
2529 2527 2530
2527 2520 2530
2520 2526 2530
2531 2516 2522
2516 2531 2517
2532 2533 2534
2533 2535 2534
2536 2534 2535
2533 2537 2535
2537 2538 2535
2538 2539 2535
2540 2535 2539
2539 2541 2540
2542 2540 2541
2539 2543 2541
2544 2539 2538
2539 2544 2543
2545 2544 2538
2537 2545 2538
2534 2536 2546
2546 2547 2534
2546 2548 2547
2548 2549 2547
2550 2547 2549
2534 2547 2550
2551 2548 2546
2552 2551 2546
2553 2551 2552
2554 2553 2552
2554 2552 2555
2552 2536 2555
2552 2546 2536
2556 2554 2555
2555 2557 2556
2557 2558 2556
2559 2556 2558
2560 2559 2558
2557 2542 2558
2542 2561 2558
2559 2562 2556
2562 2554 2556
2536 2563 2555
2563 2557 2555
2562 2559 2564
2565 2554 2562
2562 2564 2566
2567 2566 2564
2567 2568 2566
2569 2567 2564
2564 2570 2569
2570 2564 2559
2560 2570 2559
2570 2571 2569
2572 2570 2560
2571 2570 2572
2569 2571 2573
2573 2571 2574
2574 2571 2572
2575 2573 2574
2575 2576 2573
2576 2577 2573
2573 2577 2578
2578 2569 2573
2577 2579 2578
2579 2580 2578
2580 2581 2578
2578 2581 2569
2581 2567 2569
2581 2580 2582
2582 2580 2583
2582 2583 2584
2583 2585 2584
2580 2586 2583
2586 2579 2577
2586 2580 2579
2587 2581 2582
2586 2577 2588
2576 2588 2577
2589 2586 2588
2590 2586 2589
2590 2583 2586
2585 2583 2590
2581 2587 2567
2587 2568 2567
2584 2591 2582
2591 2587 2582
2568 2587 2591
2585 2590 2592
2561 2593 2594
2558 2561 2594
2560 2558 2594
2595 2593 2561
2595 2561 2542
2542 2596 2595
2541 2596 2542
2557 2540 2542
2557 2563 2540
2540 2563 2535
2536 2535 2563
2597 2598 2599
2598 2600 2599
2601 2599 2600
2602 2601 2600
2601 2602 2603
2598 2604 2600
2604 2605 2600
2602 2600 2606
2600 2605 2606
2602 2606 2603
2607 2604 2598
2608 2607 2598
2597 2608 2598
2609 2607 2608
2597 2610 2608
2597 2611 2610
2612 2611 2597
2613 2608 2610
2614 2615 2616
2616 2615 2617
2618 2617 2615
2619 2620 2621
2620 2622 2621
2623 2621 2622
2620 2619 2624
2619 2625 2624
2624 2625 2626
2624 2626 2627
2620 2624 2627
2626 2628 2627
2625 2629 2626
2623 2630 2621
2631 2630 2623
2628 2626 2632
2626 2633 2632
2626 2629 2633
2633 2634 2632
2633 2635 2634
2635 2633 2636
2629 2636 2633
2635 2637 2634
2638 2635 2636
2637 2635 2638
2639 2637 2638
2639 2640 2637
2640 2639 2641
2642 2637 2640
2643 2642 2640
2644 2642 2643
2643 2645 2644
2645 2646 2644
2644 2646 2647
2648 2644 2647
2644 2648 2642
2649 2648 2647
2646 2650 2647
2637 2642 2651
2652 2651 2642
2648 2652 2642
2652 2648 2653
2648 2654 2653
2653 2654 2655
2654 2656 2655
2653 2655 2657
2658 2653 2657
2652 2653 2658
2651 2652 2659
2652 2660 2659
2660 2652 2658
2661 2659 2660
2662 2661 2660
2661 2663 2659
2662 2664 2661
2664 2663 2661
2665 2664 2662
2666 2665 2662
2667 2665 2666
2657 2655 2668
2668 2655 2656
2659 2669 2670
2651 2659 2670
2637 2651 2670
2670 2634 2637
2671 2643 2640
2671 2640 2641
2641 2639 2672
2673 2674 2675
2674 2676 2675
2677 2675 2676
2678 2674 2673
2679 2678 2673
2680 2678 2679
2681 2680 2679
2678 2680 2682
2678 2683 2674
2682 2683 2678
2684 2676 2674
2677 2676 2684
2685 2684 2674
2683 2685 2674
2681 2686 2680
2687 2686 2681
2688 2687 2681
2686 2687 2689
2690 2686 2689
2690 2689 2691
2690 2691 2692
2692 2691 2693
2694 2686 2690
2680 2694 2682
2680 2686 2694
2695 2694 2690
2695 2690 2692
2695 2692 2696
2692 2693 2696
2693 2697 2696
2697 2698 2696
2699 2694 2695
2700 2699 2695
2695 2696 2700
2693 2691 2701
2691 2702 2701
2691 2689 2702
2701 2702 2703
2701 2703 2704
2705 2701 2704
2697 2693 2705
2693 2701 2705
2705 2704 2706
2697 2705 2706
2697 2706 2698
2704 2707 2706
2706 2707 2708
2702 2709 2703
2710 2709 2702
2711 2710 2702
2689 2711 2702
2712 2710 2711
2713 2712 2711
2713 2711 2687
2711 2689 2687
2714 2713 2687
2688 2714 2687
2714 2688 2715
2715 2716 2714
2717 2716 2715
2718 2717 2715
2718 2719 2717
2712 2713 2720
2713 2714 2720
2716 2720 2714
2721 2718 2715
2719 2718 2721
2722 2721 2715
2688 2722 2715
2688 2681 2723
2681 2679 2723
2723 2679 2673
2673 2724 2723
2724 2673 2725
2673 2726 2725
2726 2673 2727
2725 2726 2728
2726 2729 2728
2726 2727 2729
2730 2728 2729
2729 2731 2730
2727 2731 2729
2732 2733 2734
2732 2734 2735
2736 2734 2733
2737 2735 2734
2734 2738 2737
2736 2738 2734
2739 2737 2738
2739 2738 2740
2699 2739 2740
2738 2736 2683
2738 2683 2740
2682 2740 2683
2694 2740 2682
2694 2699 2740
2741 2742 2743
2741 2744 2742
2744 2745 2742
2744 2746 2745
2746 2747 2745
2747 2746 2748
2746 2749 2748
2744 2749 2746
2749 2750 2748
2748 2750 2751
2750 2752 2751
2751 2752 2753
2754 2751 2753
2755 2754 2753
2756 2755 2753
2757 2755 2756
2758 2747 2748
2758 2748 2751
2759 2747 2758
2747 2759 2745
2759 2760 2745
2760 2761 2745
2761 2742 2745
2762 2760 2759
2762 2759 2763
2758 2763 2759
2764 2762 2763
2764 2763 2765
2766 2764 2765
2767 2766 2765
2767 2768 2766
2767 2769 2768
2769 2770 2768
2769 2771 2770
2771 2772 2770
2771 2773 2772
2766 2768 2774
2770 2775 2768
2775 2774 2768
2772 2776 2770
2776 2775 2770
2773 2776 2772
2765 2763 2777
2777 2778 2765
2778 2767 2765
2777 2751 2778
2751 2779 2778
2778 2779 2780
2781 2778 2780
2778 2781 2767
2782 2781 2780
2782 2780 2783
2779 2784 2780
2780 2784 2785
2780 2785 2783
2786 2783 2785
2786 2785 2787
2784 2787 2785
2777 2758 2751
2763 2758 2777
2788 2698 2706
2788 2706 2708
2743 2742 2789
2742 2761 2789
2790 2647 2791
2647 2650 2791
2790 2792 2647
2792 2649 2647
2790 2793 2792
2791 2793 2790
2554 2565 2794
2795 2554 2794
2565 2796 2794
2534 2797 2532
2390 2392 2798
2389 2390 2798
2799 2389 2798
2389 2799 2388
2800 2551 2553
2801 2802 2803
2803 2802 2804
2803 2804 2805
2806 2804 2802
2805 2804 2806
2805 2806 2807
2808 2809 2810
2809 2811 2810
2809 2812 2811
2813 2811 2812
2814 2815 2816
2815 2814 2817
2818 2815 2817
2818 2817 2819
2820 2821 2822
2821 2820 2823
2820 2824 2823
2822 2825 2820
2825 2824 2820
2823 2824 2826
2824 2827 2826
2828 2826 2827
2828 2829 2826
2830 2831 2832
2830 2833 2831
2834 2832 2831
2835 2834 2831
2835 2831 2833
2836 2834 2835
2837 2836 2835
2837 2835 2838
2838 2835 2833
2839 2837 2838
2840 2837 2839
2836 2837 2841
2841 2837 2840
2842 2843 2844
2843 2845 2844
2846 2845 2843
2847 2846 2843
2848 2846 2847
2845 2849 2844
2849 2850 2844
2846 2851 2845
2851 2849 2845
2848 2851 2846
2852 2850 2849
2853 2852 2849
2853 2849 2854
2855 2853 2854
2848 2855 2854
2856 2857 2858
2857 2859 2858
2856 2858 2860
2858 2859 2861
2858 2861 2862
2861 2863 2862
2864 2865 2866
2867 2864 2866
2864 2867 2868
2865 2864 2869
2868 2869 2864
2869 2870 2865
2869 2871 2870
2872 2871 2869
2868 2872 2869
2873 2874 2875
2874 2876 2875
2877 2876 2874
2878 2879 2880
2878 2880 2881
2882 2878 2881
2882 2881 2883
2881 2884 2883
2885 2883 2884
2886 2885 2884
2887 2888 2889
2890 2888 2887
2891 2890 2887
2892 2890 2891
2893 2894 2895
2896 2895 2894
2897 2898 2899
2899 2898 2900
2901 2902 2903
2902 2904 2903
2903 2904 2905
2906 2904 2902
2906 2907 2904
2907 2905 2904
2907 2906 2908
2909 2905 2907
2910 2905 2909
2903 2905 2910
2911 2912 2913
2913 2912 2914
2915 2916 2917
2915 2918 2916
2918 2919 2916
2919 2918 2920
2921 2922 2923
2924 2922 2921
2925 2924 2921
2926 2924 2925
2927 2928 2929
2927 2929 2930
2930 2929 2931
2928 2931 2929
2932 2930 2931
2933 2927 2930
2934 2933 2930
2934 2935 2933
2936 2937 2938
2937 2939 2938
2936 2938 2940
2941 2936 2940
2941 2940 2942
2943 2941 2942
2943 2942 2944
2945 2943 2944
2945 2944 2946
2947 2945 2946
2940 2938 2948
2938 2949 2948
2938 2939 2949
2939 2950 2949
2937 2951 2939
2939 2951 2950
2940 2952 2942
2940 2948 2952
2948 2953 2952
2954 2952 2953
2955 2954 2953
2954 2955 2956
2955 2957 2956
2957 2958 2956
2957 2959 2958
2959 2960 2958
2946 2961 2947
2946 2962 2961
2962 2963 2961
2964 2963 2962
2965 2966 2967
2968 2969 2970
2969 2971 2970
2970 2971 2972
2973 2969 2968
2974 2975 2976
2974 2977 2975
2977 2978 2975
2978 2977 2979
2980 2981 2982
2983 2982 2981
2984 2983 2981
2985 2982 2983
2986 2982 2985
2987 2985 2983
2983 2988 2987
2983 2984 2988
2988 2989 2987
2990 2989 2988
2990 2988 2991
2984 2991 2988
2980 2982 2992
2982 2986 2992
2992 2986 2993
2994 2980 2992
2993 2994 2992
2995 2994 2993
2995 2996 2994
2986 2997 2993
2997 2998 2993
2998 2995 2993
2998 2999 2995
2997 2986 3000
2986 3001 3000
3001 3002 3000
3002 3003 3000
3004 3000 3003
2997 3000 3004
3005 3004 3003
3003 3006 3005
3006 3007 3005
3002 3008 3003
3008 3006 3003
3006 3009 3007
3009 3010 3007
3008 3011 3006
3011 3009 3006
3012 3009 3011
3012 3010 3009
2986 3013 3001
3014 3015 3016
3017 3015 3014
3017 3018 3019
3020 3019 3018
3021 3020 3018
3020 3021 3022
3022 3023 3020
3024 3023 3022
3024 3025 3023
3025 3024 3026
3027 3025 3026
3027 3026 3028
800 3029 798
3030 3031 3032
3031 3033 3032
3034 925 918
3035 3036 3037
3036 3035 3038
3039 3037 3036
3037 3039 3040
3041 3038 3035
3038 3041 3042
3043 3042 3041
3042 3043 3044
3045 3044 3043
3046 3040 3039
3047 3048 3049
3048 3047 3050
3050 3051 3048
3051 3050 3052
3051 3052 3053
3049 3054 3047
3054 3049 3055
3055 3056 3054
3056 3055 3057
3058 3056 3057
3059 3060 3061
3062 3060 3059
3062 3063 3060
3062 3064 3063
3063 3064 3065
3066 3063 3065
3065 3067 3066
3066 3067 3068
3069 3070 3066
3070 3069 3071
3071 3072 3070
3073 3074 3075
3076 3073 3075
3073 3076 3077
3073 3077 3078
3077 3079 3078
3080 3078 3079
3081 3082 3074
3082 3081 3083
3074 3082 3084
3085 3074 3084
3081 3086 3083
3087 3088 3089
3088 3087 3090
3088 3091 3089
3091 3088 3092
3092 3093 3091
3093 3092 3094
3093 3094 3095
3096 3088 3090
3088 3096 3097
3097 3092 3088
3098 3094 3092
3092 3097 3098
3094 3098 3099
3096 3100 3097
3098 3100 3099
3097 3100 3098
3099 3100 3101
3101 3094 3099
3101 3100 3102
3102 3100 3096
3090 3102 3096
3103 3095 3094
3094 3101 3103
3102 3103 3101
3095 3103 3104
3104 3103 3105
3103 3106 3105
3103 3102 3106
3107 3105 3106
3090 3107 3106
3102 3090 3106
3107 3090 3087
3108 3109 3110
3109 3108 3111
3112 3111 3108
3113 3112 3108
3112 3113 3114
3111 3112 3115
3115 3116 3111
3116 3115 3117
3108 3110 3118
3108 3118 3113
3118 3119 3113
3119 3114 3113
3119 3118 3120
3120 3121 3119
3121 3120 3122
3123 3121 3122
3121 3123 3124
3117 3125 3116
3125 3126 3116
3116 3126 3127
3126 3125 3128
3128 3125 3124
3125 3089 3124
3089 3125 3129
3125 3117 3129
3130 3119 3121
3130 3124 3089
3124 3130 3121
3119 3130 3131
3114 3119 3131
3124 3123 3132
3124 3132 3128
3127 3133 3134
3134 3135 3127
3134 3136 3135
3136 3134 3137
3138 3135 3136
3135 3138 3139
3138 3140 3139
3140 3138 3141
3139 3109 3135
3109 3139 3110
3133 3142 3134
3142 3137 3134
3142 3133 3143
3137 3142 3144
3142 3145 3144
3145 3142 3146
3146 3142 3143
3141 3147 3140
3147 3148 3140
3139 3140 3148
3139 3148 3110
3148 3147 3149
3150 3149 3147
3151 3150 3146
3150 3151 3152
3149 3150 3152
3147 3141 3153
3154 3146 3150
3146 3154 3145
3154 3147 3153
3147 3154 3150
3146 3155 3151
3143 3155 3146
3148 3156 3110
3110 3156 3118
3157 3158 3145
3158 3157 3159
3160 3157 3145
3157 3160 3161
3162 3161 3160
3161 3162 3163
3162 3164 3163
3157 3165 3159
3165 3157 3166
3161 3166 3157
3163 3167 3161
3166 3161 3167
3167 3163 3168
3165 3166 3169
3167 3168 3169
3166 3167 3169
3168 3170 3169
3163 3170 3168
3170 3171 3169
3171 3165 3169
3171 3159 3165
3164 3172 3163
3170 3163 3172
3172 3171 3170
3172 3164 3173
3173 3174 3172
3172 3174 3175
3171 3172 3175
3176 3175 3174
3176 3159 3175
3159 3171 3175
3159 3176 3158
3127 3111 3116
3127 3109 3111
3127 3135 3109
