byte offset: 0
first index: 0
index count: 12720
topology: trianglelist
format: DXGI_FORMAT_R16_UINT

0 1 2
1 0 3
4 2 1
2 4 5
4 6 5
6 4 7
8 1 3
9 1 8
10 1 9
4 1 10
11 4 10
12 4 11
7 4 12
13 7 12
2 14 0
5 14 2
6 14 5
8 3 15
16 6 7
6 16 17
6 17 14
16 18 17
17 18 14
18 16 19
19 20 18
18 20 14
20 19 21
22 21 19
23 22 19
24 23 19
16 24 19
25 24 16
26 25 16
13 26 7
7 26 16
22 27 21
28 20 21
20 28 29
30 29 28
29 30 31
30 32 31
32 30 33
34 32 33
32 34 35
34 36 35
36 34 37
37 0 36
0 37 3
38 3 37
39 38 37
40 39 37
34 40 37
41 40 34
42 41 34
33 42 34
43 42 33
36 0 14
35 36 14
32 35 14
32 14 31
38 15 3
43 33 44
33 30 44
44 30 45
45 30 46
30 28 46
46 28 47
47 28 48
48 28 21
48 21 27
29 14 20
31 14 29
49 50 51
50 52 51
51 52 53
54 50 49
55 50 54
54 56 55
57 56 54
51 58 49
59 54 49
59 60 54
60 57 54
61 60 59
59 62 61
59 63 62
59 49 63
49 58 63
63 58 64
58 65 64
58 66 65
51 66 58
51 67 66
51 53 67
63 68 62
63 64 68
55 69 50
50 69 52
70 71 72
71 73 72
72 73 74
72 75 70
76 71 70
77 71 76
77 78 71
76 70 79
70 75 79
79 75 80
76 79 81
76 81 82
82 83 76
76 83 77
75 84 80
75 85 84
72 85 75
72 86 85
72 74 86
79 87 81
79 80 87
78 88 71
71 88 73
89 90 91
91 90 92
90 93 92
90 89 94
95 89 91
96 95 91
96 91 97
95 98 89
89 98 94
98 99 94
95 100 98
95 101 100
101 95 102
95 96 102
94 99 103
94 103 104
90 94 104
90 104 105
90 105 93
98 100 106
98 106 99
97 91 107
91 92 107
108 109 110
109 111 110
110 111 112
113 109 108
114 109 113
113 115 114
116 115 113
110 117 108
118 113 108
118 119 113
119 116 113
120 119 118
118 121 120
118 122 121
118 108 122
108 117 122
122 117 123
117 124 123
117 125 124
110 125 117
110 126 125
110 112 126
122 127 121
122 123 127
114 128 109
109 128 111
129 130 131
131 130 132
130 133 132
134 129 131
135 134 131
134 135 136
137 134 136
130 129 138
139 129 134
139 134 140
140 134 137
141 139 140
139 141 142
139 142 143
139 143 129
129 143 138
143 144 138
138 144 145
138 145 146
130 138 146
130 146 147
130 147 133
143 142 148
143 148 144
135 131 149
131 132 149
150 151 152
151 153 152
152 153 154
155 151 150
156 151 155
155 157 156
158 157 155
152 159 150
160 155 150
160 161 155
161 158 155
162 161 160
160 163 162
160 164 163
160 150 164
150 159 164
164 159 165
159 166 165
159 167 166
152 167 159
152 168 167
152 154 168
164 169 163
164 165 169
156 170 151
151 170 153
171 172 173
173 172 174
172 175 174
176 171 173
177 176 173
176 177 178
179 176 178
172 171 180
181 171 176
181 176 182
182 176 179
183 181 182
181 183 184
181 184 185
181 185 171
171 185 180
185 186 180
180 186 187
180 187 188
172 180 188
172 188 189
172 189 175
185 184 190
185 190 186
177 173 191
173 174 191
192 193 194
194 193 195
193 196 195
197 192 194
198 197 194
197 198 199
200 197 199
193 192 201
202 192 197
202 197 203
203 197 200
204 202 203
202 204 205
202 205 206
202 206 192
192 206 201
206 207 201
201 207 208
201 208 209
193 201 209
193 209 210
193 210 196
206 205 211
206 211 207
198 194 212
194 195 212
213 214 215
214 216 215
215 216 217
218 214 213
219 214 218
218 220 219
221 220 218
215 222 213
223 218 213
223 224 218
224 221 218
225 224 223
223 226 225
223 227 226
223 213 227
213 222 227
227 222 228
222 229 228
222 230 229
215 230 222
215 231 230
232 229 230
232 228 229
225 233 224
233 225 226
234 219 220
221 234 220
233 234 224
234 221 224
219 234 235
234 236 235
233 236 234
236 237 235
237 230 231
237 236 232
237 232 230
235 237 216
237 217 216
237 231 217
233 238 236
236 238 232
233 226 238
238 228 232
238 239 228
226 239 238
227 239 226
227 228 239
215 217 231
235 216 240
219 235 240
219 240 214
214 240 216
241 242 243
242 244 243
243 244 245
246 242 241
247 242 246
246 248 247
249 248 246
243 250 241
251 246 241
251 252 246
252 249 246
253 252 251
251 254 253
251 255 254
251 241 255
241 250 255
255 250 256
250 257 256
250 258 257
243 258 250
243 259 258
260 257 258
260 256 257
253 261 252
261 253 254
262 247 248
249 262 248
261 262 252
262 249 252
247 262 263
262 264 263
261 264 262
264 265 263
265 258 259
265 264 260
265 260 258
263 265 244
265 245 244
265 259 245
261 266 264
264 266 260
261 254 266
266 256 260
266 267 256
254 267 266
255 267 254
255 256 267
243 245 259
263 244 268
247 263 268
247 268 242
242 268 244
269 270 271
271 272 269
269 272 273
273 274 269
273 275 274
276 272 271
271 277 276
278 276 277
276 278 279
280 279 278
279 280 281
282 274 275
283 284 285
283 286 284
287 283 285
287 288 283
286 289 284
289 286 290
290 291 289
290 292 291
285 293 287
293 294 287
295 294 293
294 295 296
297 298 299
298 300 299
298 301 300
302 298 297
297 303 302
303 297 304
300 305 299
300 306 305
306 307 305
307 306 308
308 309 307
308 310 309
310 311 309
312 313 314
312 315 313
315 312 316
316 317 315
317 316 318
319 317 318
317 319 320
319 321 320
321 319 322
322 323 321
323 322 324
325 323 324
323 325 326
325 327 326
328 329 330
329 328 331
332 329 331
332 333 329
333 334 329
329 334 335
336 333 332
333 336 337
329 335 338
329 338 330
335 339 338
339 335 340
341 342 343
344 342 341
341 343 345
341 345 346
343 347 345
347 343 348
349 341 346
341 349 350
351 341 350
351 344 341
352 344 351
344 352 353
354 355 356
356 355 357
358 354 356
359 354 358
354 359 360
356 357 361
357 362 361
362 357 363
358 356 364
356 365 364
365 356 366
356 361 366
367 368 369
370 367 369
367 370 371
372 371 370
371 372 373
374 373 372
373 374 375
374 376 375
376 374 377
378 376 377
376 378 379
378 380 379
380 378 381
381 382 380
383 384 385
384 383 386
387 388 389
388 387 390
391 392 393
392 391 394
395 391 393
391 395 396
397 396 395
396 397 398
399 400 401
400 399 402
403 399 401
399 403 404
405 406 407
406 405 408
405 409 408
409 405 410
411 407 406
407 411 412
413 414 415
414 413 416
417 413 415
413 417 418
419 420 421
420 419 422
423 424 425
424 423 426
423 427 426
427 423 428
429 425 424
425 429 430
431 432 433
432 431 434
435 431 433
431 435 436
437 438 439
438 437 440
441 442 443
442 441 444
445 446 447
446 445 448
449 450 451
449 451 452
452 451 453
452 453 454
454 453 455
454 455 456
456 455 457
456 457 458
458 457 459
460 450 449
461 462 463
464 462 461
464 465 462
461 463 466
466 463 467
466 467 468
468 467 469
470 465 464
471 470 464
472 470 471
473 472 471
474 475 476
474 476 477
477 476 478
477 478 479
479 478 480
479 480 481
481 480 482
481 482 483
482 484 483
485 475 474
486 487 488
487 486 489
488 490 486
490 488 491
491 492 490
492 491 493
493 494 492
494 493 495
495 496 494
496 495 497
497 498 496
498 497 499
499 500 498
500 499 501
501 502 500
502 501 503
503 504 502
504 503 505
505 489 504
489 505 487
506 507 508
507 506 509
510 507 509
507 510 511
512 511 510
511 512 513
514 513 512
513 514 515
516 517 518
517 516 519
520 517 519
517 520 521
522 516 518
516 522 523
524 521 520
521 524 525
526 527 528
527 526 529
528 530 526
530 528 531
531 532 530
532 531 533
533 534 532
534 533 535
535 536 534
536 535 537
537 538 536
538 537 539
539 540 538
540 539 541
541 542 540
542 541 543
543 544 542
544 543 545
545 529 544
529 545 527
546 547 548
547 546 549
550 548 547
548 550 551
552 549 546
549 552 553
554 551 550
551 554 555
556 557 558
557 556 559
559 560 557
560 559 561
561 562 560
562 561 563
563 564 562
564 563 565
565 566 564
566 565 567
567 568 566
568 567 569
569 570 568
570 569 571
571 572 570
572 571 573
573 574 572
574 573 575
575 558 574
558 575 556
576 577 578
577 576 579
579 580 577
580 579 581
581 582 580
582 581 583
583 584 582
584 583 585
585 586 584
586 585 587
587 588 586
588 587 589
589 590 588
590 589 591
591 592 590
592 591 593
593 594 592
594 593 595
595 578 594
578 595 576
596 597 598
599 597 596
600 598 597
598 600 601
600 602 601
602 600 603
603 604 602
604 603 605
604 605 606
596 607 599
608 599 607
599 608 609
610 609 608
609 610 611
610 612 611
612 610 613
613 614 612
614 613 615
616 614 615
614 616 617
616 618 617
618 619 617
619 618 620
621 619 620
619 621 622
623 622 621
622 623 624
623 625 624
626 627 628
628 627 629
629 630 628
630 629 631
632 630 631
632 633 630
633 628 630
634 632 631
632 634 635
636 635 634
635 636 637
638 637 636
637 638 639
640 639 638
633 641 628
626 642 627
640 638 643
644 640 643
644 643 645
644 645 646
644 646 647
647 646 648
647 648 649
648 650 649
650 648 651
651 652 650
652 651 653
653 654 652
654 653 655
654 655 656
654 656 657
656 655 658
658 659 656
657 656 659
659 658 660
626 659 660
657 659 661
626 660 642
662 663 664
663 662 665
663 666 664
666 663 667
667 668 666
668 667 669
669 670 668
670 669 671
672 670 671
670 672 673
674 673 672
673 674 675
674 676 675
676 674 677
677 678 676
678 677 679
680 678 679
678 680 681
682 681 680
681 682 683
684 683 682
683 684 685
684 686 685
686 684 687
688 689 690
691 688 690
689 692 690
692 689 693
694 692 693
692 694 695
696 695 694
695 696 697
696 698 697
688 691 699
691 700 699
700 691 701
701 702 700
702 701 703
704 702 703
702 704 705
706 705 704
705 706 707
708 707 706
706 709 708
708 709 710
711 710 709
710 711 712
711 713 712
713 711 714
714 715 713
715 714 716
715 716 717
718 719 720
719 721 720
721 719 722
722 723 721
724 723 722
724 722 725
725 722 719
724 726 723
726 724 727
727 728 726
728 727 729
729 730 728
730 729 731
732 730 731
725 719 733
718 720 734
732 735 730
736 735 732
736 737 735
736 738 737
736 739 738
739 740 738
739 741 740
742 740 741
740 742 743
744 743 742
743 744 745
746 745 744
745 746 747
746 748 747
746 749 748
748 750 747
750 748 751
749 751 748
751 752 750
718 752 751
749 753 751
718 734 752
754 755 756
755 754 757
758 755 757
755 758 759
760 759 758
759 760 761
762 761 760
761 762 763
762 764 763
764 762 765
765 766 764
766 765 767
768 766 767
766 768 769
770 769 768
769 770 771
770 772 771
772 770 773
773 774 772
774 773 775
775 776 774
776 775 777
778 776 777
776 778 779
780 781 782
782 781 783
783 784 782
783 785 784
785 783 786
787 785 786
784 788 782
782 788 789
790 780 782
791 790 782
790 791 792
793 792 791
792 793 794
794 793 795
794 795 796
795 797 796
796 797 798
798 799 796
798 800 799
801 802 803
803 802 804
803 805 801
803 806 805
805 807 801
808 807 805
807 808 809
809 808 810
806 803 811
812 803 804
804 813 812
813 814 812
814 813 815
815 816 814
815 817 816
817 818 816
819 818 817
818 819 820
819 821 820
822 823 824
823 822 825
826 823 825
823 826 827
828 827 826
827 828 829
830 829 828
829 830 831
832 831 830
831 832 833
834 833 832
835 833 834
834 832 836
837 838 839
840 838 837
837 841 840
841 837 842
843 841 842
841 843 844
845 844 843
844 845 846
847 846 845
846 847 848
840 849 838
850 851 852
851 850 853
854 853 850
853 854 855
856 855 854
855 856 857
858 859 860
859 858 861
862 861 858
861 862 863
864 863 862
863 864 865
866 865 864
865 866 867
868 869 870
869 868 871
872 873 874
873 875 874
875 873 876
877 875 876
875 877 878
879 878 877
876 873 880
873 881 880
882 873 872
883 873 882
882 884 883
884 885 883
885 884 886
886 887 885
886 888 887
888 889 887
888 890 889
890 888 891
890 891 892
893 894 895
894 896 895
894 893 897
894 897 898
897 893 899
899 900 897
900 899 901
901 902 900
898 903 894
904 896 894
896 904 905
906 905 904
905 906 907
907 906 908
907 908 909
908 910 909
910 911 909
911 910 912
911 912 913
914 915 916
915 914 917
915 918 916
918 915 919
920 918 919
918 920 921
920 922 921
922 920 923
923 924 922
924 923 925
926 924 925
927 926 925
926 928 924
929 930 931
932 929 931
933 929 932
929 933 934
933 935 934
935 933 936
936 937 935
937 936 938
938 939 937
939 938 940
932 931 941
942 943 944
943 942 945
945 946 943
946 945 947
947 948 946
948 947 949
950 951 952
951 950 953
953 954 951
954 953 955
955 956 954
956 955 957
957 958 956
958 957 959
960 961 962
961 960 963
964 965 966
965 967 966
967 965 968
969 967 968
967 969 970
971 970 969
968 965 972
965 973 972
974 965 964
975 965 974
974 976 975
976 977 975
977 976 978
978 979 977
978 980 979
980 981 979
980 982 981
982 980 983
982 983 984
985 986 987
986 988 987
986 985 989
986 989 990
989 985 991
991 992 989
992 991 993
993 994 992
990 995 986
996 988 986
988 996 997
998 997 996
997 998 999
999 998 1000
999 1000 1001
1000 1002 1001
1002 1003 1001
1003 1002 1004
1003 1004 1005
1006 1007 1008
1007 1006 1009
1007 1010 1008
1010 1007 1011
1012 1010 1011
1010 1012 1013
1012 1014 1013
1014 1012 1015
1015 1016 1014
1016 1015 1017
1018 1016 1017
1019 1018 1017
1018 1020 1016
1021 1022 1023
1024 1021 1023
1025 1021 1024
1021 1025 1026
1025 1027 1026
1027 1025 1028
1028 1029 1027
1029 1028 1030
1030 1031 1029
1031 1030 1032
1024 1023 1033
1034 1035 1036
1035 1034 1037
1037 1038 1035
1038 1037 1039
1039 1040 1038
1040 1039 1041
1042 1043 1044
1043 1042 1045
1045 1046 1043
1046 1045 1047
1047 1048 1046
1048 1047 1049
1049 1050 1048
1050 1049 1051
1052 1053 1054
1053 1052 1055
1056 1057 1058
1056 1059 1057
1056 1060 1059
1061 1057 1059
1059 1062 1061
1062 1063 1061
1062 1064 1063
1065 1063 1064
1065 1066 1063
1066 1065 1067
1068 1067 1065
1068 1069 1067
1069 1068 1070
1066 1067 1071
1066 1071 1072
1072 1071 1073
1071 1074 1073
1075 1074 1071
1067 1075 1071
1072 1073 1076
1077 1072 1076
1072 1077 1078
1066 1072 1078
1078 1063 1066
1061 1063 1078
1078 1079 1061
1079 1057 1061
1079 1058 1057
1058 1079 1080
1080 1078 1077
1078 1080 1079
1074 1075 1081
1075 1082 1081
1075 1083 1082
1083 1084 1082
1084 1083 1085
1085 1086 1084
1087 1086 1085
1086 1087 1088
1087 1089 1088
1089 1087 1085
1089 1090 1088
1091 1089 1085
1090 1092 1088
1093 1092 1090
1083 1069 1085
1083 1067 1069
1075 1067 1083
1070 1085 1069
1085 1070 1091
1093 1090 1094
1089 1095 1090
1090 1095 1094
1091 1096 1089
1070 1096 1091
1097 1095 1089
1089 1096 1097
1097 1096 1098
1098 1095 1097
1096 1099 1098
1099 1096 1100
1100 1101 1099
1102 1101 1100
1102 1103 1101
1104 1103 1102
1102 1105 1104
1105 1106 1104
1107 1106 1105
1107 1108 1106
1107 1109 1108
1109 1107 1110
1111 1107 1105
1111 1110 1107
1111 1105 1112
1112 1105 1102
1102 1100 1112
1111 1112 1065
1065 1113 1111
1110 1111 1113
1068 1065 1112
1114 1068 1112
1068 1114 1070
1065 1064 1113
1062 1113 1064
1062 1115 1113
1115 1110 1113
1059 1115 1062
1115 1059 1116
1117 1116 1059
1117 1118 1116
1117 1059 1060
1119 1116 1118
1119 1115 1116
1118 1120 1119
1110 1115 1119
1096 1070 1114
1100 1096 1114
1100 1114 1112
1121 1122 1123
1122 1121 1124
1125 1124 1121
1124 1125 1126
1127 1126 1125
1126 1127 1128
1129 1128 1127
1128 1129 1130
1130 1129 1131
1132 1130 1131
1132 1131 1133
1134 1132 1133
1135 1134 1133
1134 1135 1136
1137 1138 1139
1140 1139 1138
1140 1138 1141
1142 1141 1138
1142 1138 1143
1144 1143 1138
1144 1138 1145
1146 1145 1138
1146 1138 1147
1148 1147 1138
1148 1138 1149
1137 1149 1138
1150 1151 1152
1151 1150 1153
1153 1154 1151
1154 1153 1155
1155 1156 1154
1156 1155 1157
1157 1158 1156
1158 1157 1159
1159 1160 1158
1161 1160 1159
1161 1162 1160
1163 1162 1161
1163 1164 1162
1164 1163 1165
1166 1167 1168
1169 1166 1168
1166 1170 1167
1167 1170 1171
1171 1172 1167
1171 1173 1172
1173 1174 1172
1174 1175 1172
1175 1174 1176
1177 1167 1172
1175 1178 1172
1179 1172 1178
1177 1172 1179
1178 1175 1180
1167 1177 1181
1168 1167 1181
1175 1176 1182
1175 1182 1183
1183 1184 1175
1184 1183 1185
1185 1186 1184
1187 1186 1185
1175 1184 1188
1189 1188 1184
1184 1186 1189
1190 1189 1186
1187 1190 1186
1190 1187 1191
1188 1192 1175
1175 1192 1180
1187 1193 1194
1193 1187 1195
1193 1195 1196
1196 1195 1197
1197 1198 1196
1198 1197 1199
1199 1197 1183
1200 1183 1197
1187 1200 1195
1197 1195 1200
1183 1201 1199
1199 1202 1198
1199 1203 1202
1199 1204 1203
1204 1199 1205
1206 1204 1205
1207 1206 1205
1207 1205 1208
1208 1209 1207
1210 1209 1208
1210 1208 1211
1212 1210 1211
1213 1208 1205
1199 1214 1205
1215 1205 1214
1213 1205 1215
1208 1213 1216
1211 1208 1216
1214 1199 1217
1199 1201 1217
1218 1219 1220
1218 1221 1219
1218 1222 1221
1223 1219 1221
1221 1224 1223
1224 1225 1223
1224 1226 1225
1227 1225 1226
1227 1228 1225
1228 1227 1229
1230 1229 1227
1230 1231 1229
1231 1230 1232
1228 1229 1233
1228 1233 1234
1234 1233 1235
1233 1236 1235
1237 1236 1233
1229 1237 1233
1234 1235 1238
1239 1234 1238
1234 1239 1240
1228 1234 1240
1240 1225 1228
1223 1225 1240
1240 1241 1223
1241 1219 1223
1241 1220 1219
1220 1241 1242
1236 1237 1243
1237 1244 1243
1237 1245 1244
1245 1246 1244
1246 1245 1247
1247 1248 1246
1249 1248 1247
1248 1249 1250
1249 1251 1250
1251 1249 1247
1251 1252 1250
1253 1251 1247
1252 1254 1250
1255 1254 1252
1245 1231 1247
1245 1229 1231
1237 1229 1245
1232 1247 1231
1247 1232 1253
1255 1252 1256
1251 1257 1252
1252 1257 1256
1253 1258 1251
1232 1258 1253
1259 1257 1251
1251 1258 1259
1259 1258 1260
1260 1257 1259
1258 1261 1260
1261 1258 1262
1262 1263 1261
1264 1263 1262
1264 1265 1263
1266 1265 1264
1264 1267 1266
1267 1268 1266
1269 1268 1267
1269 1270 1268
1269 1271 1270
1271 1269 1272
1273 1269 1267
1273 1272 1269
1273 1267 1274
1274 1267 1264
1264 1262 1274
1273 1274 1227
1227 1275 1273
1272 1273 1275
1230 1227 1274
1276 1230 1274
1230 1276 1232
1227 1226 1275
1224 1275 1226
1224 1277 1275
1277 1272 1275
1221 1277 1224
1277 1221 1278
1279 1278 1221
1279 1280 1278
1279 1221 1222
1281 1278 1280
1281 1277 1278
1280 1282 1281
1272 1277 1281
1282 1272 1281
1258 1232 1276
1262 1258 1276
1262 1276 1274
1272 1282 1271
1283 1284 1285
1284 1283 1286
1287 1286 1283
1286 1287 1288
1289 1288 1287
1288 1289 1290
1291 1290 1289
1290 1291 1292
1292 1291 1293
1294 1292 1293
1294 1293 1295
1296 1294 1295
1297 1296 1295
1296 1297 1298
1299 1300 1301
1300 1299 1302
1302 1303 1300
1303 1302 1304
1304 1305 1303
1305 1304 1306
1306 1307 1305
1307 1306 1308
1308 1309 1307
1310 1309 1308
1310 1311 1309
1312 1311 1310
1312 1313 1311
1313 1312 1314
1315 1316 1317
1315 1318 1316
1315 1319 1318
1320 1316 1318
1318 1321 1320
1321 1322 1320
1321 1323 1322
1324 1322 1323
1324 1325 1322
1325 1324 1326
1327 1326 1324
1327 1328 1326
1328 1327 1329
1325 1326 1330
1325 1330 1331
1331 1330 1332
1330 1333 1332
1334 1333 1330
1326 1334 1330
1331 1332 1335
1336 1331 1335
1331 1336 1337
1325 1331 1337
1337 1322 1325
1320 1322 1337
1337 1338 1320
1338 1316 1320
1338 1317 1316
1317 1338 1339
1339 1337 1336
1337 1339 1338
1333 1334 1340
1334 1341 1340
1334 1342 1341
1342 1343 1341
1343 1342 1344
1344 1345 1343
1346 1345 1344
1345 1346 1347
1346 1348 1347
1348 1346 1344
1348 1349 1347
1350 1348 1344
1349 1351 1347
1352 1351 1349
1342 1328 1344
1342 1326 1328
1334 1326 1342
1329 1344 1328
1344 1329 1350
1352 1349 1353
1348 1354 1349
1349 1354 1353
1350 1355 1348
1329 1355 1350
1356 1354 1348
1348 1355 1356
1356 1355 1357
1357 1354 1356
1355 1358 1357
1358 1355 1359
1359 1360 1358
1361 1360 1359
1361 1362 1360
1363 1362 1361
1361 1364 1363
1364 1365 1363
1366 1365 1364
1366 1367 1365
1366 1368 1367
1368 1366 1369
1370 1366 1364
1370 1369 1366
1370 1364 1371
1371 1364 1361
1361 1359 1371
1370 1371 1324
1324 1372 1370
1369 1370 1372
1327 1324 1371
1373 1327 1371
1327 1373 1329
1324 1323 1372
1321 1372 1323
1321 1374 1372
1374 1369 1372
1318 1374 1321
1374 1318 1375
1376 1375 1318
1376 1377 1375
1376 1318 1319
1378 1375 1377
1378 1374 1375
1377 1379 1378
1369 1374 1378
1355 1329 1373
1359 1355 1373
1359 1373 1371
1380 1381 1382
1381 1380 1383
1384 1383 1380
1383 1384 1385
1386 1385 1384
1385 1386 1387
1388 1387 1386
1387 1388 1389
1389 1388 1390
1391 1389 1390
1391 1390 1392
1393 1391 1392
1394 1393 1392
1393 1394 1395
1396 1397 1398
1397 1396 1399
1399 1400 1397
1400 1399 1401
1401 1402 1400
1402 1401 1403
1403 1404 1402
1404 1403 1405
1405 1406 1404
1407 1406 1405
1407 1408 1406
1409 1408 1407
1409 1410 1408
1410 1409 1411
1412 1413 1414
1415 1412 1414
1412 1416 1413
1413 1416 1417
1417 1418 1413
1417 1419 1418
1419 1420 1418
1420 1421 1418
1421 1420 1422
1423 1413 1418
1421 1424 1418
1425 1418 1424
1423 1418 1425
1424 1421 1426
1413 1423 1427
1414 1413 1427
1421 1422 1428
1421 1428 1429
1429 1430 1421
1430 1429 1431
1431 1432 1430
1433 1432 1431
1421 1430 1198
1434 1198 1430
1430 1432 1434
1193 1434 1432
1433 1193 1432
1193 1433 1435
1198 1436 1421
1421 1436 1426
1433 1437 1438
1437 1433 1439
1437 1439 1440
1440 1439 1441
1441 1442 1440
1442 1441 1443
1433 1444 1439
1441 1439 1444
1444 1429 1441
1443 1441 1429
1429 1445 1443
1443 1446 1442
1443 1447 1446
1443 1448 1447
1448 1443 1449
1450 1448 1449
1451 1450 1449
1451 1449 1452
1452 1453 1451
1454 1453 1452
1454 1452 1455
1456 1454 1455
1457 1452 1449
1443 1458 1449
1459 1449 1458
1457 1449 1459
1452 1457 1460
1455 1452 1460
1458 1443 1461
1443 1445 1461
1462 1463 1464
1462 1465 1463
1462 1466 1465
1467 1463 1465
1465 1468 1467
1468 1469 1467
1468 1470 1469
1471 1469 1470
1471 1472 1469
1472 1471 1473
1474 1473 1471
1474 1475 1473
1475 1474 1476
1472 1473 1477
1472 1477 1478
1478 1477 1479
1477 1480 1479
1481 1480 1477
1473 1481 1477
1478 1479 1482
1483 1478 1482
1478 1483 1484
1472 1478 1484
1484 1469 1472
1467 1469 1484
1484 1485 1467
1485 1463 1467
1485 1464 1463
1464 1485 1486
1480 1481 1487
1481 1488 1487
1481 1489 1488
1489 1490 1488
1490 1489 1491
1491 1492 1490
1493 1492 1491
1492 1493 1494
1493 1495 1494
1495 1493 1491
1495 1496 1494
1497 1495 1491
1496 1498 1494
1499 1498 1496
1489 1475 1491
1489 1473 1475
1481 1473 1489
1476 1491 1475
1491 1476 1497
1499 1496 1500
1495 1501 1496
1496 1501 1500
1497 1502 1495
1476 1502 1497
1503 1501 1495
1495 1502 1503
1503 1502 1504
1504 1501 1503
1502 1505 1504
1505 1502 1506
1506 1507 1505
1508 1507 1506
1508 1509 1507
1510 1509 1508
1508 1511 1510
1511 1512 1510
1513 1512 1511
1513 1514 1512
1513 1515 1514
1515 1513 1516
1517 1513 1511
1517 1516 1513
1517 1511 1518
1518 1511 1508
1508 1506 1518
1517 1518 1471
1471 1519 1517
1516 1517 1519
1474 1471 1518
1520 1474 1518
1474 1520 1476
1471 1470 1519
1468 1519 1470
1468 1521 1519
1521 1516 1519
1465 1521 1468
1521 1465 1522
1523 1522 1465
1523 1524 1522
1523 1465 1466
1525 1522 1524
1525 1521 1522
1524 1526 1525
1516 1521 1525
1526 1516 1525
1502 1476 1520
1506 1502 1520
1506 1520 1518
1516 1526 1515
1527 1528 1529
1528 1527 1530
1531 1530 1527
1530 1531 1532
1533 1532 1531
1532 1533 1534
1535 1534 1533
1534 1535 1536
1536 1535 1537
1538 1536 1537
1538 1537 1539
1540 1538 1539
1541 1540 1539
1540 1541 1542
1543 1544 1545
1544 1543 1546
1546 1547 1544
1547 1546 1548
1548 1549 1547
1549 1548 1550
1550 1551 1549
1551 1550 1552
1552 1553 1551
1554 1553 1552
1554 1555 1553
1556 1555 1554
1556 1557 1555
1557 1556 1558
1559 1560 1561
1559 1562 1560
1559 1563 1562
1564 1560 1562
1562 1565 1564
1565 1566 1564
1565 1567 1566
1568 1566 1567
1568 1569 1566
1569 1568 1570
1571 1570 1568
1571 1572 1570
1572 1571 1573
1569 1570 1574
1569 1574 1575
1575 1574 1576
1574 1577 1576
1578 1577 1574
1570 1578 1574
1575 1576 1579
1580 1575 1579
1575 1580 1581
1569 1575 1581
1581 1566 1569
1564 1566 1581
1581 1582 1564
1582 1560 1564
1582 1561 1560
1561 1582 1583
1583 1581 1580
1581 1583 1582
1577 1578 1584
1578 1585 1584
1578 1586 1585
1586 1587 1585
1587 1586 1588
1588 1589 1587
1590 1589 1588
1589 1590 1591
1590 1592 1591
1592 1590 1588
1592 1593 1591
1594 1592 1588
1593 1595 1591
1596 1595 1593
1586 1572 1588
1586 1570 1572
1578 1570 1586
1573 1588 1572
1588 1573 1594
1596 1593 1597
1592 1598 1593
1593 1598 1597
1594 1599 1592
1573 1599 1594
1600 1598 1592
1592 1599 1600
1600 1599 1601
1601 1598 1600
1599 1602 1601
1602 1599 1603
1603 1604 1602
1605 1604 1603
1605 1606 1604
1607 1606 1605
1605 1608 1607
1608 1609 1607
1610 1609 1608
1610 1611 1609
1610 1612 1611
1612 1610 1613
1614 1610 1608
1614 1613 1610
1614 1608 1615
1615 1608 1605
1605 1603 1615
1614 1615 1568
1568 1616 1614
1613 1614 1616
1571 1568 1615
1617 1571 1615
1571 1617 1573
1568 1567 1616
1565 1616 1567
1565 1618 1616
1618 1613 1616
1562 1618 1565
1618 1562 1619
1620 1619 1562
1620 1621 1619
1620 1562 1563
1622 1619 1621
1622 1618 1619
1621 1623 1622
1613 1618 1622
1599 1573 1617
1603 1599 1617
1603 1617 1615
1624 1625 1626
1625 1624 1627
1628 1627 1624
1627 1628 1629
1630 1629 1628
1629 1630 1631
1632 1631 1630
1631 1632 1633
1633 1632 1634
1635 1633 1634
1635 1634 1636
1637 1635 1636
1638 1637 1636
1637 1638 1639
1640 1641 1642
1641 1640 1643
1643 1644 1641
1644 1643 1645
1645 1646 1644
1646 1645 1647
1647 1648 1646
1648 1647 1649
1649 1650 1648
1651 1650 1649
1651 1652 1650
1653 1652 1651
1653 1654 1652
1654 1653 1655
1656 1657 1658
1659 1656 1658
1656 1660 1657
1657 1660 1661
1661 1662 1657
1661 1663 1662
1663 1664 1662
1664 1665 1662
1665 1664 1666
1667 1657 1662
1665 1668 1662
1669 1662 1668
1667 1662 1669
1668 1665 1670
1657 1667 1671
1658 1657 1671
1665 1666 1672
1665 1672 1673
1673 1674 1665
1674 1673 1675
1675 1676 1674
1677 1676 1675
1665 1674 1442
1678 1442 1674
1674 1676 1678
1437 1678 1676
1677 1437 1676
1437 1677 1679
1442 1680 1665
1665 1680 1670
1677 1190 1681
1190 1677 1682
1190 1682 1683
1683 1682 1684
1684 1188 1683
1188 1684 1685
1677 1686 1682
1684 1682 1686
1686 1673 1684
1685 1684 1673
1673 1687 1685
1685 1688 1188
1685 1689 1688
1685 1690 1689
1690 1685 1691
1692 1690 1691
1693 1692 1691
1693 1691 1694
1694 1695 1693
1696 1695 1694
1696 1694 1697
1698 1696 1697
1699 1694 1691
1685 1700 1691
1701 1691 1700
1699 1691 1701
1694 1699 1702
1697 1694 1702
1700 1685 1703
1685 1687 1703
1704 1705 1706
1704 1707 1705
1704 1708 1707
1709 1705 1707
1707 1710 1709
1710 1711 1709
1710 1712 1711
1713 1711 1712
1713 1714 1711
1714 1713 1715
1716 1715 1713
1716 1717 1715
1717 1716 1718
1714 1715 1719
1714 1719 1720
1720 1719 1721
1719 1722 1721
1723 1722 1719
1715 1723 1719
1720 1721 1724
1725 1720 1724
1720 1725 1726
1714 1720 1726
1726 1711 1714
1709 1711 1726
1726 1727 1709
1727 1705 1709
1727 1706 1705
1706 1727 1728
1722 1723 1729
1723 1730 1729
1723 1731 1730
1731 1732 1730
1732 1731 1733
1733 1734 1732
1735 1734 1733
1734 1735 1736
1735 1737 1736
1737 1735 1733
1737 1738 1736
1739 1737 1733
1738 1740 1736
1741 1740 1738
1731 1717 1733
1731 1715 1717
1723 1715 1731
1718 1733 1717
1733 1718 1739
1741 1738 1742
1737 1743 1738
1738 1743 1742
1739 1744 1737
1718 1744 1739
1745 1743 1737
1737 1744 1745
1745 1744 1746
1746 1743 1745
1744 1747 1746
1747 1744 1748
1748 1749 1747
1750 1749 1748
1750 1751 1749
1752 1751 1750
1750 1753 1752
1753 1754 1752
1755 1754 1753
1755 1756 1754
1755 1757 1756
1757 1755 1758
1759 1755 1753
1759 1758 1755
1759 1753 1760
1760 1753 1750
1750 1748 1760
1759 1760 1713
1713 1761 1759
1758 1759 1761
1716 1713 1760
1762 1716 1760
1716 1762 1718
1713 1712 1761
1710 1761 1712
1710 1763 1761
1763 1758 1761
1707 1763 1710
1763 1707 1764
1765 1764 1707
1765 1766 1764
1765 1707 1708
1767 1764 1766
1767 1763 1764
1766 1768 1767
1758 1763 1767
1768 1758 1767
1744 1718 1762
1748 1744 1762
1748 1762 1760
1758 1768 1757
1769 1770 1771
1770 1769 1772
1773 1772 1769
1772 1773 1774
1775 1774 1773
1774 1775 1776
1777 1776 1775
1776 1777 1778
1778 1777 1779
1780 1778 1779
1780 1779 1781
1782 1780 1781
1783 1782 1781
1782 1783 1784
1785 1786 1787
1786 1785 1788
1788 1789 1786
1789 1788 1790
1790 1791 1789
1791 1790 1792
1792 1793 1791
1793 1792 1794
1794 1795 1793
1796 1795 1794
1796 1797 1795
1798 1797 1796
1798 1799 1797
1799 1798 1800
1801 1802 1803
1802 1801 1804
1803 1805 1801
1805 1803 1806
1806 1807 1805
1807 1806 1808
1808 1809 1807
1809 1808 1810
1811 1809 1810
1809 1811 1812
1811 1813 1812
1813 1811 1814
1815 1816 1817
1816 1815 1818
1816 1819 1817
1819 1816 1820
1820 1821 1819
1821 1820 1822
1822 1823 1821
1823 1822 1824
1824 1825 1823
1825 1824 1826
1827 1828 1829
1828 1827 1830
1831 1832 1833
1832 1831 1834
1835 1833 1832
1833 1835 1836
1837 1836 1835
1836 1837 1838
1839 1838 1837
1838 1839 1840
1839 1841 1840
1841 1839 1842
1843 1841 1842
1841 1843 1844
1845 1846 1847
1846 1845 1848
1849 1846 1848
1846 1849 1850
1851 1850 1849
1850 1851 1852
1853 1852 1851
1852 1853 1854
1855 1854 1853
1854 1855 1856
1857 1858 1859
1858 1857 1860
1861 1862 1863
1862 1861 1864
1861 1865 1864
1865 1861 1866
1866 1867 1865
1867 1868 1865
1867 1869 1868
1869 1870 1868
1870 1871 1868
1870 1872 1871
1872 1873 1871
1873 1874 1871
1873 1875 1874
1875 1876 1874
1876 1875 1877
1878 1876 1877
1876 1878 1879
1880 1879 1878
1880 1881 1879
1882 1881 1880
1883 1881 1882
1883 1884 1881
1885 1884 1883
1886 1884 1885
1886 1887 1884
1888 1887 1886
1889 1887 1888
1887 1889 1890
1889 1891 1890
1891 1889 1892
1893 1894 1895
1894 1893 1896
1897 1893 1895
1893 1897 1898
1898 1897 1899
1897 1900 1899
1900 1901 1899
1901 1900 1902
1900 1903 1902
1903 1904 1902
1904 1903 1905
1903 1906 1905
1906 1907 1905
1908 1907 1906
1907 1908 1909
1908 1910 1909
1910 1908 1911
1911 1912 1910
1913 1912 1911
1914 1912 1913
1913 1915 1914
1916 1915 1913
1917 1915 1916
1916 1918 1917
1919 1918 1916
1920 1918 1919
1919 1921 1920
1921 1919 1922
1923 1921 1922
1921 1923 1924
1925 1926 1927
1926 1925 1928
1927 1929 1925
1929 1927 1930
1930 1931 1929
1931 1930 1932
1932 1933 1931
1933 1932 1934
1934 1935 1933
1935 1934 1936
1936 1937 1935
1937 1936 1938
1939 1937 1938
1937 1939 1940
1941 1940 1939
1940 1941 1942
1943 1942 1941
1942 1943 1944
1945 1944 1943
1944 1945 1946
1947 1946 1945
1946 1947 1948
1949 1948 1947
1948 1949 1950
1951 1952 1953
1952 1951 1954
1955 1956 1957
1956 1955 1958
1959 1960 1961
1960 1959 1962
1962 1963 1960
1963 1962 1964
1965 1959 1961
1959 1965 1966
1965 1967 1966
1967 1965 1968
1969 1967 1968
1967 1969 1970
1969 1971 1970
1971 1969 1972
1973 1971 1972
1971 1973 1974
1973 1975 1974
1975 1973 1976
1977 1963 1964
1963 1977 1978
1979 1978 1977
1978 1979 1980
1979 1981 1980
1981 1979 1982
1983 1981 1982
1981 1983 1984
1983 1985 1984
1985 1983 1986
1987 1985 1986
1985 1987 1988
1987 1989 1988
1989 1987 1990
1991 1989 1990
1989 1991 1992
1993 1994 1995
1994 1993 1996
1997 1998 1999
1998 1997 2000
2001 2002 2003
2002 2001 2004
2005 2003 2002
2003 2005 2006
2007 2006 2005
2006 2007 2008
2007 2009 2008
2009 2007 2010
2010 2011 2009
2011 2010 2012
2012 2013 2011
2013 2012 2014
2001 2015 2004
2015 2001 2016
2016 2017 2015
2017 2016 2018
2018 2019 2017
2019 2018 2020
2021 2019 2020
2019 2021 2022
2023 2022 2021
2022 2023 2024
2025 2024 2023
2024 2025 2026
2027 2013 2014
2013 2027 2028
2029 2028 2027
2028 2029 2030
2031 2030 2029
2030 2031 2032
2031 2033 2032
2033 2031 2034
2034 2035 2033
2035 2034 2036
2036 2037 2035
2037 2036 2038
2039 2037 2038
2037 2039 2040
2041 2040 2039
2040 2041 2042
2043 2042 2041
2042 2043 2044
2043 2045 2044
2045 2043 2046
2046 2047 2045
2047 2046 2048
2048 2025 2047
2025 2048 2026
2049 2050 2051
2049 2052 2050
2052 2049 2053
2054 2050 2052
2050 2054 2055
2056 2050 2055
2050 2056 2051
2057 2055 2054
2055 2057 2058
2056 2055 2058
2059 2056 2058
2059 2058 2060
2057 2060 2058
2060 2057 2061
2061 2062 2060
2059 2060 2062
2063 2059 2062
2063 2062 2064
2065 2064 2062
2062 2061 2065
2064 2065 2066
2063 2067 2059
2059 2067 2068
2059 2068 2056
2056 2068 2069
2068 2070 2069
2067 2071 2068
2068 2071 2070
2067 2072 2071
2067 2073 2072
2074 2073 2067
2074 2067 2063
2075 2069 2070
2051 2069 2075
2056 2069 2051
2076 2051 2075
2076 2075 2077
2078 2076 2077
2077 2075 2079
2075 2070 2079
2077 2079 2080
2077 2080 2081
2082 2077 2081
2082 2078 2077
2083 2078 2082
2083 2084 2078
2078 2084 2085
2078 2085 2086
2078 2086 2076
2076 2086 2087
2076 2087 2088
2076 2088 2051
2049 2051 2088
2084 2089 2085
2089 2084 2090
2090 2084 2091
2083 2091 2084
2085 2092 2086
2092 2085 2089
2092 2087 2086
2087 2092 2093
2093 2088 2087
2094 2049 2088
2088 2093 2094
2049 2094 2053
2083 2082 2095
2083 2095 2096
2083 2096 2091
2095 2097 2096
2091 2096 2098
2099 2096 2097
2096 2099 2098
2097 2100 2099
2100 2097 2101
2095 2101 2097
2095 2102 2101
2102 2103 2101
2103 2100 2101
2100 2103 2104
2105 2104 2103
2102 2105 2103
2102 2106 2105
2107 2105 2106
2107 2108 2105
2104 2105 2108
2108 2107 2109
2107 2110 2109
2110 2107 2111
2107 2106 2111
2106 2112 2111
2112 2113 2111
2114 2113 2112
2115 2113 2114
2116 2115 2114
2117 2116 2114
2117 2114 2112
2118 2116 2117
2118 2119 2116
2115 2116 2119
2119 2118 2120
2064 2120 2118
2063 2064 2118
2063 2118 2117
2120 2064 2066
2113 2115 2121
2111 2121 2110
2121 2111 2113
2063 2117 2122
2117 2123 2122
2117 2112 2123
2112 2124 2123
2123 2124 2125
2122 2123 2126
2123 2125 2126
2122 2126 2127
2122 2127 2073
2074 2122 2073
2074 2063 2122
2128 2125 2124
2106 2128 2124
2112 2106 2124
2102 2128 2106
2102 2129 2128
2095 2129 2102
2129 2130 2128
2128 2130 2125
2129 2131 2130
2129 2081 2131
2082 2081 2129
2082 2129 2095
2132 2133 2134
2133 2132 2135
2136 2134 2133
2134 2136 2137
2138 2137 2136
2137 2138 2139
2140 2139 2138
2139 2140 2141
2140 2142 2141
2142 2140 2143
2143 2144 2142
2144 2143 2145
2146 2144 2145
2144 2146 2147
2148 2147 2146
2147 2148 2149
2148 2150 2149
2150 2148 2151
2151 2152 2150
2152 2151 2153
2153 2154 2152
2154 2153 2155
2155 2156 2154
2156 2155 2157
2158 2156 2157
2156 2158 2159
2160 2159 2158
2159 2160 2161
2162 2161 2160
2161 2162 2163
2164 2163 2162
2163 2164 2165
2164 2166 2165
2166 2164 2167
2167 2168 2166
2168 2167 2169
2170 2168 2169
2168 2170 2171
2172 2171 2170
2171 2172 2173
2172 2174 2173
2174 2172 2175
2175 2176 2174
2176 2175 2177
2177 2178 2176
2178 2177 2179
2179 2132 2178
2132 2179 2135
2180 2181 2182
2181 2180 2183
2182 2184 2180
2184 2182 2185
2185 2186 2184
2186 2185 2187
2188 2186 2187
2186 2188 2189
2190 2189 2188
2189 2190 2191
2192 2191 2190
2191 2192 2193
2192 2194 2193
2194 2192 2195
2195 2196 2194
2196 2195 2197
2197 2198 2196
2198 2197 2199
2200 2198 2199
2198 2200 2201
2202 2201 2200
2201 2202 2203
2204 2203 2202
2203 2204 2205
2204 2206 2205
2206 2204 2207
2207 2208 2206
2208 2207 2209
2209 2210 2208
2210 2209 2211
2212 2210 2211
2210 2212 2213
2214 2213 2212
2213 2214 2215
2216 2215 2214
2215 2216 2217
2216 2218 2217
2218 2216 2219
2219 2220 2218
2220 2219 2221
2221 2222 2220
2222 2221 2223
2224 2222 2223
2222 2224 2225
2226 2225 2224
2225 2226 2227
2181 2227 2226
2227 2181 2183
2228 2229 2230
2231 2229 2228
2232 2229 2231
2228 2230 2233
2234 2229 2232
2235 2234 2232
2236 2234 2235
2237 2234 2236
2238 2237 2236
2238 2239 2237
2237 2239 2240
2239 2241 2240
2241 2242 2240
2240 2242 2243
2242 2244 2243
2244 2245 2243
2245 2246 2243
2245 2247 2246
2248 2246 2247
2248 2249 2246
2250 2249 2248
2251 2249 2250
2252 2249 2251
2253 2252 2251
2254 2252 2253
2255 2252 2254
2256 2255 2254
2256 2257 2255
2255 2257 2258
2257 2259 2258
2259 2260 2258
2258 2260 2261
2260 2262 2261
2262 2263 2261
2263 2230 2261
2263 2233 2230
2264 2265 2266
2267 2265 2264
2268 2265 2267
2268 2269 2265
2269 2270 2265
2270 2271 2265
2272 2266 2265
2273 2272 2265
2274 2273 2265
2275 2265 2271
2276 2265 2275
2274 2265 2276
2277 2278 2279
2278 2277 2280
2277 2281 2280
2281 2277 2282
2282 2283 2281
2283 2282 2284
2285 2283 2284
2283 2285 2286
2287 2286 2285
2286 2287 2288
2287 2289 2288
2289 2287 2290
2291 2289 2290
2289 2291 2292
2291 2293 2292
2293 2291 2294
2294 2295 2293
2295 2294 2296
2297 2295 2296
2295 2297 2298
2299 2298 2297
2298 2299 2300
2299 2301 2300
2301 2299 2302
2303 2301 2302
2301 2303 2304
2303 2305 2304
2305 2303 2306
2306 2307 2305
2307 2306 2308
2309 2307 2308
2307 2309 2310
2311 2310 2309
2310 2311 2312
2311 2313 2312
2313 2311 2314
2315 2313 2314
2313 2315 2316
2315 2317 2316
2317 2315 2318
2318 2319 2317
2319 2318 2320
2321 2319 2320
2319 2321 2322
2323 2322 2321
2322 2323 2324
2323 2278 2324
2278 2323 2279
2325 2326 2327
2326 2325 2328
2329 2325 2327
2325 2329 2330
2331 2330 2329
2330 2331 2332
2333 2327 2326
2326 2334 2333
2327 2333 2335
2329 2327 2336
2335 2336 2327
2336 2337 2329
2337 2336 2338
2336 2339 2338
2339 2336 2340
2336 2335 2340
2340 2341 2339
2341 2340 2342
2340 2335 2342
2331 2343 2332
2343 2331 2344
2344 2345 2343
2345 2344 2346
2347 2345 2346
2345 2347 2348
2347 2346 2349
2349 2350 2347
2347 2350 2351
2352 2351 2350
2351 2352 2353
2350 2354 2352
2354 2350 2349
2344 2355 2346
2355 2356 2346
2356 2349 2346
2357 2355 2344
2355 2357 2358
2359 2355 2358
2355 2359 2356
2356 2360 2349
2360 2356 2359
2347 2361 2348
2361 2347 2362
2363 2361 2362
2361 2363 2364
2365 2364 2363
2364 2365 2366
2365 2367 2366
2367 2365 2368
2368 2369 2367
2369 2368 2370
2371 2369 2370
2369 2371 2372
2370 2373 2371
2371 2373 2374
2373 2370 2375
2368 2376 2370
2375 2370 2376
2377 2376 2368
2376 2377 2378
2379 2376 2378
2376 2379 2380
2376 2380 2375
2381 2380 2379
2380 2381 2382
2380 2382 2375
2374 2373 2383
2371 2384 2372
2384 2371 2385
2386 2384 2385
2384 2386 2387
2388 2387 2386
2387 2388 2389
2386 2385 2390
2390 2391 2386
2391 2390 2392
2390 2393 2392
2393 2390 2394
2394 2395 2393
2395 2394 2396
2397 2390 2385
2390 2397 2394
2394 2397 2396
2385 2398 2397
2398 2385 2371
2371 2374 2398
2388 2399 2389
2399 2388 2400
2400 2401 2399
2401 2400 2402
2403 2401 2402
2401 2403 2404
2403 2405 2404
2405 2403 2406
2407 2405 2406
2405 2407 2408
2409 2408 2407
2408 2409 2410
2409 2411 2410
2411 2409 2412
2412 2413 2411
2413 2412 2414
2326 2413 2414
2413 2326 2328
2414 2415 2326
2326 2415 2334
2415 2414 2416
2412 2417 2414
2416 2414 2417
2418 2417 2412
2417 2418 2419
2420 2417 2419
2417 2420 2421
2417 2421 2416
2422 2421 2420
2421 2422 2423
2421 2423 2416
2334 2415 2424
2334 2425 2333
2426 2427 2428
2427 2426 2429
2430 2427 2429
2427 2430 2431
2432 2433 2434
2433 2432 2435
2436 2434 2433
2434 2436 2437
2438 2437 2436
2437 2438 2439
2438 2440 2439
2440 2438 2441
2441 2442 2440
2442 2441 2443
2443 2444 2442
2444 2443 2445
2446 2444 2445
2444 2446 2447
2448 2447 2446
2447 2448 2449
2450 2449 2448
2449 2450 2451
2450 2452 2451
2452 2450 2453
2453 2454 2452
2454 2453 2455
2455 2456 2454
2456 2455 2457
2458 2456 2457
2456 2458 2459
2460 2459 2458
2459 2460 2461
2462 2461 2460
2461 2462 2463
2462 2464 2463
2464 2462 2465
2465 2466 2464
2466 2465 2467
2467 2468 2466
2468 2467 2469
2470 2468 2469
2468 2470 2471
2472 2471 2470
2471 2472 2473
2474 2473 2472
2473 2474 2475
2474 2476 2475
2476 2474 2477
2477 2478 2476
2478 2477 2479
2479 2432 2478
2432 2479 2435
2480 2481 2482
2481 2480 2483
2484 2482 2481
2482 2484 2485
2486 2485 2484
2485 2486 2487
2486 2488 2487
2488 2486 2489
2489 2490 2488
2490 2489 2491
2491 2492 2490
2492 2491 2493
2494 2492 2493
2492 2494 2495
2496 2495 2494
2495 2496 2497
2498 2497 2496
2497 2498 2499
2498 2500 2499
2500 2498 2501
2501 2502 2500
2502 2501 2503
2503 2504 2502
2504 2503 2505
2506 2504 2505
2504 2506 2507
2508 2507 2506
2507 2508 2509
2510 2509 2508
2509 2510 2511
2510 2512 2511
2512 2510 2513
2513 2514 2512
2514 2513 2515
2515 2516 2514
2516 2515 2517
2518 2516 2517
2516 2518 2519
2520 2519 2518
2519 2520 2521
2522 2521 2520
2521 2522 2523
2522 2524 2523
2524 2522 2525
2525 2526 2524
2526 2525 2527
2527 2480 2526
2480 2527 2483
2528 2529 2530
2529 2528 2531
2532 2529 2531
2529 2532 2533
2534 2533 2532
2533 2534 2535
2534 2536 2535
2536 2534 2537
2537 2538 2536
2538 2537 2539
2540 2538 2539
2538 2540 2541
2540 2542 2541
2542 2540 2543
2544 2542 2543
2542 2544 2545
2546 2545 2544
2545 2546 2547
2546 2548 2547
2548 2546 2549
2549 2550 2548
2550 2549 2551
2552 2550 2551
2550 2552 2553
2552 2554 2553
2554 2552 2555
2556 2554 2555
2554 2556 2557
2558 2557 2556
2557 2558 2559
2558 2560 2559
2560 2558 2561
2561 2562 2560
2562 2561 2563
2564 2562 2563
2562 2564 2565
2564 2566 2565
2566 2564 2567
2568 2566 2567
2566 2568 2569
2570 2569 2568
2569 2570 2571
2570 2572 2571
2572 2570 2573
2573 2574 2572
2574 2573 2575
2528 2574 2575
2574 2528 2530
2576 2577 2578
2577 2576 2579
2577 2580 2578
2580 2577 2581
2582 2362 2583
2584 2582 2583
2582 2584 2585
2586 2582 2585
2582 2586 2363
2363 2362 2582
2583 2587 2584
2587 2583 2588
2583 2362 2588
2347 2588 2362
2588 2347 2589
2347 2351 2589
2351 2590 2589
2590 2351 2591
2592 2589 2590
2589 2592 2588
2593 2594 2595
2594 2593 2596
2594 2597 2595
2597 2594 2598
2599 2406 2600
2601 2599 2600
2599 2601 2602
2603 2599 2602
2599 2603 2407
2407 2406 2599
2600 2604 2601
2604 2600 2605
2600 2406 2605
2403 2605 2406
2605 2403 2606
2403 2607 2606
2607 2608 2606
2608 2607 2609
2610 2606 2608
2606 2610 2605
2403 2611 2607
2612 2607 2611
2607 2612 2613
2611 2614 2612
2614 2611 2615
2615 2611 2403
2403 2402 2615
2616 2615 2402
2617 2616 2402
2617 2618 2616
2618 2617 2619
2617 2620 2619
2620 2617 2400
2400 2617 2402
2616 2621 2615
2621 2616 2618
2622 2623 2624
2623 2622 2625
2626 2623 2625
2623 2626 2627
2374 2628 2398
2629 2630 2631
2630 2629 2632
2633 2629 2631
2629 2633 2634
2629 2635 2632
2635 2629 2636
2634 2636 2629
2636 2637 2635
2637 2636 2638
2639 2637 2638
2637 2639 2640
2641 2639 2638
2636 2641 2638
2639 2641 2642
2641 2636 2643
2636 2634 2643
2641 2644 2642
2644 2641 2645
2644 2645 2646
2641 2647 2645
2647 2641 2643
2639 2642 2648
2637 2649 2635
2649 2637 2650
2640 2650 2637
2650 2640 2651
2651 2652 2650
2652 2651 2653
2651 2640 2654
2639 2654 2640
2639 2655 2654
2652 2656 2650
2657 2647 2643
2643 2634 2657
2647 2657 2658
2644 2646 2659
2646 2660 2659
2646 2661 2660
2653 2651 2662
2651 2663 2662
2664 2654 2655
2651 2654 2665
2663 2651 2665
2665 2654 2664
2666 2665 2664
2666 2664 2667
2667 2664 2668
2655 2668 2664
2667 2669 2666
2668 2670 2667
2667 2671 2669
2671 2667 2672
2671 2672 2673
2674 2673 2672
2667 2674 2672
2674 2667 2670
2675 2663 2665
2666 2675 2665
2661 2676 2660
2676 2659 2660
2677 2659 2676
2677 2676 2678
2677 2679 2659
2644 2659 2679
2680 2644 2679
2644 2680 2681
2644 2681 2682
2642 2644 2682
2680 2683 2681
2680 2684 2683
2684 2680 2685
2680 2679 2685
2684 2685 2686
2684 2686 2687
2686 2688 2687
2688 2686 2689
2688 2689 2690
2691 2686 2685
2692 2690 2689
2686 2692 2689
2692 2686 2693
2691 2693 2686
2691 2685 2694
2694 2695 2691
2694 2696 2695
2677 2696 2694
2677 2697 2696
2698 2697 2677
2677 2699 2698
2699 2700 2698
2700 2699 2701
2702 2700 2701
2700 2702 2703
2704 2702 2701
2699 2704 2701
2702 2704 2705
2704 2699 2706
2699 2677 2678
2707 2699 2678
2699 2707 2706
2700 2708 2698
2709 2702 2705
2702 2709 2710
2710 2703 2702
2703 2710 2711
2712 2711 2710
2711 2712 2713
2711 2714 2703
2700 2703 2714
2700 2714 2715
2716 2710 2709
2710 2716 2717
2712 2710 2717
2718 2716 2709
2719 2709 2705
2709 2719 2718
2707 2720 2706
2706 2720 2721
2720 2707 2722
2713 2723 2711
2711 2723 2724
2725 2715 2714
2711 2726 2714
2724 2726 2711
2726 2725 2714
2727 2725 2726
2727 2728 2725
2728 2729 2725
2715 2725 2729
2728 2727 2730
2729 2728 2731
2732 2728 2730
2728 2732 2733
2732 2734 2733
2735 2733 2734
2735 2728 2733
2728 2735 2731
2736 2726 2724
2727 2726 2736
2737 2738 2721
2738 2737 2739
2740 2738 2739
2738 2740 2741
2705 2738 2741
2738 2705 2704
2704 2721 2738
2721 2704 2706
2719 2705 2741
2639 2742 2655
2639 2648 2742
2742 2743 2655
2655 2743 2668
2744 2649 2745
2746 2649 2744
2649 2746 2635
2746 2632 2635
2650 2745 2649
2745 2650 2656
2652 2747 2656
2652 2748 2747
2748 2652 2653
2749 2747 2748
2748 2750 2749
2747 2749 2751
2752 2751 2749
2752 2749 2750
2751 2752 2753
2752 2754 2753
2754 2752 2755
2752 2750 2756
2757 2751 2753
2754 2757 2753
2751 2757 2758
2757 2754 2759
2760 2754 2755
2754 2760 2761
2760 2762 2761
2763 2754 2761
2754 2763 2759
2752 2764 2755
2765 2751 2758
2751 2765 2747
2752 2756 2766
2752 2766 2764
2767 2765 2758
2765 2767 2768
2768 2769 2765
2769 2747 2765
2770 2758 2757
2758 2770 2771
2767 2758 2771
2770 2772 2771
2772 2770 2773
2770 2774 2773
2774 2770 2775
2757 2775 2770
2775 2757 2759
2759 2776 2775
2763 2776 2759
2776 2763 2777
2747 2769 2656
2766 2756 2778
2756 2779 2778
2756 2780 2779
2781 2779 2780
2782 2781 2780
2781 2782 2783
2779 2781 2784
2785 2781 2783
2781 2785 2786
2785 2787 2786
2788 2786 2787
2788 2781 2786
2781 2788 2784
2782 2780 2789
2780 2756 2750
2789 2780 2750
2748 2789 2750
2790 2789 2748
2748 2791 2790
2653 2791 2748
2792 2789 2790
2782 2789 2792
2661 2646 2793
2676 2661 2794
2795 2796 2797
2796 2795 2798
2799 2795 2797
2795 2799 2800
2800 2801 2795
2801 2798 2795
2801 2800 2802
2802 2803 2801
2804 2801 2803
2801 2804 2805
2798 2801 2805
2803 2802 2806
2797 2796 2807
2799 2797 2808
2808 2797 2807
2803 2809 2804
2809 2803 2810
2806 2810 2803
2810 2806 2811
2810 2812 2809
2812 2810 2813
2811 2813 2810
2813 2811 2814
2808 2807 2815
2816 2808 2815
2817 2816 2815
2818 2817 2815
2815 2819 2818
2807 2819 2815
2818 2820 2817
2819 2807 2821
2796 2821 2807
2816 2822 2808
2808 2822 2823
2818 2824 2820
2825 2818 2819
2818 2825 2826
2826 2825 2827
2827 2825 2828
2828 2825 2829
2819 2829 2825
2829 2819 2821
2796 2829 2821
2830 2829 2796
2828 2829 2830
2796 2831 2830
2831 2796 2798
2831 2832 2830
2832 2828 2830
2832 2831 2833
2834 2833 2831
2798 2834 2831
2833 2834 2835
2836 2835 2834
2834 2804 2836
2804 2834 2805
2834 2798 2805
2835 2836 2837
2832 2838 2828
2828 2838 2839
2827 2828 2839
2809 2836 2804
2836 2809 2840
2840 2837 2836
2837 2840 2841
2812 2840 2809
2840 2812 2842
2842 2841 2840
2841 2842 2843
2844 2845 2846
2845 2844 2847
2848 2846 2845
2846 2848 2849
2850 2849 2848
2849 2850 2851
2844 2852 2847
2852 2844 2853
2853 2854 2852
2854 2853 2855
2856 2854 2855
2854 2856 2857
2858 2857 2856
2857 2858 2859
2860 2861 2862
2861 2860 2863
2863 2864 2861
2864 2863 2865
2866 2860 2862
2860 2866 2867
2868 2867 2866
2867 2868 2869
2870 2871 2872
2871 2870 2873
2872 2874 2870
2874 2872 2875
2875 2876 2874
2876 2875 2877
2878 2871 2873
2871 2878 2879
2880 2879 2878
2879 2880 2881
2880 2882 2881
2882 2880 2883
2883 2884 2882
2884 2883 2885
2818 2826 2886
2818 2886 2824
2887 2888 2889
2888 2887 2890
2891 2887 2889
2887 2891 2892
2892 2893 2887
2893 2890 2887
2893 2892 2894
2894 2895 2893
2896 2893 2895
2893 2896 2897
2890 2893 2897
2895 2894 2898
2889 2888 2899
2891 2889 2900
2900 2889 2899
2895 2901 2896
2901 2895 2902
2898 2902 2895
2902 2898 2903
2902 2904 2901
2904 2902 2905
2903 2905 2902
2905 2903 2906
2900 2899 2907
2908 2900 2907
2909 2908 2907
2910 2909 2907
2907 2911 2910
2899 2911 2907
2910 2912 2909
2911 2899 2913
2888 2913 2899
2908 2914 2900
2900 2914 2915
2910 2916 2912
2917 2910 2911
2910 2917 2918
2918 2917 2919
2919 2917 2920
2920 2917 2921
2911 2921 2917
2921 2911 2913
2888 2921 2913
2922 2921 2888
2920 2921 2922
2888 2923 2922
2923 2888 2890
2923 2924 2922
2924 2920 2922
2924 2923 2925
2926 2925 2923
2890 2926 2923
2925 2926 2927
2928 2927 2926
2926 2896 2928
2896 2926 2897
2926 2890 2897
2927 2928 2929
2924 2930 2920
2920 2930 2931
2919 2920 2931
2901 2928 2896
2928 2901 2932
2932 2929 2928
2929 2932 2933
2904 2932 2901
2932 2904 2934
2934 2933 2932
2933 2934 2935
2936 2937 2938
2937 2936 2939
2940 2938 2937
2938 2940 2941
2942 2941 2940
2941 2942 2943
2936 2944 2939
2944 2936 2945
2945 2946 2944
2946 2945 2947
2948 2946 2947
2946 2948 2949
2950 2949 2948
2949 2950 2951
2952 2953 2954
2953 2952 2955
2955 2956 2953
2956 2955 2957
2958 2952 2954
2952 2958 2959
2960 2959 2958
2959 2960 2961
2700 2715 2962
2700 2962 2708
2962 2715 2963
2715 2729 2963
2694 2685 2679
2694 2679 2677
2964 2965 2966
2965 2964 2967
2965 2968 2966
2968 2965 2969
2970 2969 2965
2967 2970 2965
2969 2970 2971
2972 2971 2970
2970 2973 2972
2973 2970 2974
2970 2967 2974
2971 2972 2975
2966 2976 2964
2977 2972 2973
2972 2977 2978
2978 2975 2972
2975 2978 2979
2980 2978 2977
2978 2980 2981
2981 2979 2978
2979 2981 2982
2983 2973 2974
2973 2983 2984
2984 2977 2973
2985 2984 2983
2984 2985 2986
2983 2987 2985
2987 2983 2988
2988 2989 2987
2989 2988 2990
2988 2964 2990
2964 2976 2991
2964 2988 2967
2983 2967 2988
2990 2964 2992
2964 2991 2992
2989 2990 2993
2993 2990 2992
2967 2983 2974
2986 2994 2984
2977 2984 2994
2994 2986 2995
2994 2980 2977
2980 2994 2996
2995 2996 2994
2996 2995 2997
2993 2992 2998
2999 2993 2998
3000 2999 2998
3001 3000 2998
2998 3002 3001
3002 2992 2991
2992 3002 2998
3003 3001 3002
3001 3003 3004
3004 3003 3005
3005 3003 3006
3006 3003 2976
3002 2976 3003
3001 3004 3007
2976 3002 2991
3006 2976 2966
3005 3006 3008
3006 3009 3008
2968 3009 3006
2968 3006 2966
3001 3007 3010
3001 3011 3000
3001 3010 3011
3012 3013 3014
3013 3012 3015
3014 3016 3012
3016 3014 3017
3017 3018 3016
3018 3017 3019
3020 3013 3015
3013 3020 3021
3022 3021 3020
3021 3022 3023
3022 3024 3023
3024 3022 3025
3025 3026 3024
3026 3025 3027
3028 3029 3030
3029 3028 3031
3032 3031 3028
3031 3032 3033
3029 3034 3030
3034 3029 3035
3035 3036 3034
3036 3035 3037
2993 3038 3039
2999 3038 2993
2989 2993 3039
3040 3041 3042
3041 3040 3043
3044 3042 3041
3042 3044 3045
3046 3045 3044
3045 3046 3047
3040 3048 3043
3048 3040 3049
3049 3050 3048
3050 3049 3051
3052 3050 3051
3050 3052 3053
3054 3053 3052
3053 3054 3055
3056 3057 3058
3057 3056 3059
3057 3060 3058
3060 3057 3061
3062 3061 3057
3059 3062 3057
3061 3062 3063
3064 3063 3062
3062 3065 3064
3065 3062 3066
3062 3059 3066
3063 3064 3067
3058 3068 3056
3069 3064 3065
3064 3069 3070
3070 3067 3064
3067 3070 3071
3072 3070 3069
3070 3072 3073
3073 3071 3070
3071 3073 3074
3075 3065 3066
3065 3075 3076
3076 3069 3065
3077 3076 3075
3076 3077 3078
3075 3079 3077
3079 3075 3080
3080 3081 3079
3081 3080 3082
3080 3056 3082
3056 3068 3083
3056 3080 3059
3075 3059 3080
3082 3056 3084
3056 3083 3084
3081 3082 3085
3085 3082 3084
3059 3075 3066
3078 3086 3076
3069 3076 3086
3086 3078 3087
3086 3072 3069
3072 3086 3088
3087 3088 3086
3088 3087 3089
3085 3084 3090
3091 3085 3090
3092 3091 3090
3093 3092 3090
3090 3094 3093
3094 3084 3083
3084 3094 3090
3095 3093 3094
3093 3095 3096
3096 3095 3097
3097 3095 3098
3098 3095 3068
3094 3068 3095
3093 3096 3099
3068 3094 3083
3098 3068 3058
3097 3098 3100
3098 3101 3100
3060 3101 3098
3060 3098 3058
3093 3099 3102
3093 3103 3092
3093 3102 3103
3104 3105 3106
3105 3104 3107
3106 3108 3104
3108 3106 3109
3109 3110 3108
3110 3109 3111
3112 3105 3107
3105 3112 3113
3114 3113 3112
3113 3114 3115
3114 3116 3115
3116 3114 3117
3117 3118 3116
3118 3117 3119
3120 3121 3122
3121 3120 3123
3124 3123 3120
3123 3124 3125
3121 3126 3122
3126 3121 3127
3127 3128 3126
3128 3127 3129
3130 3131 3132
3130 3133 3131
3134 3131 3133
3131 3134 3135
3134 3136 3135
3130 3132 3137
3137 3138 3130
3137 3139 3138
2760 3139 3137
2760 3140 3139
2755 3140 2760
3137 3132 3141
3137 3141 2760
2760 3141 3142
2760 3142 2762
2762 3142 3143
3144 2762 3143
2762 3144 3145
3146 3135 3136
3147 3142 3141
3148 3144 3143
3148 3143 3142
3147 3148 3142
3147 3149 3148
3147 3150 3149
3150 3147 3151
3152 3150 3151
3150 3152 3153
3152 3154 3153
3154 3152 3155
3154 3156 3153
3156 3150 3153
3156 3154 3157
3150 3156 3158
3150 3159 3149
3159 3150 3158
3152 3151 3160
3154 3161 3157
3161 3154 3162
3155 3162 3154
3162 3155 3163
3163 2712 3162
2712 3163 2713
3163 3155 3164
3152 3164 3155
3152 3165 3164
3152 3166 3165
3162 3167 3161
3167 3162 2717
2712 2717 3162
3168 3161 3167
3169 3161 3168
3161 3169 3157
3170 3159 3158
3158 3171 3170
3159 3170 3172
2713 3163 3173
3163 3174 3173
3175 3164 3165
3166 3176 3165
3165 3176 3177
3165 3177 3175
3178 3175 3177
3179 3175 3178
3178 3180 3179
3177 3181 3178
3178 3182 3180
3182 3178 3183
3182 3183 3184
3185 3184 3183
3178 3185 3183
3185 3178 3181
3179 3186 3175
3174 3163 3186
3163 3164 3186
3186 3164 3175
3187 3174 3186
3179 3187 3186
3188 3189 3190
3189 3188 3191
3189 3192 3190
3192 3189 3193
3194 3193 3189
3191 3194 3189
3193 3194 3195
3196 3195 3194
3194 3197 3196
3197 3194 3198
3194 3191 3198
3195 3196 3199
3190 3200 3188
3201 3196 3197
3196 3201 3202
3202 3199 3196
3199 3202 3203
3204 3202 3201
3202 3204 3205
3205 3203 3202
3203 3205 3206
3207 3197 3198
3197 3207 3208
3208 3201 3197
3209 3208 3207
3208 3209 3210
3207 3211 3209
3211 3207 3212
3212 3213 3211
3213 3212 3214
3212 3188 3214
3188 3200 3215
3188 3212 3191
3207 3191 3212
3214 3188 3216
3188 3215 3216
3213 3214 3217
3217 3214 3216
3191 3207 3198
3210 3218 3208
3201 3208 3218
3218 3210 3219
3218 3204 3201
3204 3218 3220
3219 3220 3218
3220 3219 3221
3217 3216 3222
3223 3217 3222
3224 3223 3222
3225 3224 3222
3222 3226 3225
3226 3216 3215
3216 3226 3222
3227 3225 3226
3225 3227 3228
3228 3227 3229
3229 3227 3230
3230 3227 3200
3226 3200 3227
3225 3228 3231
3200 3226 3215
3230 3200 3190
3229 3230 3232
3230 3233 3232
3192 3233 3230
3192 3230 3190
3225 3231 3234
3225 3235 3224
3225 3234 3235
3236 3237 3238
3237 3236 3239
3238 3240 3236
3240 3238 3241
3241 3242 3240
3242 3241 3243
3244 3237 3239
3237 3244 3245
3246 3245 3244
3245 3246 3247
3246 3248 3247
3248 3246 3249
3249 3250 3248
3250 3249 3251
3252 3253 3254
3253 3252 3255
3256 3255 3252
3255 3256 3257
3253 3258 3254
3258 3253 3259
3259 3260 3258
3260 3259 3261
3217 3262 3263
3223 3262 3217
3213 3217 3263
3264 3265 3266
3265 3264 3267
3268 3266 3265
3266 3268 3269
3270 3269 3268
3269 3270 3271
3264 3272 3267
3272 3264 3273
3273 3274 3272
3274 3273 3275
3276 3274 3275
3274 3276 3277
3278 3277 3276
3277 3278 3279
3280 3281 3282
3281 3280 3283
3282 3284 3280
3284 3282 3285
3285 3286 3284
3286 3285 3287
3288 3281 3283
3281 3288 3289
3290 3289 3288
3289 3290 3291
3290 3292 3291
3292 3290 3293
3293 3294 3292
3294 3293 3295
2910 2918 3296
2910 3296 2916
3297 3298 3299
3298 3297 3300
3301 3297 3299
3297 3301 3171
3297 3157 3300
3157 3297 3156
3171 3156 3297
3156 3171 3158
3169 3300 3157
3302 3132 3131
3302 3131 3303
3131 3146 3303
3146 3131 3135
3302 3304 3132
3304 3302 3305
3304 3305 3306
3147 3304 3306
3147 3306 3307
3151 3147 3307
3304 3141 3132
3304 3147 3141
3144 3148 3308
3152 3160 3166
3309 3310 3311
3310 3309 3312
3313 3309 3311
3309 3313 3314
3314 3315 3309
3315 3312 3309
3315 3314 3316
3316 3317 3315
3318 3315 3317
3315 3318 3319
3312 3315 3319
3317 3316 3320
3311 3310 3321
3313 3311 3322
3322 3311 3321
3317 3323 3318
3323 3317 3324
3320 3324 3317
3324 3320 3325
3324 3326 3323
3326 3324 3327
3325 3327 3324
3327 3325 3328
3322 3321 3329
3330 3322 3329
3331 3330 3329
3332 3331 3329
3329 3333 3332
3321 3333 3329
3332 3334 3331
3333 3321 3335
3310 3335 3321
3330 3336 3322
3322 3336 3337
3332 3338 3334
3339 3332 3333
3332 3339 3340
3340 3339 3341
3341 3339 3342
3342 3339 3343
3333 3343 3339
3343 3333 3335
3310 3343 3335
3344 3343 3310
3342 3343 3344
3310 3345 3344
3345 3310 3312
3345 3346 3344
3346 3342 3344
3346 3345 3347
3348 3347 3345
3312 3348 3345
3347 3348 3349
3350 3349 3348
3348 3318 3350
3318 3348 3319
3348 3312 3319
3349 3350 3351
3346 3352 3342
3342 3352 3353
3341 3342 3353
3323 3350 3318
3350 3323 3354
3354 3351 3350
3351 3354 3355
3326 3354 3323
3354 3326 3356
3356 3355 3354
3355 3356 3357
3358 3359 3360
3359 3358 3361
3362 3360 3359
3360 3362 3363
3364 3363 3362
3363 3364 3365
3358 3366 3361
3366 3358 3367
3367 3368 3366
3368 3367 3369
3370 3368 3369
3368 3370 3371
3372 3371 3370
3371 3372 3373
3374 3375 3376
3375 3374 3377
3377 3378 3375
3378 3377 3379
3380 3374 3376
3374 3380 3381
3382 3381 3380
3381 3382 3383
3384 3385 3386
3385 3384 3387
3386 3388 3384
3388 3386 3389
3389 3390 3388
3390 3389 3391
3392 3385 3387
3385 3392 3393
3394 3393 3392
3393 3394 3395
3394 3396 3395
3396 3394 3397
3397 3398 3396
3398 3397 3399
3332 3340 3400
3332 3400 3338
3085 3401 3402
3091 3401 3085
3081 3085 3402
3403 3404 3405
3404 3403 3406
3407 3405 3404
3405 3407 3408
3409 3408 3407
3408 3409 3410
3403 3411 3406
3411 3403 3412
3412 3413 3411
3413 3412 3414
3415 3413 3414
3413 3415 3416
3417 3416 3415
3416 3417 3418
3419 3420 3421
3422 3419 3421
3419 3422 3423
3424 3423 3422
3423 3424 3425
3426 3425 3424
3425 3426 3427
3428 3427 3426
3427 3428 3429
3428 3430 3429
3430 3428 3431
3432 3430 3431
3430 3432 3433
3434 3433 3432
3433 3434 3435
3436 3435 3434
3435 3436 3437
3438 3437 3436
3437 3438 3439
3440 3439 3438
3439 3440 3441
3440 3442 3441
3443 3444 3445
3446 3445 3444
3445 3446 3447
3448 3447 3446
3449 3445 3447
3450 3449 3447
3447 3451 3450
3451 3447 3452
3453 3451 3452
3452 3454 3453
3454 3452 3455
3455 3456 3454
3456 3455 3457
3444 3458 3446
3457 3459 3456
3457 3460 3459
3460 3461 3459
3461 3462 3459
3461 3463 3462
3461 3464 3463
3461 3465 3464
3461 3466 3465
3461 3467 3466
3468 3469 3470
3469 3468 3471
3472 3470 3469
3470 3472 3473
3474 3473 3472
3473 3474 3475
3474 3476 3475
3476 3474 3477
3477 3478 3476
3478 3477 3479
3479 3480 3478
3480 3479 3481
3481 3482 3480
3482 3481 3483
3483 3484 3482
3484 3483 3485
3486 3487 3488
3487 3486 3489
3490 3486 3488
3486 3490 3491
3492 3491 3490
3491 3492 3493
3494 3493 3492
3493 3494 3495
3496 3495 3494
3495 3496 3497
3498 3497 3496
3497 3498 3499
3500 3501 3502
3501 3500 3503
3504 3505 3506
3505 3504 3507
3507 3508 3505
3508 3507 3509
3509 3510 3508
3510 3509 3511
3506 3512 3504
3512 3506 3513
3511 3514 3510
3514 3511 3515
3515 3516 3514
3516 3515 3517
3518 3519 3520
3518 3520 3521
3521 3522 3518
3522 3521 3523
3522 3523 3524
3525 3522 3524
3525 3524 3526
3527 3525 3526
3528 3527 3526
3529 3528 3526
3528 3529 3530
3531 3530 3529
3532 3531 3529
3529 3533 3532
3533 3529 3534
3529 3535 3534
3532 3533 3536
3537 3538 3520
3539 3537 3520
3538 3540 3520
3541 3539 3520
3519 3541 3520
3542 3543 3544
3543 3545 3544
3544 3545 3546
3545 3543 3547
3547 3543 3548
3549 3545 3547
3550 3547 3548
3551 3547 3550
3547 3551 3552
3553 3552 3551
3554 3552 3553
3552 3554 3555
3556 3555 3554
3555 3556 3557
3557 3556 3558
3557 3559 3560
3560 3559 3561
3562 3561 3559
3561 3562 3563
3564 3561 3563
3561 3564 3565
3561 3565 3566
3561 3566 3567
3568 3569 3570
3569 3568 3571
3572 3569 3571
3569 3572 3573
3572 3574 3573
3574 3572 3575
3576 3574 3575
3574 3576 3577
3578 3577 3576
3577 3578 3579
3580 3579 3578
3579 3580 3581
3582 3581 3580
3581 3582 3583
3584 3583 3582
3583 3584 3585
3586 3587 3588
3587 3586 3589
3587 3590 3588
3590 3587 3591
3591 3592 3590
3592 3591 3593
3593 3594 3592
3594 3593 3595
3595 3596 3594
3596 3595 3597
3597 3598 3596
3598 3597 3599
3600 3601 3602
3601 3600 3603
3604 3605 3606
3605 3604 3607
3608 3607 3604
3607 3608 3609
3610 3609 3608
3609 3610 3611
3612 3611 3610
3611 3612 3613
3614 3613 3612
3613 3614 3615
3616 3615 3614
3615 3616 3617
3618 3619 3620
3619 3618 3621
3618 3622 3621
3622 3618 3623
3618 3624 3623
3625 3618 3620
3625 3626 3618
3627 3626 3625
3626 3627 3628
3627 3629 3628
3630 3629 3627
3630 3631 3629
3632 3631 3630
3631 3632 3633
3633 3634 3631
3634 3633 3635
3634 3635 3636
3637 3634 3636
3638 3634 3637
3634 3638 3639
3634 3639 3640
3637 3641 3638
3642 3643 3644
3643 3645 3644
3644 3645 3646
3645 3643 3647
3647 3643 3648
3649 3645 3647
3650 3647 3648
3651 3647 3650
3647 3651 3652
3653 3652 3651
3654 3652 3653
3652 3654 3655
3656 3655 3654
3655 3656 3657
3657 3656 3658
3657 3658 3659
3659 3658 3660
3661 3660 3658
3660 3661 3662
3663 3660 3662
3660 3663 3664
3660 3664 3665
3660 3665 3666
3667 3668 3669
3668 3667 3670
3671 3668 3670
3668 3671 3672
3671 3673 3672
3673 3671 3674
3675 3673 3674
3673 3675 3676
3677 3676 3675
3676 3677 3678
3679 3678 3677
3678 3679 3680
3681 3680 3679
3680 3681 3682
3683 3682 3681
3682 3683 3684
3685 3686 3687
3686 3685 3688
3686 3689 3687
3689 3686 3690
3690 3691 3689
3691 3690 3692
3692 3693 3691
3693 3692 3694
3694 3695 3693
3695 3694 3696
3696 3697 3695
3697 3696 3698
3699 3700 3701
3700 3699 3702
3703 3704 3705
3704 3703 3706
3707 3706 3703
3706 3707 3708
3709 3708 3707
3708 3709 3710
3711 3710 3709
3710 3711 3712
3713 3712 3711
3712 3713 3714
3715 3714 3713
3714 3715 3716
3717 3718 3719
3718 3717 3720
3717 3721 3720
3721 3717 3722
3717 3723 3722
3724 3717 3719
3724 3725 3717
3726 3725 3724
3725 3726 3727
3726 3728 3727
3729 3728 3726
3729 3730 3728
3731 3730 3729
3730 3731 3732
3732 3733 3730
3733 3732 3734
3733 3734 3735
3736 3733 3735
3737 3733 3736
3733 3737 3738
3733 3738 3739
3736 3740 3737
3741 3742 3743
3744 3743 3742
3743 3744 3745
3746 3745 3744
3747 3743 3745
3748 3747 3745
3745 3749 3748
3749 3745 3750
3751 3749 3750
3750 3752 3751
3752 3750 3753
3753 3754 3752
3754 3753 3755
3756 3754 3755
3742 3757 3744
3755 3758 3756
3758 3759 3756
3759 3760 3756
3760 3759 3761
3759 3762 3761
3762 3759 3763
3759 3764 3763
3759 3765 3764
3766 3767 3768
3767 3766 3769
3770 3768 3767
3768 3770 3771
3772 3771 3770
3771 3772 3773
3772 3774 3773
3774 3772 3775
3775 3776 3774
3776 3775 3777
3777 3778 3776
3778 3777 3779
3779 3780 3778
3780 3779 3781
3781 3782 3780
3782 3781 3783
3784 3785 3786
3785 3784 3787
3788 3784 3786
3784 3788 3789
3790 3789 3788
3789 3790 3791
3792 3791 3790
3791 3792 3793
3794 3793 3792
3793 3794 3795
3796 3795 3794
3795 3796 3797
3798 3799 3800
3799 3798 3801
3802 3803 3804
3803 3802 3805
3805 3806 3803
3806 3805 3807
3807 3808 3806
3808 3807 3809
3804 3810 3802
3810 3804 3811
3809 3812 3808
3812 3809 3813
3813 3814 3812
3814 3813 3815
3816 3817 3818
3816 3818 3819
3819 3820 3816
3820 3819 3821
3820 3821 3822
3823 3820 3822
3823 3822 3824
3825 3823 3824
3826 3825 3824
3827 3826 3824
3826 3827 3828
3829 3828 3827
3830 3829 3827
3827 3831 3830
3831 3827 3832
3827 3833 3832
3830 3831 3834
3835 3836 3818
3837 3835 3818
3836 3838 3818
3839 3837 3818
3817 3839 3818
2799 2808 2823
3313 3322 3337
3840 2090 2091
3840 2091 2098
2891 2900 2915
