byte offset: 0
first index: 0
index count: 2496
topology: trianglelist
format: DXGI_FORMAT_R16_UINT

0 1 2
2 3 0
3 2 4
5 2 1
2 5 6
6 4 2
7 6 5
6 7 8
7 9 8
9 7 10
9 10 11
12 8 9
8 12 13
14 8 13
8 14 6
4 6 14
15 3 4
3 15 16
12 17 13
17 14 13
17 12 18
12 19 18
19 20 18
20 19 21
22 20 21
23 20 22
20 23 24
18 24 17
24 18 20
25 24 23
24 25 26
25 27 26
27 16 15
15 26 27
27 25 28
29 27 28
16 27 29
14 17 30
24 30 17
30 24 26
26 15 30
4 30 15
30 4 14
19 12 31
9 31 12
31 9 11
32 33 34
35 32 34
32 35 36
36 35 37
38 37 39
38 39 40
37 38 41
42 38 40
38 42 43
43 42 44
45 43 44
43 45 46
47 45 48
48 49 47
49 48 50
49 50 51
52 51 53
52 53 54
51 52 55
56 52 54
52 56 57
57 56 58
33 57 58
57 33 59
60 61 62
61 60 63
64 65 66
65 64 67
67 68 65
68 67 69
70 64 66
64 70 71
72 73 74
73 72 75
76 77 78
77 76 79
80 76 78
76 80 81
79 82 77
82 79 83
84 85 86
85 84 87
85 88 89
88 90 89
90 88 91
88 85 92
91 93 90
93 91 94
95 96 93
96 95 97
98 86 99
99 100 98
100 99 101
96 100 101
86 98 102
100 96 103
104 105 106
105 104 107
104 108 107
108 104 109
110 108 109
108 110 111
112 113 114
113 112 115
113 116 114
116 113 117
117 118 116
118 117 119
120 116 118
116 120 121
114 116 121
122 121 120
121 122 123
124 121 123
121 124 125
125 114 121
112 114 125
122 126 123
126 122 127
127 128 126
128 127 129
119 130 118
130 119 131
118 132 120
132 118 130
120 133 122
133 120 132
133 127 122
127 133 134
134 129 127
129 134 135
135 136 129
128 129 136
128 136 137
137 136 138
138 139 137
139 138 140
136 135 141
141 138 136
138 141 142
142 140 138
140 142 143
131 144 130
144 131 145
130 146 132
146 130 144
147 135 134
135 147 148
148 141 135
141 148 149
149 142 141
142 149 150
150 143 142
143 150 151
145 152 144
152 145 153
144 154 146
152 154 144
147 155 148
155 147 156
147 157 156
154 158 157
154 152 158
157 147 159
157 159 154
159 147 160
148 161 149
161 148 155
161 150 149
150 161 162
162 151 150
151 162 163
164 152 153
152 164 165
152 166 158
166 152 165
158 167 157
167 158 166
157 168 156
168 157 167
156 169 155
169 156 168
155 170 161
170 155 169
161 171 162
171 161 170
172 162 171
162 172 163
173 165 164
165 173 174
165 174 166
175 167 166
174 175 166
167 175 176
167 177 168
177 167 176
173 178 174
174 179 175
179 174 178
180 179 178
178 181 180
178 182 181
181 182 183
183 184 181
181 184 180
184 183 185
186 184 185
187 184 186
184 187 188
184 188 180
189 188 187
178 190 182
190 183 182
186 185 191
187 186 191
183 191 185
191 183 190
189 187 192
191 192 187
178 193 190
190 193 191
191 193 192
193 178 194
195 193 194
193 195 196
192 193 196
195 194 197
198 197 194
198 199 197
200 199 198
201 199 200
164 201 200
201 164 153
145 201 153
201 145 202
131 202 145
202 131 203
119 203 131
203 119 204
117 204 119
204 117 205
205 206 204
206 205 207
207 208 206
208 207 209
207 210 209
210 207 211
212 208 209
208 212 213
214 213 212
213 214 215
204 216 203
216 204 206
206 217 216
217 206 208
213 217 208
217 213 218
215 218 213
218 215 219
220 219 215
214 220 215
214 221 220
221 222 220
139 222 221
222 139 140
219 220 223
222 223 220
223 222 224
140 224 222
224 140 143
219 225 218
225 219 226
223 226 219
226 223 227
224 227 223
227 224 228
143 228 224
228 143 229
230 225 226
225 230 231
232 225 231
225 232 233
233 234 225
226 235 230
235 226 227
228 235 227
235 228 236
229 236 228
236 229 237
238 232 231
232 238 239
239 240 232
232 240 241
241 233 232
240 239 199
199 201 240
201 241 240
231 242 238
242 231 230
230 243 242
243 230 235
235 244 243
244 235 236
245 236 237
236 245 244
239 197 199
197 239 246
239 247 246
247 239 238
248 238 242
238 248 247
249 242 243
242 249 248
243 244 249
241 201 202
202 250 241
203 250 202
250 203 216
216 251 250
251 216 217
252 251 217
252 217 218
218 234 252
225 234 218
245 237 253
237 254 253
163 253 254
163 254 255
237 255 254
163 255 256
151 163 256
256 257 151
258 151 257
151 258 143
257 256 259
260 259 256
255 260 256
259 260 261
229 143 258
258 257 229
229 262 237
237 262 255
257 262 229
262 257 259
259 263 262
263 259 261
255 262 263
163 172 253
264 265 266
264 266 124
123 264 124
123 126 264
126 267 264
264 267 265
267 126 128
128 268 267
268 128 137
137 269 268
269 137 139
270 267 268
267 270 265
270 271 265
271 270 272
273 272 270
273 268 269
268 273 270
272 273 274
275 272 274
272 275 276
276 271 272
271 276 277
278 271 277
278 277 279
278 279 124
278 265 271
265 278 266
266 278 124
273 280 274
280 275 274
280 273 281
281 282 280
282 281 283
275 280 284
282 284 280
284 282 285
281 286 283
286 281 287
287 214 286
212 286 214
286 212 288
288 283 286
288 289 283
214 287 221
269 221 287
221 269 139
288 210 289
209 210 288
209 288 212
273 287 281
287 273 269
290 283 289
289 210 290
290 210 291
290 291 285
283 290 282
290 285 282
210 211 292
292 211 293
211 294 293
294 211 295
113 294 295
294 113 115
205 113 295
113 205 117
295 207 205
211 207 295
115 296 294
293 294 296
296 115 297
115 298 297
298 115 112
299 298 112
125 299 112
300 299 125
124 300 125
301 302 303
302 301 304
302 305 303
305 306 303
306 307 303
307 308 303
303 308 301
309 308 307
307 310 309
309 310 311
311 312 309
312 308 309
312 313 308
301 314 304
314 301 315
315 301 308
314 315 316
317 308 313
316 315 318
318 315 319
319 315 308
320 319 308
317 320 308
321 320 317
319 320 322
320 321 322
323 133 324
132 324 133
324 132 146
323 134 133
134 323 160
147 134 160
325 326 327
326 325 328
325 329 328
330 329 325
327 330 325
327 331 330
331 332 330
332 333 330
330 333 329
333 334 329
334 335 329
329 336 328
336 329 337
329 335 337
337 338 336
337 339 338
337 340 339
334 339 340
338 341 336
341 342 336
342 343 336
343 342 344
342 341 344
341 338 344
344 338 339
339 345 344
345 333 332
333 345 334
334 345 339
344 345 346
343 344 346
346 347 343
347 336 343
332 348 345
345 348 346
334 340 349
349 335 334
340 350 349
350 351 349
351 350 352
350 340 353
352 354 351
354 353 340
354 352 355
353 354 355
337 354 340
337 351 354
335 349 351
351 337 335
326 347 356
326 328 347
336 347 328
200 173 164
173 200 198
173 198 178
194 178 198
357 358 359
358 357 360
360 357 361
361 357 362
357 359 362
362 359 363
362 363 364
362 364 365
366 362 365
367 362 366
361 362 367
368 361 367
369 361 368
360 361 369
364 363 370
370 363 371
371 363 372
372 373 371
371 373 370
370 373 364
364 373 374
368 367 374
367 366 374
373 375 374
375 373 372
374 376 368
374 375 376
365 377 366
366 377 378
379 378 377
380 379 377
377 365 380
379 380 381
378 379 382
383 381 380
382 383 378
381 383 384
383 382 384
385 378 383
380 385 383
385 386 378
385 364 386
386 364 374
366 378 386
366 386 374
385 380 365
365 364 385
372 387 375
363 387 372
387 363 359
358 387 359
358 388 387
389 390 391
389 392 390
392 389 393
391 394 389
395 389 394
394 391 396
397 391 390
392 397 390
391 397 398
398 396 391
399 398 397
398 399 400
399 401 400
401 399 402
403 402 399
397 403 399
403 397 392
403 404 402
401 402 404
404 403 405
406 400 401
400 406 407
408 400 407
400 408 398
396 398 408
409 394 396
394 409 410
406 411 407
411 408 407
411 406 412
406 413 412
413 414 412
414 413 415
416 415 413
417 414 415
415 418 417
418 415 419
420 414 417
418 420 417
414 420 421
412 421 411
421 412 414
422 421 420
421 422 423
422 424 423
424 410 409
409 423 424
424 422 425
426 425 422
420 426 422
426 420 418
426 427 425
427 424 425
427 426 428
410 424 427
429 421 423
421 429 411
408 411 429
429 396 408
396 429 409
423 409 429
430 410 427
395 410 430
410 395 394
431 432 433
432 431 434
435 436 437
436 435 438
438 439 436
439 438 440
441 435 437
435 441 442
443 444 445
444 443 446
447 448 449
448 447 450
451 447 449
447 451 452
450 453 448
453 450 454
455 456 457
456 455 458
456 459 460
459 461 460
461 459 462
459 456 463
462 464 461
464 462 465
466 467 464
467 466 468
469 457 470
470 471 469
471 470 472
467 471 472
457 469 473
471 467 474
475 476 477
476 475 478
475 479 478
479 475 480
481 479 480
479 481 482
413 406 483
401 483 406
483 401 404
484 413 483
484 483 404
413 484 416
180 485 179
485 180 486
175 179 485
188 486 180
168 487 169
487 168 177
488 169 487
169 488 170
170 488 171
489 490 491
490 489 492
493 492 489
492 493 494
495 494 493
494 495 496
497 496 495
496 497 498
491 499 489
499 491 500
501 489 499
489 501 493
502 493 501
493 502 495
503 495 502
495 503 497
500 504 499
504 500 505
506 499 504
499 506 501
507 501 506
501 507 502
508 502 507
502 508 503
509 504 505
504 509 510
510 506 504
506 510 511
511 507 506
507 511 512
512 508 507
508 512 513
514 510 509
510 514 515
515 511 510
511 515 516
516 512 511
512 516 517
517 513 512
513 517 518
519 515 514
515 519 520
520 516 515
516 520 521
522 516 521
516 522 517
523 517 522
517 523 518
519 524 520
524 519 525
526 520 524
520 526 521
527 521 526
521 527 522
528 522 527
522 528 523
525 529 524
529 525 530
531 524 529
524 531 526
532 526 531
526 532 527
533 527 532
527 533 528
534 529 530
529 534 535
535 531 529
531 535 536
537 531 536
531 537 532
538 532 537
532 538 533
539 540 541
540 539 542
541 543 539
543 541 544
544 545 543
545 544 546
546 547 545
547 546 548
549 542 539
542 549 550
551 539 543
539 551 549
552 543 545
543 552 551
553 545 547
545 553 552
554 550 549
550 554 555
556 549 551
549 556 554
557 551 552
551 557 556
558 552 553
552 558 557
554 559 555
559 554 560
556 560 554
560 556 561
557 561 556
561 557 562
558 562 557
562 558 563
560 564 559
564 560 565
561 565 560
565 561 566
562 566 561
566 562 567
563 567 562
567 563 568
565 569 564
569 565 570
566 570 565
570 566 571
572 566 567
566 572 571
573 567 568
567 573 572
574 569 570
569 574 575
576 570 571
570 576 574
577 571 572
571 577 576
578 572 573
572 578 577
579 575 574
575 579 580
581 574 576
574 581 579
582 576 577
576 582 581
583 577 578
577 583 582
579 584 580
584 579 585
581 585 579
585 581 586
587 581 582
581 587 586
588 582 583
582 588 587
