byte offset: 0
first index: 0
index count: 12144
topology: trianglelist
format: DXGI_FORMAT_R16_UINT

0 1 2
0 2 3
0 3 4
0 4 5
0 5 6
6 5 7
4 8 5
8 9 5
9 10 5
10 11 5
11 12 5
12 13 5
13 14 5
7 5 14
8 4 15
4 16 15
2 17 3
18 17 2
19 18 2
20 19 2
21 20 2
22 21 2
23 22 2
1 23 2
23 1 24
1 25 24
1 26 25
1 27 26
1 28 27
1 29 28
29 1 30
0 30 1
0 31 30
0 32 31
0 33 32
0 34 33
29 30 35
34 36 33
35 30 37
37 30 38
38 30 39
39 30 40
40 30 41
30 31 41
31 42 41
42 31 43
31 44 43
44 31 32
45 44 32
46 32 33
46 33 47
47 33 48
48 33 49
34 50 36
50 51 52
51 50 34
51 53 52
53 51 34
34 54 53
34 55 54
0 55 34
0 56 55
0 57 56
0 58 57
0 59 58
0 60 59
0 61 60
0 62 61
0 63 62
0 6 63
6 64 63
65 62 63
65 63 66
66 63 67
67 63 68
68 63 69
69 63 70
70 63 71
64 71 63
62 65 72
62 72 73
60 61 74
75 60 74
76 60 75
77 60 76
78 60 77
79 60 78
80 60 79
80 59 60
59 80 81
59 81 82
59 82 83
59 83 84
59 84 85
86 59 85
59 86 58
86 87 58
87 88 58
88 89 58
89 90 58
90 91 58
91 92 58
58 92 57
57 92 93
93 94 57
57 94 95
95 56 57
96 56 95
56 96 97
97 98 56
98 99 56
56 99 100
101 56 100
56 101 55
101 102 55
102 103 55
103 104 55
104 105 55
105 106 55
106 107 55
54 55 107
108 109 4
4 110 108
110 4 111
111 4 3
3 112 111
113 112 3
3 17 113
109 16 4
114 115 116
115 114 6
6 7 115
117 114 116
114 117 6
6 117 64
118 119 120
119 118 121
122 119 121
123 119 122
118 120 124
124 120 125
125 120 126
127 125 126
127 126 128
129 127 128
123 130 119
123 131 130
132 130 131
132 133 130
133 134 130
134 133 135
135 136 134
137 134 136
138 134 137
138 139 134
139 140 134
134 140 141
140 142 141
142 143 141
143 144 141
143 145 144
146 144 145
146 147 144
148 147 146
149 147 148
150 147 149
151 150 149
152 150 151
152 153 150
153 154 150
155 150 154
156 150 155
150 156 157
158 157 156
158 159 157
160 157 159
160 161 157
160 162 161
162 163 161
164 161 163
161 164 165
164 166 165
166 167 165
167 168 165
169 168 167
169 170 168
171 170 169
171 172 170
172 173 170
174 170 173
174 175 170
176 175 174
177 175 176
175 177 178
177 179 178
179 180 178
178 180 181
178 181 182
183 178 182
184 178 183
185 178 184
184 186 185
186 187 185
187 188 185
187 189 188
190 188 189
191 188 190
191 192 188
192 193 188
192 194 193
194 195 193
196 195 194
197 195 196
197 198 195
198 197 199
200 198 199
201 198 200
201 202 198
201 203 202
204 202 203
204 205 202
205 206 202
206 205 207
207 208 206
209 206 208
210 206 209
210 211 206
211 212 206
206 212 213
212 214 213
214 215 213
215 216 213
215 217 216
218 216 217
218 219 216
220 219 218
221 219 220
222 219 221
223 222 221
224 222 223
224 225 222
225 226 222
227 222 226
228 222 227
222 228 229
230 229 228
230 231 229
232 229 231
232 233 229
232 234 233
234 235 233
236 233 235
233 236 237
236 238 237
238 239 237
239 240 237
241 240 239
241 242 240
243 242 241
243 244 242
244 245 242
246 242 245
246 247 242
248 247 246
249 247 248
247 249 250
249 251 250
251 252 250
250 252 253
250 253 254
255 250 254
256 250 255
257 250 256
256 258 257
258 259 257
259 128 257
259 260 128
261 128 260
129 128 261
262 263 264
263 262 265
263 265 266
263 266 267
263 267 268
269 267 266
267 269 270
271 267 270
271 272 267
272 273 267
266 274 269
266 275 274
262 276 265
265 276 277
278 265 277
278 279 265
265 279 280
265 280 281
273 282 267
283 268 267
267 284 283
267 282 284
285 268 283
285 286 268
286 287 268
263 268 287
263 287 288
263 288 289
263 289 290
290 291 263
287 286 292
287 293 288
293 287 294
295 294 287
295 287 296
296 287 297
288 293 298
288 298 299
290 289 300
289 301 300
302 301 289
302 289 303
289 304 303
289 305 304
290 300 306
289 307 305
289 288 307
288 308 307
288 309 308
309 288 310
288 299 310
290 306 311
311 312 290
290 312 313
313 291 290
291 313 314
314 315 291
291 315 316
291 316 317
318 291 317
319 291 318
291 319 320
320 263 291
263 320 321
263 321 322
263 322 323
263 323 324
263 324 325
263 325 326
263 326 327
263 327 328
328 264 263
325 329 326
329 325 330
331 330 325
331 325 332
332 325 333
326 329 334
326 334 335
328 327 336
327 337 336
338 337 327
338 327 339
327 340 339
327 341 340
327 342 341
328 336 343
264 344 262
262 344 345
346 262 345
262 346 347
262 347 276
344 264 348
348 264 349
264 350 349
264 351 350
352 351 264
264 353 352
353 264 328
328 343 354
354 355 328
328 355 353
356 357 266
266 358 356
266 359 358
266 357 275
265 359 266
265 281 359
360 361 362
362 363 360
364 360 363
365 362 361
366 364 363
363 367 366
368 366 367
369 368 367
369 367 370
371 369 370
370 372 371
372 370 373
374 372 373
375 374 373
376 375 373
377 376 373
376 377 378
379 378 377
380 379 377
381 380 377
382 381 377
377 383 382
384 383 377
385 383 384
386 385 384
387 386 384
388 387 384
387 388 389
390 389 388
388 391 390
392 391 388
393 392 388
392 393 394
395 394 393
396 395 393
396 397 395
396 398 397
396 399 398
398 399 400
399 401 400
401 399 402
401 402 403
402 404 403
404 402 405
402 406 405
406 402 407
406 407 408
408 407 409
409 407 410
407 411 410
411 412 410
412 411 413
413 411 414
414 411 415
415 411 416
411 417 416
417 411 418
417 418 419
419 418 420
420 418 421
422 421 418
421 422 423
423 422 424
424 422 425
424 425 426
426 425 427
428 427 425
427 428 429
429 428 430
431 430 428
430 431 432
433 432 431
433 431 434
435 434 431
431 436 435
437 435 436
438 437 436
436 439 438
440 438 439
441 440 439
441 439 442
443 441 442
442 444 443
444 442 445
446 444 445
447 446 445
448 447 445
449 448 445
448 449 450
451 450 449
452 451 449
453 452 449
454 453 449
449 455 454
456 455 449
457 455 456
458 457 456
459 458 456
460 459 456
459 460 461
462 461 460
460 463 462
464 463 460
465 464 460
464 465 466
467 466 465
468 467 465
468 469 467
468 470 469
468 471 470
470 471 472
471 473 472
473 471 474
473 474 475
474 476 475
476 474 477
474 478 477
478 474 479
478 479 480
480 479 481
481 479 482
479 483 482
483 484 482
484 483 485
485 483 486
486 483 487
487 483 488
483 489 488
489 483 490
489 490 491
491 490 492
492 490 493
494 493 490
493 494 495
495 494 496
496 494 497
496 497 498
498 497 499
500 499 497
499 500 501
501 500 502
362 502 500
502 362 503
365 503 362
32 504 505
32 46 504
506 32 505
507 32 506
32 507 45
49 33 508
508 33 509
509 33 510
36 510 33
297 287 511
287 292 511
512 62 513
62 512 514
514 515 62
515 61 62
61 515 516
517 61 516
61 517 74
513 62 73
518 519 324
519 325 324
325 519 520
325 520 521
333 325 521
518 324 522
522 324 323
323 523 522
323 524 523
525 524 323
526 525 323
527 526 323
527 323 528
323 529 528
529 323 322
322 530 529
322 531 530
322 532 531
533 532 322
322 534 533
322 535 534
321 535 322
321 536 535
321 537 536
321 538 537
539 538 321
539 321 540
321 541 540
320 541 321
320 542 541
320 543 542
543 320 544
320 319 544
545 326 546
326 545 547
326 547 342
326 335 546
327 326 342
548 549 550
551 548 550
550 552 551
552 550 553
554 552 553
555 554 553
553 556 555
556 553 557
558 556 557
559 558 557
557 560 559
560 557 561
553 561 557
556 562 555
562 556 563
563 564 562
564 563 565
565 566 564
566 565 567
568 559 560
559 568 569
568 570 569
570 568 571
571 572 570
572 571 573
573 574 572
574 573 575
576 566 567
566 576 577
578 574 575
579 577 576
580 581 582
581 580 583
582 584 580
584 582 585
585 586 584
586 585 587
587 552 586
552 587 551
583 588 581
588 583 589
590 588 589
591 592 593
593 592 594
595 593 594
594 596 595
596 594 597
597 598 596
598 597 599
600 598 599
598 600 601
602 601 600
601 602 603
604 603 602
603 604 605
606 605 604
593 595 561
595 607 561
561 607 560
561 553 593
553 550 593
549 593 550
593 549 591
549 608 591
608 549 609
610 608 609
608 610 611
612 611 610
611 612 613
614 613 612
613 614 615
616 615 614
617 618 619
618 617 620
620 621 618
621 620 622
623 621 622
621 623 624
625 624 623
624 625 626
627 626 625
626 627 628
619 629 617
629 619 630
618 631 619
631 618 632
621 632 618
632 621 633
621 634 633
634 621 624
624 635 634
635 624 626
626 636 635
636 626 628
632 637 631
637 632 638
633 638 632
638 633 639
633 640 639
640 633 634
634 641 640
641 634 635
635 642 641
642 635 636
643 631 637
631 643 644
644 619 631
619 644 630
638 645 637
645 638 646
639 646 638
646 639 647
639 648 647
648 639 640
640 649 648
649 640 641
641 650 649
650 641 642
637 651 643
651 637 645
652 653 654
654 655 652
655 654 656
655 657 652
652 657 658
657 659 658
659 660 658
658 660 661
660 662 661
662 663 661
664 661 663
663 662 665
662 660 666
660 659 667
659 657 668
657 655 669
670 660 667
660 670 671
660 672 666
672 660 671
671 673 672
673 671 674
675 671 670
671 675 674
674 676 673
676 674 677
678 674 675
674 678 677
665 679 663
680 663 679
663 680 681
682 680 679
680 682 683
684 683 682
683 684 685
682 686 684
686 682 687
679 687 682
688 685 684
685 688 689
687 679 690
679 665 690
678 691 677
692 677 691
677 692 676
684 693 688
693 684 686
688 693 694
694 689 688
695 692 691
691 696 695
691 678 696
697 698 699
699 698 700
701 699 700
699 701 702
702 703 699
703 702 704
705 704 702
704 705 706
707 702 701
702 707 705
705 708 706
708 705 709
709 710 708
710 709 711
712 711 709
712 705 707
705 712 709
711 712 713
713 714 711
714 713 715
714 715 716
716 717 714
711 717 710
717 711 714
718 699 703
699 718 697
653 697 718
718 654 653
654 718 719
720 654 719
654 720 721
722 654 721
654 722 656
721 723 722
723 721 724
724 725 723
725 724 726
726 727 725
727 726 728
726 729 728
729 726 730
724 730 726
730 724 731
731 721 720
721 731 724
728 729 732
732 727 728
733 734 735
734 733 736
736 737 734
737 736 738
733 739 736
739 738 736
739 733 740
740 741 739
741 740 742
741 743 739
738 739 743
743 741 744
657 744 741
742 657 741
744 657 669
657 742 668
745 734 737
734 745 746
746 735 734
746 745 747
747 748 746
735 746 748
749 750 751
751 750 752
751 752 753
751 753 754
755 749 751
754 755 751
681 664 663
664 681 698
697 664 698
756 757 758
757 756 759
760 757 759
757 760 761
762 761 760
761 762 763
764 763 762
763 764 765
766 756 758
756 766 767
768 767 766
767 768 769
768 770 769
770 768 771
771 772 770
772 771 773
774 761 763
761 774 775
776 761 775
761 776 757
777 757 776
757 777 758
777 766 758
771 778 773
778 771 779
768 779 771
779 768 780
768 781 780
781 768 766
766 777 781
770 782 769
783 769 782
782 784 783
784 782 785
782 786 785
786 782 787
787 788 786
788 787 789
784 790 783
790 784 791
792 790 791
790 792 793
792 794 793
794 792 795
796 794 795
794 796 797
798 797 796
797 798 799
796 800 798
785 786 801
759 790 793
790 759 756
767 790 756
790 767 783
793 760 759
760 793 794
769 783 767
794 762 760
762 794 797
797 764 762
764 797 799
796 795 802
796 802 800
803 800 802
803 802 804
803 804 801
792 804 802
784 801 804
784 785 801
805 803 801
795 792 802
784 804 791
792 791 804
805 806 803
803 806 807
808 807 806
808 806 809
810 808 809
811 810 809
809 806 811
811 806 805
810 811 812
788 812 811
811 805 788
786 788 805
786 805 801
812 788 789
808 810 813
814 808 813
808 814 815
808 815 807
814 816 815
816 807 815
816 814 817
818 816 817
816 818 819
818 820 819
820 818 821
821 798 820
798 821 799
820 798 800
822 814 813
814 822 823
824 823 822
822 825 824
825 822 826
827 825 826
825 827 828
772 828 827
828 772 773
823 824 829
830 823 829
823 830 831
830 832 831
832 830 833
833 834 832
834 833 835
835 764 834
764 835 765
836 830 829
830 836 837
837 833 830
833 837 838
833 839 835
839 833 838
840 835 839
835 840 765
840 763 765
763 840 774
840 841 774
842 774 841
843 842 841
842 843 844
845 842 844
842 845 846
847 846 845
846 847 848
841 849 843
849 841 850
841 840 850
847 851 848
851 847 852
852 853 851
853 852 854
855 853 854
853 855 856
857 856 855
856 857 858
845 844 859
859 844 843
843 849 860
859 843 860
852 847 861
862 861 859
862 859 860
862 863 861
863 854 852
855 854 863
863 852 861
864 855 863
862 864 863
864 857 855
780 851 853
851 780 781
853 779 780
779 853 856
856 778 779
778 856 858
859 861 845
861 847 845
857 865 858
865 778 858
865 857 866
866 867 865
867 866 868
869 867 868
867 869 870
871 870 869
870 871 872
871 873 872
873 871 874
874 875 873
875 874 876
877 875 876
875 877 878
849 878 877
878 849 850
874 879 876
879 877 876
877 860 849
879 860 877
869 880 871
880 874 871
879 874 880
862 879 880
862 860 879
862 880 881
862 881 864
864 881 866
837 872 873
872 837 836
882 872 836
836 824 882
825 882 824
882 825 883
825 884 883
884 825 828
828 778 884
778 828 773
824 836 829
872 882 870
883 870 882
873 838 837
838 873 875
875 839 838
839 875 878
870 883 867
884 867 883
867 884 865
778 865 884
878 840 839
840 878 850
782 770 787
772 787 770
787 772 789
772 812 789
812 772 827
827 810 812
810 827 826
826 813 810
813 826 822
848 781 777
781 848 851
776 848 777
848 776 846
775 846 776
846 775 842
774 842 775
816 885 807
803 807 885
803 885 800
819 885 816
820 885 819
820 800 885
814 831 817
831 814 823
832 817 831
817 832 818
834 818 832
818 834 821
764 821 834
821 764 799
881 869 868
866 881 868
881 880 869
864 866 857
886 887 888
887 886 889
889 890 887
890 889 891
891 892 890
892 891 893
893 894 892
894 893 895
888 896 886
896 888 897
897 898 896
898 897 899
900 892 894
892 900 901
901 890 892
902 888 887
888 902 903
903 897 888
904 894 895
894 904 905
905 900 894
900 905 906
907 906 905
906 907 908
909 908 907
908 909 910
911 910 909
909 912 911
912 909 913
907 913 909
910 911 914
915 914 911
914 915 916
899 916 915
916 899 917
915 898 899
898 915 918
911 918 915
918 911 912
899 919 917
919 899 897
897 903 919
918 920 898
920 896 898
896 920 921
921 886 896
886 921 922
922 889 886
889 922 923
923 891 889
891 923 924
924 893 891
893 924 925
925 895 893
895 925 926
927 895 926
895 927 904
928 904 927
904 928 929
929 905 904
905 929 907
913 907 929
929 930 913
930 929 928
931 913 930
913 931 912
932 912 931
912 932 918
920 918 932
933 931 930
931 933 934
934 932 931
935 934 933
934 935 936
937 936 935
936 937 938
938 939 936
939 938 940
940 941 939
941 940 942
935 943 937
943 935 944
933 944 935
944 945 943
945 944 946
946 947 945
947 946 948
949 947 948
948 950 949
950 948 951
947 949 952
948 953 951
953 948 946
954 939 941
955 954 941
954 955 956
957 956 955
956 957 958
959 958 957
958 959 960
961 960 959
961 952 949
960 961 962
962 949 950
949 962 961
957 963 959
963 957 964
955 964 957
964 955 965
941 965 955
965 941 942
959 966 961
966 959 963
952 961 966
956 920 954
920 967 954
939 954 967
967 936 939
936 967 934
932 934 967
967 920 932
968 952 966
952 968 969
970 969 968
968 971 970
971 968 972
966 972 968
973 970 971
974 973 971
971 975 974
971 972 975
973 974 976
974 977 976
977 974 978
979 977 978
978 980 979
979 980 981
977 979 982
979 983 982
983 979 984
984 979 981
984 981 985
986 984 985
984 986 987
987 983 984
987 986 988
983 987 989
987 990 989
990 987 991
991 987 988
970 990 991
990 970 992
991 988 993
991 993 969
991 969 970
970 973 992
985 943 986
943 985 937
945 986 943
986 945 988
947 988 945
988 947 993
947 969 993
969 947 952
937 981 938
980 938 981
938 980 940
980 942 940
942 980 994
978 994 980
978 995 994
995 942 994
978 974 995
974 975 995
964 995 975
975 963 964
963 975 972
972 966 963
995 964 965
942 995 965
981 937 985
996 997 998
999 997 996
997 999 1000
1001 999 996
996 1002 1001
1001 1002 1003
1003 1004 1001
1004 1003 1005
999 1001 1006
1001 1007 1006
1007 1001 1004
1008 1007 1004
1004 1009 1008
1004 1005 1009
1008 1009 1010
1007 1008 1011
1008 1012 1011
1012 1008 1013
1013 1008 1010
1013 1010 1014
1013 1014 1015
1016 1012 1013
1013 1015 1016
1012 1016 1017
1016 1018 1017
1018 1016 1019
1016 1015 1020
1019 1016 1020
1019 1020 1021
1022 1019 1021
1019 1022 997
997 1018 1019
1018 997 1000
997 1022 998
1010 917 1014
917 1015 1014
1015 917 919
903 1015 919
1015 903 1020
902 1020 903
1020 902 1021
1023 1021 902
1021 1023 1022
887 1023 902
1023 887 890
890 901 1023
901 1022 1023
1022 901 998
900 998 901
998 900 1024
996 998 1024
996 1024 1002
900 1002 1024
1002 900 906
906 1003 1002
1003 906 908
908 1005 1003
1005 908 910
910 1009 1005
1009 910 914
914 1010 1009
1010 914 916
917 1010 916
944 933 1025
1025 946 944
946 1025 953
928 953 1025
953 928 927
927 951 953
951 927 926
925 951 926
951 925 950
924 950 925
950 924 962
923 962 924
962 923 960
922 960 923
960 922 958
921 958 922
958 921 956
920 956 921
1025 930 928
930 1025 933
1026 1027 1028
1027 1026 1029
1030 1026 1028
1026 1030 1031
1026 1032 1029
1032 1026 1033
1034 1032 1033
1032 1034 1035
1036 1034 1033
1036 1026 1031
1026 1036 1033
1034 1036 1037
1034 1038 1035
1038 1034 1039
1040 1038 1039
1038 1040 1041
1040 1042 1041
1042 1040 1043
1044 1042 1043
1042 1044 1045
1044 1046 1045
1046 1044 1047
1048 1040 1039
1048 1034 1037
1034 1048 1039
1040 1048 1049
1044 1050 1047
1050 1044 1051
1044 1052 1051
1052 1044 1043
1040 1052 1043
1052 1040 1049
1053 1054 1055
1056 1054 1053
1054 1056 1057
1056 1058 1057
1058 1056 1059
1060 1058 1059
1061 1062 1063
1062 1061 1064
1062 1065 1063
1065 1062 1066
1067 1062 1064
1062 1067 1068
1067 1069 1068
1069 1067 1070
1069 1071 1068
1062 1071 1066
1071 1062 1068
1071 1069 1072
1073 1069 1070
1069 1073 1074
1073 1075 1074
1075 1073 1076
1077 1075 1076
1075 1077 1078
1077 1079 1078
1079 1077 1080
1081 1079 1080
1079 1081 1082
1075 1083 1074
1069 1083 1072
1083 1069 1074
1083 1075 1084
1085 1079 1082
1079 1085 1086
1079 1087 1078
1087 1079 1086
1087 1075 1078
1075 1087 1084
1088 1089 1090
1090 1091 1088
1091 1090 1092
1093 1091 1092
1091 1093 1094
1095 1094 1093
1096 1097 1098
1099 1097 1096
1100 1097 1099
1101 1097 1100
1098 1097 1102
1102 1097 1103
1103 1097 1104
1104 1097 1105
1105 1097 1106
1106 1097 1107
1107 1097 1108
1108 1097 1109
1109 1097 1110
1110 1097 1111
1111 1097 1112
1112 1097 1113
1113 1097 1114
1114 1097 1101
1115 1116 1117
1116 1115 1118
1116 1119 1117
1119 1116 1120
1121 1118 1115
1118 1121 1122
1123 1122 1121
1122 1123 1124
1117 1125 1115
1125 1126 1115
1126 1127 1115
1125 1117 1128
1129 1128 1117
1119 1130 1117
1130 1129 1117
1130 1119 1131
1132 1123 1121
1123 1132 1133
1134 1132 1121
1115 1134 1121
1134 1115 1127
1133 1135 1123
1136 1124 1123
1135 1136 1123
1124 1136 1137
1136 1138 1137
1138 1136 1139
1140 1139 1136
1139 1140 1141
1141 1142 1139
1143 1140 1136
1135 1143 1136
1142 1144 1139
1145 1139 1144
1139 1145 1146
1146 1138 1139
1146 1145 1147
1146 1147 1148
1138 1146 1149
1146 1150 1149
1150 1146 1151
1151 1146 1148
1152 1153 1154
1155 1152 1154
1156 1155 1154
1157 1156 1154
1153 1158 1154
1158 1159 1154
1159 1160 1154
1160 1161 1154
1161 1162 1154
1162 1163 1154
1163 1164 1154
1164 1165 1154
1165 1166 1154
1166 1167 1154
1167 1168 1154
1168 1169 1154
1169 1170 1154
1170 1157 1154
1171 1172 1173
1172 1171 1174
1175 1172 1174
1172 1175 1176
1173 1177 1171
1177 1173 1178
1178 1179 1177
1179 1178 1180
1181 1174 1171
1181 1171 1182
1182 1171 1183
1174 1181 1184
1185 1174 1184
1186 1175 1174
1186 1174 1185
1175 1186 1187
1179 1188 1177
1188 1179 1189
1190 1177 1188
1190 1171 1177
1171 1190 1183
1189 1179 1191
1180 1192 1179
1191 1179 1192
1192 1180 1193
1194 1192 1193
1192 1194 1195
1195 1196 1192
1196 1195 1197
1197 1195 1198
1199 1192 1196
1191 1192 1199
1198 1195 1200
1195 1201 1200
1201 1195 1202
1194 1202 1195
1202 1203 1201
1202 1204 1203
1202 1194 1205
1206 1202 1205
1202 1206 1207
1207 1204 1202
1208 1209 1210
1209 1208 1211
1212 1211 1208
1211 1212 1213
1214 1210 1209
1210 1214 1215
1214 1216 1215
1217 1218 1219
1218 1217 1220
1221 1220 1217
1220 1221 1222
1221 1223 1222
1223 1221 1224
1224 1225 1223
1225 1224 1226
1227 1225 1226
1225 1227 1228
1229 1228 1227
1228 1229 1230
1229 1231 1230
1231 1229 1232
1232 1233 1231
1233 1232 1234
1227 1235 1229
1235 1232 1229
1235 1227 1236
1226 1236 1227
1232 1235 1237
1237 1234 1232
1234 1237 1238
1239 1226 1224
1224 1240 1239
1226 1239 1241
1236 1226 1241
1242 1228 1230
1231 1242 1230
1228 1242 1243
1244 1243 1242
1243 1244 1245
1245 1246 1243
1246 1245 1247
1248 1244 1242
1244 1248 1249
1250 1249 1248
1249 1250 1251
1252 1246 1247
1246 1252 1253
1254 1253 1252
1253 1254 1255
1254 1256 1255
1256 1254 1257
1257 1258 1256
1258 1257 1259
1248 1233 1250
1233 1248 1231
1242 1231 1248
1258 1220 1256
1220 1255 1256
1220 1258 1218
1255 1220 1222
1223 1255 1222
1255 1223 1253
1225 1253 1223
1253 1225 1246
1228 1246 1225
1246 1228 1243
1219 1260 1217
1260 1219 1261
1240 1217 1260
1217 1240 1221
1240 1224 1221
1262 1263 1264
1262 1264 1265
1265 1266 1262
1262 1266 1267
1267 1268 1262
1268 1263 1262
1267 1269 1268
1270 1269 1267
1271 1270 1267
1267 1266 1271
1271 1272 1270
1266 1273 1271
1273 1274 1271
1274 1272 1271
1273 1275 1274
1264 1276 1265
1266 1277 1278
1277 1279 1278
1277 1280 1279
1279 1281 1278
1278 1281 1282
1278 1282 1283
1282 1284 1283
1283 1284 1285
1283 1285 1286
1286 1266 1283
1283 1266 1278
1287 1266 1286
1286 1288 1287
1286 1289 1288
1285 1289 1286
1288 1290 1287
1291 1292 1293
1292 1291 1294
1295 1291 1293
1291 1295 1296
1297 1296 1295
1296 1297 1298
1297 1299 1298
1300 1301 1302
1301 1300 1303
1304 1303 1300
1303 1304 1305
1304 1306 1305
1306 1304 1307
1307 1308 1306
1308 1307 1309
1310 1308 1309
1308 1310 1311
1312 1311 1310
1311 1312 1313
1312 1314 1313
1314 1312 1315
1315 1316 1314
1316 1315 1317
1310 1318 1312
1318 1315 1312
1318 1310 1319
1309 1319 1310
1315 1318 1320
1320 1317 1315
1317 1320 1321
1322 1309 1307
1307 1323 1322
1309 1322 1324
1319 1309 1324
1325 1311 1313
1314 1325 1313
1311 1325 1326
1327 1326 1325
1326 1327 1328
1328 1329 1326
1329 1328 1330
1331 1327 1325
1327 1331 1332
1333 1332 1331
1332 1333 1334
1335 1329 1330
1329 1335 1336
1337 1336 1335
1336 1337 1338
1337 1339 1338
1339 1337 1340
1340 1341 1339
1341 1340 1342
1331 1316 1333
1316 1331 1314
1325 1314 1331
1341 1303 1339
1303 1338 1339
1303 1341 1301
1338 1303 1305
1306 1338 1305
1338 1306 1336
1308 1336 1306
1336 1308 1329
1311 1329 1308
1329 1311 1326
1302 1343 1300
1343 1302 1344
1323 1300 1343
1300 1323 1304
1323 1307 1304
1345 1346 1347
1346 1345 1348
1349 1346 1348
1346 1349 1350
1351 1346 1350
1346 1351 1352
1353 1352 1351
1352 1353 1354
1355 1352 1354
1352 1355 1356
1356 1346 1352
1346 1356 1347
1357 1347 1356
1347 1357 1358
1356 1359 1357
1359 1356 1355
1359 1360 1357
1360 1359 1361
1362 1347 1358
1347 1362 1345
1363 1357 1360
1357 1363 1358
1363 1362 1358
1362 1363 1364
1365 1353 1351
1353 1365 1366
1365 1367 1366
1367 1365 1368
1368 1369 1367
1369 1368 1370
1371 1369 1370
1369 1371 1372
1373 1368 1365
1351 1373 1365
1373 1351 1350
1349 1373 1350
1373 1349 1374
1375 1373 1374
1373 1375 1376
1368 1373 1376
1377 1376 1375
1376 1377 1378
1368 1378 1370
1378 1368 1376
1377 1379 1378
1370 1379 1371
1379 1370 1378
1379 1377 1380
1381 1382 1383
1382 1381 1384
1385 1381 1383
1381 1385 1386
1387 1386 1385
1386 1387 1388
1387 1389 1388
1390 1391 1392
1391 1390 1393
1394 1391 1393
1391 1394 1395
1396 1395 1394
1395 1396 1397
1396 1398 1397
1399 1400 1401
1400 1399 1402
1403 1400 1402
1400 1403 1404
1405 1400 1404
1400 1405 1406
1407 1406 1405
1406 1407 1408
1409 1406 1408
1406 1409 1410
1410 1400 1406
1400 1410 1401
1411 1401 1410
1401 1411 1412
1410 1413 1411
1413 1410 1409
1413 1414 1411
1414 1413 1415
1416 1401 1412
1401 1416 1399
1417 1411 1414
1411 1417 1412
1417 1416 1412
1416 1417 1418
1419 1407 1405
1407 1419 1420
1419 1421 1420
1421 1419 1422
1422 1423 1421
1423 1422 1424
1425 1423 1424
1423 1425 1426
1427 1422 1419
1405 1427 1419
1427 1405 1404
1403 1427 1404
1427 1403 1428
1429 1427 1428
1427 1429 1430
1422 1427 1430
1431 1430 1429
1430 1431 1432
1422 1432 1424
1432 1422 1430
1431 1433 1432
1424 1433 1425
1433 1424 1432
1433 1431 1434
1435 1436 1437
1436 1435 1438
1439 1438 1435
1438 1439 1440
1441 1437 1436
1437 1441 1442
1441 1443 1442
1444 1445 1446
1445 1444 1447
1444 1448 1447
1448 1444 1449
1450 1446 1445
1446 1450 1451
1450 1452 1451
1453 1454 1455
1456 1454 1453
1457 1454 1456
1458 1454 1457
1455 1454 1459
1459 1454 1460
1460 1454 1461
1461 1454 1462
1462 1454 1463
1463 1454 1464
1464 1454 1465
1465 1454 1466
1466 1454 1467
1467 1454 1468
1468 1454 1469
1469 1454 1470
1470 1454 1471
1471 1454 1458
1472 1473 1474
1473 1472 1475
1473 1476 1474
1476 1473 1477
1478 1475 1472
1475 1478 1479
1480 1479 1478
1479 1480 1481
1474 1482 1472
1482 1483 1472
1483 1484 1472
1482 1474 1485
1486 1485 1474
1476 1487 1474
1487 1486 1474
1487 1476 1488
1489 1480 1478
1480 1489 1490
1491 1489 1478
1472 1491 1478
1491 1472 1484
1490 1492 1480
1493 1481 1480
1492 1493 1480
1481 1493 1494
1493 1495 1494
1495 1493 1496
1497 1496 1493
1496 1497 1498
1498 1499 1496
1500 1497 1493
1492 1500 1493
1499 1501 1496
1502 1496 1501
1496 1502 1503
1503 1495 1496
1503 1502 1504
1503 1504 1505
1495 1503 1506
1503 1507 1506
1507 1503 1508
1508 1503 1505
1509 1510 1511
1512 1509 1511
1513 1512 1511
1514 1513 1511
1510 1515 1511
1515 1516 1511
1516 1517 1511
1517 1518 1511
1518 1519 1511
1519 1520 1511
1520 1521 1511
1521 1522 1511
1522 1523 1511
1523 1524 1511
1524 1525 1511
1525 1526 1511
1526 1527 1511
1527 1514 1511
1528 1529 1530
1529 1528 1531
1532 1529 1531
1529 1532 1533
1530 1534 1528
1534 1530 1535
1535 1536 1534
1536 1535 1537
1538 1531 1528
1538 1528 1539
1539 1528 1540
1531 1538 1541
1542 1531 1541
1543 1532 1531
1543 1531 1542
1532 1543 1544
1536 1545 1534
1545 1536 1546
1547 1534 1545
1547 1528 1534
1528 1547 1540
1546 1536 1548
1537 1549 1536
1548 1536 1549
1549 1537 1550
1551 1549 1550
1549 1551 1552
1552 1553 1549
1553 1552 1554
1554 1552 1555
1556 1549 1553
1548 1549 1556
1555 1552 1557
1552 1558 1557
1558 1552 1559
1551 1559 1552
1559 1560 1558
1559 1561 1560
1559 1551 1562
1563 1559 1562
1559 1563 1564
1564 1561 1559
1565 1566 1567
1566 1565 1568
1569 1568 1565
1568 1569 1570
1571 1570 1569
1570 1571 1572
1573 1572 1571
1572 1573 1574
1575 1567 1566
1567 1575 1576
1577 1576 1575
1576 1577 1578
1573 1579 1574
1579 1573 1580
1577 1581 1578
1581 1577 1582
1582 1583 1581
1583 1582 1584
1584 1585 1583
1585 1584 1586
1586 1587 1585
1587 1586 1588
1580 1588 1579
1588 1580 1587
1589 1584 1582
1584 1589 1590
1590 1586 1584
1582 1591 1589
1591 1582 1577
1575 1591 1577
1591 1575 1592
1566 1592 1575
1592 1566 1593
1568 1593 1566
1593 1568 1594
1570 1594 1568
1594 1570 1595
1572 1595 1570
1595 1572 1596
1574 1596 1572
1596 1574 1597
1574 1598 1597
1598 1574 1579
1579 1599 1598
1599 1579 1588
1588 1600 1599
1600 1588 1586
1586 1590 1600
1590 1601 1600
1601 1590 1602
1602 1603 1601
1603 1602 1604
1605 1604 1602
1604 1605 1606
1605 1607 1606
1607 1605 1608
1608 1609 1607
1609 1608 1610
1610 1611 1609
1611 1610 1612
1612 1613 1611
1613 1612 1614
1614 1615 1613
1615 1614 1616
1617 1601 1603
1601 1617 1618
1619 1618 1617
1618 1619 1620
1621 1620 1619
1620 1621 1622
1621 1623 1622
1623 1621 1624
1616 1624 1615
1624 1616 1623
1618 1600 1601
1600 1618 1599
1620 1599 1618
1599 1620 1598
1622 1598 1620
1598 1622 1597
1622 1596 1597
1596 1622 1623
1623 1595 1596
1595 1623 1616
1616 1594 1595
1617 1625 1619
1619 1626 1621
1626 1619 1625
1626 1624 1621
1627 1626 1625
1626 1627 1628
1629 1626 1628
1626 1629 1630
1624 1626 1630
1631 1629 1628
1631 1628 1627
1625 1632 1627
1632 1625 1633
1633 1634 1632
1634 1633 1635
1635 1636 1634
1636 1635 1637
1637 1638 1636
1638 1637 1639
1640 1638 1639
1638 1640 1641
1642 1627 1632
1631 1627 1642
1632 1643 1642
1643 1632 1634
1643 1634 1636
1644 1636 1638
1643 1636 1644
1645 1644 1638
1645 1638 1641
1644 1646 1643
1646 1642 1643
1646 1644 1647
1644 1648 1647
1648 1644 1645
1642 1646 1649
1650 1642 1649
1642 1650 1631
1650 1651 1631
1651 1650 1652
1640 1653 1641
1645 1641 1653
1653 1640 1654
1645 1653 1655
1655 1648 1645
1648 1655 1656
1655 1657 1656
1657 1651 1652
1657 1655 1658
1651 1657 1658
1658 1655 1659
1655 1653 1659
1660 1653 1654
1653 1660 1659
1661 1659 1660
1659 1661 1662
1658 1659 1662
1663 1662 1661
1662 1663 1664
1664 1658 1662
1658 1664 1651
1630 1664 1663
1664 1630 1629
1651 1664 1629
1631 1651 1629
1615 1630 1663
1630 1615 1624
1663 1613 1615
1613 1663 1661
1661 1611 1613
1611 1661 1660
1660 1609 1611
1609 1660 1654
1654 1607 1609
1607 1654 1640
1639 1607 1640
1607 1639 1606
1637 1606 1639
1606 1637 1604
1635 1604 1637
1604 1635 1603
1633 1603 1635
1603 1633 1617
1625 1617 1633
1665 1666 1667
1666 1665 1668
1669 1666 1668
1666 1669 1670
1671 1670 1669
1670 1671 1672
1673 1672 1671
1672 1673 1674
1675 1674 1673
1674 1675 1676
1677 1676 1675
1676 1677 1678
1677 1679 1678
1679 1677 1680
1681 1671 1669
1682 1681 1669
1682 1669 1668
1671 1683 1673
1683 1671 1681
1683 1675 1673
1683 1684 1675
1684 1677 1675
1685 1680 1677
1685 1677 1684
1686 1684 1683
1681 1686 1683
1684 1686 1687
1684 1688 1685
1688 1684 1687
1689 1681 1682
1690 1689 1682
1682 1665 1690
1689 1690 1691
1681 1689 1692
1686 1681 1692
1693 1679 1680
1685 1693 1680
1679 1693 1694
1688 1695 1685
1685 1695 1693
1695 1688 1696
1697 1695 1696
1690 1697 1691
1695 1697 1698
1697 1690 1698
1693 1699 1694
1699 1693 1700
1695 1700 1693
1698 1700 1695
1700 1701 1699
1701 1700 1702
1698 1702 1700
1702 1703 1701
1703 1702 1704
1704 1698 1690
1698 1704 1702
1690 1665 1704
1667 1704 1665
1704 1667 1703
1699 1576 1694
1578 1694 1576
1694 1578 1679
1578 1678 1679
1678 1578 1581
1581 1676 1678
1676 1581 1583
1576 1699 1567
1701 1567 1699
1567 1701 1565
1703 1565 1701
1565 1703 1569
1667 1569 1703
1569 1667 1571
1666 1571 1667
1571 1666 1573
1666 1580 1573
1580 1666 1670
1670 1587 1580
1587 1670 1672
1672 1585 1587
1585 1672 1674
1674 1583 1585
1583 1674 1676
1682 1668 1665
1705 1706 1707
1706 1705 1708
1706 1709 1707
1709 1706 1710
1711 1706 1708
1706 1711 1712
1711 1713 1712
1713 1711 1714
1713 1715 1712
1706 1715 1710
1715 1706 1712
1715 1713 1716
1717 1713 1714
1713 1717 1718
1717 1719 1718
1719 1717 1720
1721 1719 1720
1719 1721 1722
1721 1723 1722
1723 1721 1724
1725 1723 1724
1723 1725 1726
1719 1727 1718
1713 1727 1716
1727 1713 1718
1727 1719 1728
1729 1723 1726
1723 1729 1730
1723 1731 1722
1731 1723 1730
1731 1719 1722
1719 1731 1728
1732 1733 1734
1734 1735 1732
1735 1734 1736
1737 1735 1736
1735 1737 1738
1739 1738 1737
1740 1741 1742
1741 1740 1743
1744 1740 1742
1740 1744 1745
1740 1746 1743
1746 1740 1747
1748 1746 1747
1746 1748 1749
1750 1748 1747
1750 1740 1745
1740 1750 1747
1748 1750 1751
1748 1752 1749
1752 1748 1753
1754 1752 1753
1752 1754 1755
1754 1756 1755
1756 1754 1757
1758 1756 1757
1756 1758 1759
1758 1760 1759
1760 1758 1761
1762 1754 1753
1762 1748 1751
1748 1762 1753
1754 1762 1763
1758 1764 1761
1764 1758 1765
1758 1766 1765
1766 1758 1757
1754 1766 1757
1766 1754 1763
1767 1768 1769
1770 1768 1767
1768 1770 1771
1770 1772 1771
1772 1770 1773
1774 1772 1773
1775 1776 1777
1778 1775 1777
1777 1779 1778
1779 1777 1780
1781 1779 1780
1782 1781 1780
1780 1783 1782
1783 1780 1784
1785 1783 1784
1786 1785 1784
1784 1787 1786
1787 1784 1788
1780 1788 1784
1783 1789 1782
1789 1783 1790
1790 1791 1789
1791 1790 1792
1792 1793 1791
1793 1792 1794
1795 1786 1787
1786 1795 1796
1795 1797 1796
1797 1795 1798
1798 1799 1797
1799 1798 1800
1800 1801 1799
1801 1800 1802
1803 1793 1794
1793 1803 1804
1805 1801 1802
1806 1804 1803
1807 1808 1809
1808 1807 1810
1809 1811 1807
1811 1809 1812
1812 1813 1811
1813 1812 1814
1814 1779 1813
1779 1814 1778
1810 1815 1808
1815 1810 1816
1817 1815 1816
1818 1819 1820
1820 1819 1821
1822 1820 1821
1821 1823 1822
1823 1821 1824
1824 1825 1823
1825 1824 1826
1827 1825 1826
1825 1827 1828
1829 1828 1827
1828 1829 1830
1831 1830 1829
1830 1831 1832
1833 1832 1831
1820 1822 1788
1822 1834 1788
1788 1834 1787
1788 1780 1820
1780 1777 1820
1776 1820 1777
1820 1776 1818
1776 1835 1818
1835 1776 1836
1837 1835 1836
1835 1837 1838
1839 1838 1837
1838 1839 1840
1841 1840 1839
1840 1841 1842
1843 1842 1841
1844 1845 1846
1845 1844 1847
1847 1848 1845
1848 1847 1849
1850 1848 1849
1848 1850 1851
1852 1851 1850
1851 1852 1853
1854 1853 1852
1853 1854 1855
1846 1856 1844
1856 1846 1857
1845 1858 1846
1858 1845 1859
1848 1859 1845
1859 1848 1860
1848 1861 1860
1861 1848 1851
1851 1862 1861
1862 1851 1853
1853 1863 1862
1863 1853 1855
1859 1864 1858
1864 1859 1865
1860 1865 1859
1865 1860 1866
1860 1867 1866
1867 1860 1861
1861 1868 1867
1868 1861 1862
1862 1869 1868
1869 1862 1863
1870 1858 1864
1858 1870 1871
1871 1846 1858
1846 1871 1857
1865 1872 1864
1872 1865 1873
1866 1873 1865
1873 1866 1874
1866 1875 1874
1875 1866 1867
1867 1876 1875
1876 1867 1868
1868 1877 1876
1877 1868 1869
1864 1878 1870
1878 1864 1872
1879 1880 1881
1881 1882 1879
1882 1881 1883
1882 1884 1879
1879 1884 1885
1884 1886 1885
1886 1887 1885
1885 1887 1888
1887 1889 1888
1889 1890 1888
1891 1888 1890
1890 1889 1892
1889 1887 1893
1887 1886 1894
1886 1884 1895
1884 1882 1896
1897 1887 1894
1887 1897 1898
1887 1899 1893
1899 1887 1898
1898 1900 1899
1900 1898 1901
1902 1898 1897
1898 1902 1901
1901 1903 1900
1903 1901 1904
1905 1901 1902
1901 1905 1904
1892 1906 1890
1907 1890 1906
1890 1907 1908
1909 1907 1906
1907 1909 1910
1911 1910 1909
1910 1911 1912
1909 1913 1911
1913 1909 1914
1906 1914 1909
1915 1912 1911
1912 1915 1916
1914 1906 1917
1906 1892 1917
1905 1918 1904
1919 1904 1918
1904 1919 1903
1911 1920 1915
1920 1911 1913
1915 1920 1921
1921 1916 1915
1922 1919 1918
1918 1923 1922
1918 1905 1923
1924 1925 1926
1926 1925 1927
1928 1926 1927
1926 1928 1929
1929 1930 1926
1930 1929 1931
1932 1931 1929
1931 1932 1933
1934 1929 1928
1929 1934 1932
1932 1935 1933
1935 1932 1936
1936 1937 1935
1937 1936 1938
1939 1938 1936
1939 1932 1934
1932 1939 1936
1938 1939 1940
1940 1941 1938
1941 1940 1942
1941 1942 1943
1943 1944 1941
1938 1944 1937
1944 1938 1941
1945 1926 1930
1926 1945 1924
1880 1924 1945
1945 1881 1880
1881 1945 1946
1947 1881 1946
1881 1947 1948
1949 1881 1948
1881 1949 1883
1948 1950 1949
1950 1948 1951
1951 1952 1950
1952 1951 1953
1953 1954 1952
1954 1953 1955
1953 1956 1955
1956 1953 1957
1951 1957 1953
1957 1951 1958
1958 1948 1947
1948 1958 1951
1955 1956 1959
1959 1954 1955
1960 1961 1962
1961 1960 1963
1963 1964 1961
1964 1963 1965
1960 1966 1963
1966 1965 1963
1966 1960 1967
1967 1968 1966
1968 1967 1969
1968 1970 1966
1965 1966 1970
1970 1968 1971
1884 1971 1968
1969 1884 1968
1971 1884 1896
1884 1969 1895
1972 1961 1964
1961 1972 1973
1973 1962 1961
1973 1972 1974
1974 1975 1973
1962 1973 1975
1976 1977 1978
1978 1977 1979
1978 1979 1980
1978 1980 1981
1982 1976 1978
1981 1982 1978
1908 1891 1890
1891 1908 1925
1924 1891 1925
1983 1984 1985
1984 1983 1986
1987 1984 1986
1984 1987 1988
1989 1988 1987
1988 1989 1990
1991 1990 1989
1990 1991 1992
1993 1983 1985
1983 1993 1994
1995 1994 1993
1994 1995 1996
1995 1997 1996
1997 1995 1998
1998 1999 1997
1999 1998 2000
2001 1988 1990
1988 2001 2002
2003 1988 2002
1988 2003 1984
2004 1984 2003
1984 2004 1985
2004 1993 1985
1998 2005 2000
2005 1998 2006
1995 2006 1998
2006 1995 2007
1995 2008 2007
2008 1995 1993
1993 2004 2008
1997 2009 1996
2010 1996 2009
2009 2011 2010
2011 2009 2012
2009 2013 2012
2013 2009 2014
2014 2015 2013
2015 2014 2016
2011 2017 2010
2017 2011 2018
2019 2017 2018
2017 2019 2020
2019 2021 2020
2021 2019 2022
2023 2021 2022
2021 2023 2024
2025 2024 2023
2024 2025 2026
2023 2027 2025
2012 2013 2028
1986 2017 2020
2017 1986 1983
1994 2017 1983
2017 1994 2010
2020 1987 1986
1987 2020 2021
1996 2010 1994
2021 1989 1987
1989 2021 2024
2024 1991 1989
1991 2024 2026
2023 2022 2029
2023 2029 2027
2030 2027 2029
2030 2029 2031
2030 2031 2028
2019 2031 2029
2011 2028 2031
2011 2012 2028
2032 2030 2028
2022 2019 2029
2011 2031 2018
2019 2018 2031
2032 2033 2030
2030 2033 2034
2035 2034 2033
2035 2033 2036
2037 2035 2036
2038 2037 2036
2036 2033 2038
2038 2033 2032
2037 2038 2039
2015 2039 2038
2038 2032 2015
2013 2015 2032
2013 2032 2028
2039 2015 2016
2035 2037 2040
2041 2035 2040
2035 2041 2042
2035 2042 2034
2041 2043 2042
2043 2034 2042
2043 2041 2044
2045 2043 2044
2043 2045 2046
2045 2047 2046
2047 2045 2048
2048 2025 2047
2025 2048 2026
2047 2025 2027
2049 2041 2040
2041 2049 2050
2051 2050 2049
2049 2052 2051
2052 2049 2053
2054 2052 2053
2052 2054 2055
1999 2055 2054
2055 1999 2000
2050 2051 2056
2057 2050 2056
2050 2057 2058
2057 2059 2058
2059 2057 2060
2060 2061 2059
2061 2060 2062
2062 1991 2061
1991 2062 1992
2063 2057 2056
2057 2063 2064
2064 2060 2057
2060 2064 2065
2060 2066 2062
2066 2060 2065
2067 2062 2066
2062 2067 1992
2067 1990 1992
1990 2067 2001
2067 2068 2001
2069 2001 2068
2070 2069 2068
2069 2070 2071
2072 2069 2071
2069 2072 2073
2074 2073 2072
2073 2074 2075
2068 2076 2070
2076 2068 2077
2068 2067 2077
2074 2078 2075
2078 2074 2079
2079 2080 2078
2080 2079 2081
2082 2080 2081
2080 2082 2083
2084 2083 2082
2083 2084 2085
2072 2071 2086
2086 2071 2070
2070 2076 2087
2086 2070 2087
2079 2074 2088
2089 2088 2086
2089 2086 2087
2089 2090 2088
2090 2081 2079
2082 2081 2090
2090 2079 2088
2091 2082 2090
2089 2091 2090
2091 2084 2082
2007 2078 2080
2078 2007 2008
2080 2006 2007
2006 2080 2083
2083 2005 2006
2005 2083 2085
2086 2088 2072
2088 2074 2072
2084 2092 2085
2092 2005 2085
2092 2084 2093
2093 2094 2092
2094 2093 2095
2096 2094 2095
2094 2096 2097
2098 2097 2096
2097 2098 2099
2098 2100 2099
2100 2098 2101
2101 2102 2100
2102 2101 2103
2104 2102 2103
2102 2104 2105
2076 2105 2104
2105 2076 2077
2101 2106 2103
2106 2104 2103
2104 2087 2076
2106 2087 2104
2096 2107 2098
2107 2101 2098
2106 2101 2107
2089 2106 2107
2089 2087 2106
2089 2107 2108
2089 2108 2091
2091 2108 2093
2064 2099 2100
2099 2064 2063
2109 2099 2063
2063 2051 2109
2052 2109 2051
2109 2052 2110
2052 2111 2110
2111 2052 2055
2055 2005 2111
2005 2055 2000
2051 2063 2056
2099 2109 2097
2110 2097 2109
2100 2065 2064
2065 2100 2102
2102 2066 2065
2066 2102 2105
2097 2110 2094
2111 2094 2110
2094 2111 2092
2005 2092 2111
2105 2067 2066
2067 2105 2077
2009 1997 2014
1999 2014 1997
2014 1999 2016
1999 2039 2016
2039 1999 2054
2054 2037 2039
2037 2054 2053
2053 2040 2037
2040 2053 2049
2075 2008 2004
2008 2075 2078
2003 2075 2004
2075 2003 2073
2002 2073 2003
2073 2002 2069
2001 2069 2002
2043 2112 2034
2030 2034 2112
2030 2112 2027
2046 2112 2043
2047 2112 2046
2047 2027 2112
2041 2058 2044
2058 2041 2050
2059 2044 2058
2044 2059 2045
2061 2045 2059
2045 2061 2048
1991 2048 2061
2048 1991 2026
2108 2096 2095
2093 2108 2095
2108 2107 2096
2091 2093 2084
2113 2114 2115
2114 2113 2116
2117 2114 2116
2114 2117 2118
2119 2114 2118
2114 2119 2120
2121 2120 2119
2120 2121 2122
2123 2120 2122
2120 2123 2124
2124 2114 2120
2114 2124 2115
2125 2115 2124
2115 2125 2126
2124 2127 2125
2127 2124 2123
2127 2128 2125
2128 2127 2129
2130 2115 2126
2115 2130 2113
2131 2125 2128
2125 2131 2126
2131 2130 2126
2130 2131 2132
2133 2121 2119
2121 2133 2134
2133 2135 2134
2135 2133 2136
2136 2137 2135
2137 2136 2138
2139 2137 2138
2137 2139 2140
2141 2136 2133
2119 2141 2133
2141 2119 2118
2117 2141 2118
2141 2117 2142
2143 2141 2142
2141 2143 2144
2136 2141 2144
2145 2144 2143
2144 2145 2146
2136 2146 2138
2146 2136 2144
2145 2147 2146
2138 2147 2139
2147 2138 2146
2147 2145 2148
2149 2150 2151
2150 2149 2152
2153 2149 2151
2149 2153 2154
2155 2154 2153
2154 2155 2156
2155 2157 2156
2158 2159 2160
2159 2158 2161
2162 2159 2161
2159 2162 2163
2164 2163 2162
2163 2164 2165
2164 2166 2165
2167 2168 2169
2168 2167 2170
2171 2168 2170
2168 2171 2172
2173 2168 2172
2168 2173 2174
2175 2174 2173
2174 2175 2176
2177 2174 2176
2174 2177 2178
2178 2168 2174
2168 2178 2169
2179 2169 2178
2169 2179 2180
2178 2181 2179
2181 2178 2177
2181 2182 2179
2182 2181 2183
2184 2169 2180
2169 2184 2167
2185 2179 2182
2179 2185 2180
2185 2184 2180
2184 2185 2186
2187 2175 2173
2175 2187 2188
2187 2189 2188
2189 2187 2190
2190 2191 2189
2191 2190 2192
2193 2191 2192
2191 2193 2194
2195 2190 2187
2173 2195 2187
2195 2173 2172
2171 2195 2172
2195 2171 2196
2197 2195 2196
2195 2197 2198
2190 2195 2198
2199 2198 2197
2198 2199 2200
2190 2200 2192
2200 2190 2198
2199 2201 2200
2192 2201 2193
2201 2192 2200
2201 2199 2202
2203 2204 2205
2204 2203 2206
2207 2206 2203
2206 2207 2208
2209 2205 2204
2205 2209 2210
2209 2211 2210
2212 2213 2214
2213 2212 2215
2212 2216 2215
2216 2212 2217
2218 2214 2213
2214 2218 2219
2218 2220 2219
2221 2222 2223
2222 2221 2224
2222 2225 2223
2225 2222 2226
2224 2221 2227
2224 2227 2228
2224 2228 2229
2226 2230 2225
2226 2231 2230
2226 2232 2231
2233 2224 2229
2224 2234 2222
2234 2224 2233
2234 2226 2222
2235 2234 2233
2235 2233 2236
2233 2229 2236
2235 2236 2237
2235 2237 2238
2235 2238 2239
2235 2239 2240
2234 2235 2241
2242 2241 2235
2235 2240 2242
2241 2242 2243
2244 2241 2243
2241 2244 2245
2245 2234 2241
2245 2244 2246
2245 2246 2247
2245 2247 2248
2234 2245 2249
2245 2250 2249
2249 2250 2232
2245 2251 2250
2248 2251 2245
2249 2232 2226
2226 2234 2249
2252 2253 2254
2252 2255 2253
2252 2256 2255
2254 2257 2252
2258 2252 2257
2259 2258 2257
2259 2257 2260
2258 2259 2261
2261 2259 2262
2259 2263 2262
2259 2264 2263
2259 2260 2264
2265 2258 2261
2258 2265 2266
2265 2261 2267
2261 2262 2267
2265 2267 2268
2265 2268 2269
2270 2266 2265
2266 2270 2271
2272 2266 2271
2266 2272 2273
2273 2258 2266
2265 2269 2274
2275 2265 2274
2265 2275 2270
2273 2272 2276
2273 2276 2277
2273 2277 2278
2278 2279 2273
2273 2279 2280
2273 2280 2281
2281 2280 2256
2258 2273 2281
2252 2258 2281
2281 2256 2252
2282 2283 2284
2283 2282 2285
2286 2285 2282
2285 2286 2287
2288 2287 2286
2287 2288 2289
2290 2289 2288
2289 2290 2291
2283 2292 2284
2292 2283 2293
2293 2294 2292
2294 2293 2295
2295 2296 2294
2296 2295 2297
2297 2298 2296
2298 2297 2299
2300 2298 2299
2298 2300 2301
2302 2301 2300
2301 2302 2303
2304 2303 2302
2303 2304 2305
2306 2305 2304
2305 2306 2307
2308 2307 2306
2307 2308 2309
2310 2309 2308
2309 2310 2311
2312 2311 2310
2311 2312 2313
2312 2314 2313
2314 2312 2315
2315 2316 2314
2316 2315 2317
2317 2318 2316
2318 2317 2319
2319 2320 2318
2320 2319 2321
2321 2322 2320
2322 2321 2323
2323 2324 2322
2324 2323 2325
2325 2290 2324
2290 2325 2291
2257 2326 2260
2254 2326 2257
2327 2328 2329
2329 2328 2330
2331 2327 2329
2327 2331 2332
2331 2333 2332
2334 2331 2329
2334 2335 2331
2331 2335 2333
2335 2334 2336
2337 2334 2329
2334 2337 2338
2336 2334 2338
2336 2338 2339
2336 2339 2340
2337 2329 2341
2330 2341 2329
2340 2342 2336
2342 2340 2343
2335 2344 2333
2344 2335 2345
2345 2346 2344
2346 2347 2344
2347 2346 2348
2346 2349 2348
2349 2346 2350
2346 2351 2350
2351 2346 2352
2346 2345 2352
2353 2351 2352
2351 2353 2354
2353 2355 2354
2355 2353 2356
2353 2357 2356
2357 2353 2358
2358 2352 2345
2352 2358 2353
2358 2342 2357
2342 2358 2336
2335 2358 2345
2358 2335 2336
2349 2359 2348
2359 2349 2360
2361 2359 2360
2359 2361 2362
2361 2363 2362
2363 2361 2364
2365 2363 2364
2363 2365 2366
2367 2363 2366
2363 2367 2368
2368 2362 2363
2369 2359 2362
2362 2368 2369
2359 2369 2370
2347 2359 2370
2359 2347 2348
2371 2370 2369
2368 2371 2369
2370 2371 2372
2373 2372 2371
2373 2332 2372
2373 2327 2332
2327 2373 2374
2327 2374 2328
2374 2375 2328
2376 2374 2373
2371 2376 2373
2377 2374 2376
2376 2378 2377
2379 2378 2376
2376 2371 2379
2379 2380 2378
2379 2381 2380
2377 2382 2374
2375 2374 2382
2383 2381 2379
2381 2383 2384
2372 2332 2385
2333 2385 2332
2344 2385 2333
2385 2344 2347
2368 2383 2379
2383 2368 2367
2370 2385 2347
2385 2370 2372
2371 2368 2379
2386 2375 2382
2387 2341 2330
2388 2389 2390
2388 2391 2389
2391 2388 2392
2392 2393 2391
2393 2392 2394
2395 2393 2394
2393 2395 2396
2397 2328 2398
2398 2328 2399
2400 2397 2398
2397 2400 2401
2400 2402 2401
2403 2400 2398
2403 2404 2400
2400 2404 2402
2404 2403 2405
2406 2403 2398
2403 2406 2407
2405 2403 2407
2405 2407 2408
2405 2408 2409
2406 2398 2410
2399 2410 2398
2409 2411 2405
2411 2409 2412
2404 2413 2402
2413 2404 2414
2414 2415 2413
2415 2416 2413
2416 2415 2417
2415 2418 2417
2418 2415 2419
2415 2420 2419
2420 2415 2421
2415 2414 2421
2422 2420 2421
2420 2422 2423
2422 2424 2423
2424 2422 2425
2422 2426 2425
2426 2422 2427
2427 2421 2414
2421 2427 2422
2427 2411 2426
2411 2427 2405
2404 2427 2414
2427 2404 2405
2418 2428 2417
2428 2418 2429
2430 2428 2429
2428 2430 2431
2430 2432 2431
2432 2430 2433
2434 2432 2433
2432 2434 2435
2436 2432 2435
2432 2436 2437
2437 2431 2432
2438 2428 2431
2431 2437 2438
2428 2438 2439
2416 2428 2439
2428 2416 2417
2440 2439 2438
2437 2440 2438
2439 2440 2441
2442 2441 2440
2442 2401 2441
2442 2397 2401
2397 2442 2443
2397 2443 2328
2443 2444 2328
2445 2443 2442
2440 2445 2442
2446 2443 2445
2445 2447 2446
2448 2447 2445
2445 2440 2448
2448 2449 2447
2448 2450 2449
2446 2451 2443
2444 2443 2451
2452 2450 2448
2450 2452 2453
2441 2401 2454
2402 2454 2401
2413 2454 2402
2454 2413 2416
2437 2452 2448
2452 2437 2436
2439 2454 2416
2454 2439 2441
2440 2437 2448
2455 2444 2451
2456 2410 2399
2457 2458 2459
2458 2457 2460
2457 2461 2460
2461 2457 2462
2463 2461 2462
2461 2463 2464
2463 2465 2464
2466 2467 2468
2467 2466 2469
2467 2469 2470
2466 2471 2469
2469 2471 2470
2471 2466 2472
2471 2473 2470
2472 2473 2471
2473 2474 2470
2475 2474 2473
2473 2472 2475
2474 2475 2476
2468 2477 2466
2472 2478 2475
2475 2478 2479
2479 2476 2475
2477 2480 2466
2480 2472 2466
2480 2481 2472
2481 2478 2472
2479 2482 2476
2483 2477 2468
2484 2485 2486
2485 2484 2487
2488 2485 2487
2485 2488 2489
2490 2488 2487
2484 2490 2487
2490 2491 2488
2491 2489 2488
2490 2492 2491
2492 2493 2491
2489 2491 2493
2493 2492 2494
2495 2485 2489
2496 2486 2485
2496 2485 2495
2497 2489 2493
2493 2498 2497
2498 2493 2494
2498 2494 2499
2500 2489 2497
2495 2489 2500
2501 2486 2496
2502 2503 2504
2503 2502 2505
2503 2506 2504
2507 2502 2504
2504 2506 2507
2502 2507 2508
2507 2506 2509
2509 2508 2507
2509 2506 2510
2510 2511 2509
2508 2509 2511
2511 2510 2512
2505 2502 2513
2508 2511 2514
2511 2515 2514
2515 2511 2512
2513 2502 2516
2516 2502 2508
2516 2508 2517
2517 2508 2514
2515 2512 2518
2519 2505 2513
2520 2521 2522
2521 2520 2523
2521 2524 2522
2524 2521 2525
2526 2522 2524
2520 2522 2526
2526 2524 2527
2525 2527 2524
2526 2527 2528
2529 2528 2527
2527 2525 2529
2528 2529 2530
2531 2525 2521
2532 2521 2523
2532 2531 2521
2533 2529 2525
2529 2533 2534
2534 2530 2529
2534 2535 2530
2536 2533 2525
2531 2536 2525
2537 2532 2523
2538 2539 2540
2539 2538 2541
2539 2542 2540
2542 2539 2543
2541 2538 2544
2541 2544 2545
2541 2545 2546
2543 2547 2542
2543 2548 2547
2543 2549 2548
2550 2541 2546
2541 2551 2539
2551 2541 2550
2551 2543 2539
2552 2551 2550
2552 2550 2553
2550 2546 2553
2552 2553 2554
2552 2554 2555
2552 2555 2556
2552 2556 2557
2551 2552 2558
2559 2558 2552
2552 2557 2559
2558 2559 2560
2561 2558 2560
2558 2561 2562
2562 2551 2558
2562 2561 2563
2562 2563 2564
2562 2564 2565
2551 2562 2566
2562 2567 2566
2566 2567 2549
2562 2568 2567
2565 2568 2562
2566 2549 2543
2543 2551 2566
2569 2570 2571
2569 2572 2570
2569 2573 2572
2571 2574 2569
2575 2569 2574
2576 2575 2574
2576 2574 2577
2575 2576 2578
2578 2576 2579
2576 2580 2579
2576 2581 2580
2576 2577 2581
2582 2575 2578
2575 2582 2583
2582 2578 2584
2578 2579 2584
2582 2584 2585
2582 2585 2586
2587 2583 2582
2583 2587 2588
2589 2583 2588
2583 2589 2590
2590 2575 2583
2582 2586 2591
2592 2582 2591
2582 2592 2587
2590 2589 2593
2590 2593 2594
2590 2594 2595
2595 2596 2590
2590 2596 2597
2590 2597 2598
2598 2597 2573
2575 2590 2598
2569 2575 2598
2598 2573 2569
2599 2600 2601
2600 2599 2602
2603 2602 2599
2602 2603 2604
2605 2604 2603
2604 2605 2606
2607 2606 2605
2606 2607 2608
2600 2609 2601
2609 2600 2610
2610 2611 2609
2611 2610 2612
2612 2613 2611
2613 2612 2614
2614 2615 2613
2615 2614 2616
2617 2615 2616
2615 2617 2618
2619 2618 2617
2618 2619 2620
2621 2620 2619
2620 2621 2622
2623 2622 2621
2622 2623 2624
2625 2624 2623
2624 2625 2626
2627 2626 2625
2626 2627 2628
2629 2628 2627
2628 2629 2630
2629 2631 2630
2631 2629 2632
2632 2633 2631
2633 2632 2634
2634 2635 2633
2635 2634 2636
2636 2637 2635
2637 2636 2638
2638 2639 2637
2639 2638 2640
2640 2641 2639
2641 2640 2642
2642 2607 2641
2607 2642 2608
2574 2643 2577
2571 2643 2574
2644 2645 2646
2644 2646 2647
2644 2647 2648
2644 2648 2649
2644 2649 2650
2650 2649 2651
2648 2652 2649
2652 2653 2649
2653 2654 2649
2654 2655 2649
2655 2656 2649
2656 2657 2649
2657 2658 2649
2651 2649 2658
2652 2648 2659
2648 2660 2659
2646 2661 2647
2662 2661 2646
2663 2662 2646
2664 2663 2646
2665 2664 2646
2666 2665 2646
2667 2666 2646
2645 2667 2646
2667 2645 2668
2645 2669 2668
2645 2670 2669
2645 2671 2670
2645 2672 2671
2645 2673 2672
2673 2645 2674
2644 2674 2645
2644 2675 2674
2644 2676 2675
2644 2677 2676
2644 2678 2677
2673 2674 2679
2678 2680 2677
2679 2674 2681
2681 2674 2682
2682 2674 2683
2683 2674 2684
2684 2674 2685
2674 2675 2685
2675 2686 2685
2686 2675 2687
2675 2688 2687
2688 2675 2676
2689 2688 2676
2690 2676 2677
2690 2677 2691
2691 2677 2692
2692 2677 2693
2678 2694 2680
2694 2695 2696
2695 2694 2678
2695 2697 2696
2697 2695 2678
2678 2698 2697
2678 2699 2698
2644 2699 2678
2644 2700 2699
2644 2701 2700
2644 2702 2701
2644 2703 2702
2644 2704 2703
2644 2705 2704
2644 2706 2705
2644 2707 2706
2644 2650 2707
2650 2708 2707
2709 2706 2707
2709 2707 2710
2710 2707 2711
2711 2707 2712
2712 2707 2713
2713 2707 2714
2714 2707 2715
2708 2715 2707
2706 2709 2716
2706 2716 2717
2704 2705 2718
2719 2704 2718
2720 2704 2719
2721 2704 2720
2722 2704 2721
2723 2704 2722
2724 2704 2723
2724 2703 2704
2703 2724 2725
2703 2725 2726
2703 2726 2727
2703 2727 2728
2703 2728 2729
2730 2703 2729
2703 2730 2702
2730 2731 2702
2731 2732 2702
2732 2733 2702
2733 2734 2702
2734 2735 2702
2735 2736 2702
2702 2736 2701
2701 2736 2737
2737 2738 2701
2701 2738 2739
2739 2700 2701
2740 2700 2739
2700 2740 2741
2741 2742 2700
2742 2743 2700
2700 2743 2744
2745 2700 2744
2700 2745 2699
2745 2746 2699
2746 2747 2699
2747 2748 2699
2748 2749 2699
2749 2750 2699
2750 2751 2699
2698 2699 2751
2752 2753 2648
2648 2754 2752
2754 2648 2755
2755 2648 2647
2647 2756 2755
2757 2756 2647
2647 2661 2757
2753 2660 2648
2758 2759 2760
2759 2758 2650
2650 2651 2759
2761 2758 2760
2758 2761 2650
2650 2761 2708
2762 2763 2764
2763 2762 2765
2766 2763 2765
2767 2763 2766
2762 2764 2768
2768 2764 2769
2769 2764 2770
2771 2769 2770
2771 2770 2772
2773 2771 2772
2767 2774 2763
2767 2775 2774
2776 2774 2775
2776 2777 2774
2777 2778 2774
2778 2777 2779
2779 2780 2778
2781 2778 2780
2782 2778 2781
2782 2783 2778
2783 2784 2778
2778 2784 2785
2784 2786 2785
2786 2787 2785
2787 2788 2785
2787 2789 2788
2790 2788 2789
2790 2791 2788
2792 2791 2790
2793 2791 2792
2794 2791 2793
2795 2794 2793
2796 2794 2795
2796 2797 2794
2797 2798 2794
2799 2794 2798
2800 2794 2799
2794 2800 2801
2802 2801 2800
2802 2803 2801
2804 2801 2803
2804 2805 2801
2804 2806 2805
2806 2807 2805
2808 2805 2807
2805 2808 2809
2808 2810 2809
2810 2811 2809
2811 2812 2809
2813 2812 2811
2813 2814 2812
2815 2814 2813
2815 2816 2814
2816 2817 2814
2818 2814 2817
2818 2819 2814
2820 2819 2818
2821 2819 2820
2819 2821 2822
2821 2823 2822
2823 2824 2822
2822 2824 2825
2822 2825 2826
2827 2822 2826
2828 2822 2827
2829 2822 2828
2828 2830 2829
2830 2831 2829
2831 2832 2829
2831 2833 2832
2834 2832 2833
2835 2832 2834
2835 2836 2832
2836 2837 2832
2836 2838 2837
2838 2839 2837
2840 2839 2838
2841 2839 2840
2841 2842 2839
2842 2841 2843
2844 2842 2843
2845 2842 2844
2845 2846 2842
2845 2847 2846
2848 2846 2847
2848 2849 2846
2849 2850 2846
2850 2849 2851
2851 2852 2850
2853 2850 2852
2854 2850 2853
2854 2855 2850
2855 2856 2850
2850 2856 2857
2856 2858 2857
2858 2859 2857
2859 2860 2857
2859 2861 2860
2862 2860 2861
2862 2863 2860
2864 2863 2862
2865 2863 2864
2866 2863 2865
2867 2866 2865
2868 2866 2867
2868 2869 2866
2869 2870 2866
2871 2866 2870
2872 2866 2871
2866 2872 2873
2874 2873 2872
2874 2875 2873
2876 2873 2875
2876 2877 2873
2876 2878 2877
2878 2879 2877
2880 2877 2879
2877 2880 2881
2880 2882 2881
2882 2883 2881
2883 2884 2881
2885 2884 2883
2885 2886 2884
2887 2886 2885
2887 2888 2886
2888 2889 2886
2890 2886 2889
2890 2891 2886
2892 2891 2890
2893 2891 2892
2891 2893 2894
2893 2895 2894
2895 2896 2894
2894 2896 2897
2894 2897 2898
2899 2894 2898
2900 2894 2899
2901 2894 2900
2900 2902 2901
2902 2903 2901
2903 2772 2901
2903 2904 2772
2905 2772 2904
2773 2772 2905
2906 2907 2908
2907 2906 2909
2907 2909 2910
2907 2910 2911
2907 2911 2912
2913 2911 2910
2911 2913 2914
2915 2911 2914
2915 2916 2911
2916 2917 2911
2910 2918 2913
2910 2919 2918
2906 2920 2909
2909 2920 2921
2922 2909 2921
2922 2923 2909
2909 2923 2924
2909 2924 2925
2917 2926 2911
2927 2912 2911
2911 2928 2927
2911 2926 2928
2929 2912 2927
2929 2930 2912
2930 2931 2912
2907 2912 2931
2907 2931 2932
2907 2932 2933
2907 2933 2934
2934 2935 2907
2931 2930 2936
2931 2937 2932
2937 2931 2938
2939 2938 2931
2939 2931 2940
2940 2931 2941
2932 2937 2942
2932 2942 2943
2934 2933 2944
2933 2945 2944
2946 2945 2933
2946 2933 2947
2933 2948 2947
2933 2949 2948
2934 2944 2950
2933 2951 2949
2933 2932 2951
2932 2952 2951
2932 2953 2952
2953 2932 2954
2932 2943 2954
2934 2950 2955
2955 2956 2934
2934 2956 2957
2957 2935 2934
2935 2957 2958
2958 2959 2935
2935 2959 2960
2935 2960 2961
2962 2935 2961
2963 2935 2962
2935 2963 2964
2964 2907 2935
2907 2964 2965
2907 2965 2966
2907 2966 2967
2907 2967 2968
2907 2968 2969
2907 2969 2970
2907 2970 2971
2907 2971 2972
2972 2908 2907
2969 2973 2970
2973 2969 2974
2975 2974 2969
2975 2969 2976
2976 2969 2977
2970 2973 2978
2970 2978 2979
2972 2971 2980
2971 2981 2980
2982 2981 2971
2982 2971 2983
2971 2984 2983
2971 2985 2984
2971 2986 2985
2972 2980 2987
2908 2988 2906
2906 2988 2989
2990 2906 2989
2906 2990 2991
2906 2991 2920
2988 2908 2992
2992 2908 2993
2908 2994 2993
2908 2995 2994
2996 2995 2908
2908 2997 2996
2997 2908 2972
2972 2987 2998
2998 2999 2972
2972 2999 2997
3000 3001 2910
2910 3002 3000
2910 3003 3002
2910 3001 2919
2909 3003 2910
2909 2925 3003
3004 3005 3006
3006 3007 3004
3008 3004 3007
3009 3006 3005
3010 3008 3007
3007 3011 3010
3012 3010 3011
3013 3012 3011
3013 3011 3014
3015 3013 3014
3014 3016 3015
3016 3014 3017
3018 3016 3017
3019 3018 3017
3020 3019 3017
3021 3020 3017
3020 3021 3022
3023 3022 3021
3024 3023 3021
3025 3024 3021
3026 3025 3021
3021 3027 3026
3028 3027 3021
3029 3027 3028
3030 3029 3028
3031 3030 3028
3032 3031 3028
3031 3032 3033
3034 3033 3032
3032 3035 3034
3036 3035 3032
3037 3036 3032
3036 3037 3038
3039 3038 3037
3040 3039 3037
3040 3041 3039
3040 3042 3041
3040 3043 3042
3042 3043 3044
3043 3045 3044
3045 3043 3046
3045 3046 3047
3046 3048 3047
3048 3046 3049
3046 3050 3049
3050 3046 3051
3050 3051 3052
3052 3051 3053
3053 3051 3054
3051 3055 3054
3055 3056 3054
3056 3055 3057
3057 3055 3058
3058 3055 3059
3059 3055 3060
3055 3061 3060
3061 3055 3062
3061 3062 3063
3063 3062 3064
3064 3062 3065
3066 3065 3062
3065 3066 3067
3067 3066 3068
3068 3066 3069
3068 3069 3070
3070 3069 3071
3072 3071 3069
3071 3072 3073
3073 3072 3074
3075 3074 3072
3074 3075 3076
3077 3076 3075
3077 3075 3078
3079 3078 3075
3075 3080 3079
3081 3079 3080
3082 3081 3080
3080 3083 3082
3084 3082 3083
3085 3084 3083
3085 3083 3086
3087 3085 3086
3086 3088 3087
3088 3086 3089
3090 3088 3089
3091 3090 3089
3092 3091 3089
3093 3092 3089
3092 3093 3094
3095 3094 3093
3096 3095 3093
3097 3096 3093
3098 3097 3093
3093 3099 3098
3100 3099 3093
3101 3099 3100
3102 3101 3100
3103 3102 3100
3104 3103 3100
3103 3104 3105
3106 3105 3104
3104 3107 3106
3108 3107 3104
3109 3108 3104
3108 3109 3110
3111 3110 3109
3112 3111 3109
3112 3113 3111
3112 3114 3113
3112 3115 3114
3114 3115 3116
3115 3117 3116
3117 3115 3118
3117 3118 3119
3118 3120 3119
3120 3118 3121
3118 3122 3121
3122 3118 3123
3122 3123 3124
3124 3123 3125
3125 3123 3126
3123 3127 3126
3127 3128 3126
3128 3127 3129
3129 3127 3130
3130 3127 3131
3131 3127 3132
3127 3133 3132
3133 3127 3134
3133 3134 3135
3135 3134 3136
3136 3134 3137
3138 3137 3134
3137 3138 3139
3139 3138 3140
3140 3138 3141
3140 3141 3142
3142 3141 3143
3144 3143 3141
3143 3144 3145
3145 3144 3146
3006 3146 3144
3146 3006 3147
3009 3147 3006
2676 3148 3149
2676 2690 3148
3150 2676 3149
3151 2676 3150
2676 3151 2689
2693 2677 3152
3152 2677 3153
3153 2677 3154
2680 3154 2677
2941 2931 3155
2931 2936 3155
3156 2706 3157
2706 3156 3158
3158 3159 2706
3159 2705 2706
2705 3159 3160
3161 2705 3160
2705 3161 2718
3157 2706 2717
3162 3163 2968
3163 2969 2968
2969 3163 3164
2969 3164 3165
2977 2969 3165
3162 2968 3166
3166 2968 2967
2967 3167 3166
2967 3168 3167
3169 3168 2967
3170 3169 2967
3171 3170 2967
3171 2967 3172
2967 3173 3172
3173 2967 2966
2966 3174 3173
2966 3175 3174
2966 3176 3175
3177 3176 2966
2966 3178 3177
2966 3179 3178
2965 3179 2966
2965 3180 3179
2965 3181 3180
2965 3182 3181
3183 3182 2965
3183 2965 3184
2965 3185 3184
2964 3185 2965
2964 3186 3185
2964 3187 3186
3187 2964 3188
2964 2963 3188
3189 2970 3190
2970 3189 3191
2970 3191 2986
2970 2979 3190
2971 2970 2986
1594 1616 1614
1614 1593 1594
1593 1614 1612
1612 1592 1593
1592 1612 1610
1610 1591 1592
1591 1610 1608
1605 1591 1608
1591 1605 1589
1602 1589 1605
1589 1602 1590
