byte offset: 0
first index: 0
index count: 5328
topology: trianglelist
format: DXGI_FORMAT_R16_UINT

0 1 2
1 0 3
2 4 0
4 2 5
5 6 4
6 5 7
7 8 6
8 7 9
9 10 8
10 9 11
11 12 10
12 11 13
13 14 12
14 13 15
15 16 14
16 15 17
17 18 16
18 17 19
19 20 18
20 19 21
21 22 20
22 21 23
23 24 22
24 23 25
25 26 24
26 25 27
28 29 30
31 29 28
32 29 31
33 29 32
33 34 29
29 34 35
29 35 36
29 36 37
38 29 37
39 29 38
40 29 39
41 29 40
42 29 41
43 42 41
28 30 44
45 46 47
46 45 48
49 46 48
46 49 50
49 51 50
51 49 52
53 45 47
45 53 54
55 56 57
58 55 57
59 58 57
60 59 57
60 57 61
57 62 61
57 63 62
57 64 63
65 64 57
66 65 57
67 66 57
68 67 57
69 68 57
70 68 69
55 71 56
72 73 74
73 72 75
76 74 73
74 76 77
78 77 76
77 78 79
80 79 78
79 80 81
82 81 80
81 82 83
84 83 82
83 84 85
86 85 84
85 86 87
88 87 86
87 88 89
90 89 88
89 90 91
92 91 90
91 92 93
94 93 92
93 94 95
96 95 94
95 96 97
98 97 96
97 98 99
100 101 102
103 100 102
104 103 102
105 104 102
105 102 106
102 107 106
102 108 107
102 109 108
110 109 102
111 110 102
112 111 102
113 112 102
114 113 102
115 113 114
100 116 101
117 118 119
118 117 120
117 121 120
121 117 122
123 121 122
121 123 124
118 125 119
125 118 126
127 128 129
130 128 127
131 128 130
132 128 131
132 133 128
128 133 134
128 134 135
128 135 136
137 128 136
138 128 137
139 128 138
140 128 139
141 128 140
142 141 140
127 129 143
144 145 146
145 144 147
148 145 147
147 149 148
150 148 149
148 150 151
149 147 152
145 148 153
151 153 148
154 146 145
153 154 145
146 154 155
156 155 154
155 156 157
158 157 156
157 158 159
160 159 158
159 160 161
153 151 162
154 153 163
163 156 154
162 163 153
156 163 164
164 158 156
163 162 165
165 164 163
158 164 166
166 160 158
164 165 167
167 166 164
166 167 168
169 166 168
160 166 169
170 169 168
171 172 173
172 171 174
175 173 172
176 175 172
175 176 177
173 175 178
177 179 175
179 178 175
179 177 180
180 181 179
181 180 182
183 181 182
178 179 184
181 184 179
173 185 171
186 171 185
171 186 187
185 173 188
178 188 173
184 181 189
188 178 190
184 190 178
191 189 181
183 191 181
189 191 192
190 184 193
189 193 184
193 189 194
192 194 189
194 192 195
187 186 196
187 196 197
197 198 187
174 187 198
187 174 171
199 174 198
174 199 200
200 172 174
172 200 176
198 201 199
201 198 197
202 197 196
197 203 201
203 197 202
204 205 206
205 204 207
208 206 205
206 208 209
207 210 205
210 207 211
211 212 210
205 213 208
213 205 210
214 209 208
214 208 213
209 214 215
216 206 209
216 209 215
206 216 217
206 218 204
218 206 217
219 217 216
217 219 220
221 216 215
222 214 213
223 222 213
222 223 224
225 222 224
225 224 226
226 227 225
221 227 228
227 226 229
227 229 228
229 230 228
229 226 230
231 226 224
226 231 232
226 232 230
233 230 232
230 233 234
235 230 234
230 235 236
230 236 228
237 235 234
235 237 238
237 239 238
240 238 239
238 240 241
242 240 239
240 242 243
244 243 242
243 244 245
246 245 244
245 246 247
239 237 248
248 242 239
249 246 244
246 249 250
242 248 251
244 251 249
251 244 242
252 248 237
248 252 253
253 251 248
254 250 249
250 254 255
255 256 250
256 257 250
256 255 258
251 253 259
249 259 254
259 249 251
260 255 254
255 260 261
261 258 255
262 259 253
262 253 252
263 262 252
252 264 263
264 252 233
233 252 234
232 264 233
264 232 231
259 262 265
254 265 260
265 254 259
261 266 258
267 264 231
267 231 268
268 269 267
269 270 267
270 263 264
270 264 267
269 268 271
269 271 272
273 271 268
272 271 273
231 273 268
273 231 224
274 273 224
275 273 274
275 276 273
276 272 273
276 275 277
276 278 272
279 278 276
279 276 277
275 274 280
280 274 224
277 275 281
281 275 280
277 281 282
283 282 281
283 281 284
284 281 280
284 280 223
280 224 223
282 283 285
286 282 285
277 282 286
286 287 277
287 286 288
287 289 277
289 287 288
289 279 277
290 286 285
286 290 288
290 291 288
291 292 288
289 288 292
292 291 293
294 293 291
294 291 290
293 294 295
296 295 294
295 296 297
298 295 297
298 299 295
299 300 295
295 300 293
301 299 298
299 301 302
299 303 300
299 302 303
301 304 302
302 304 305
305 306 302
306 303 302
303 306 307
306 308 307
307 308 309
305 304 310
310 306 305
310 304 311
311 304 312
312 304 313
311 314 310
313 315 312
315 313 316
306 317 308
314 317 310
310 317 306
311 318 314
312 315 318
312 318 311
319 317 314
320 319 314
320 314 318
321 318 315
322 321 315
322 315 316
323 322 316
324 320 318
321 324 318
319 325 317
317 325 308
313 326 316
326 313 327
327 313 304
328 327 304
329 328 304
330 329 304
331 330 304
330 331 332
329 330 332
301 331 304
301 333 331
333 301 298
298 334 333
333 334 335
333 335 336
333 336 331
332 331 336
336 337 332
332 337 338
328 329 339
332 338 340
339 329 340
329 332 340
328 339 341
342 339 340
343 339 342
341 339 343
342 340 344
340 338 344
336 345 337
336 335 345
298 297 334
345 346 337
337 346 347
347 344 338
337 347 338
296 334 297
334 296 348
345 349 346
346 349 350
349 351 350
352 350 351
348 352 351
351 349 353
353 348 351
345 353 349
348 353 334
348 354 352
348 355 354
355 348 356
357 354 355
354 357 358
359 358 357
358 359 360
361 360 359
360 361 362
361 363 362
360 362 364
360 364 358
364 362 365
364 365 366
365 367 366
362 367 365
362 363 367
368 367 363
363 207 368
204 368 207
368 204 369
369 370 368
367 368 370
370 369 371
207 363 211
211 363 372
372 363 361
371 373 370
373 367 370
373 371 374
369 375 371
375 374 371
375 369 376
369 218 376
218 369 204
376 377 375
377 376 378
379 374 375
218 380 376
380 218 381
218 382 381
382 218 217
211 372 383
211 383 212
383 384 212
384 385 212
383 386 384
386 387 384
388 384 387
384 388 385
389 385 388
388 390 389
390 388 391
385 389 392
385 392 210
212 385 210
391 393 390
393 391 394
294 393 394
394 395 294
389 396 392
389 390 396
396 397 392
396 398 397
397 398 213
392 397 213
392 213 210
390 393 399
390 399 396
396 399 285
283 396 285
396 283 398
399 290 285
294 290 393
393 290 399
294 395 400
398 223 213
398 284 223
283 284 398
401 395 394
400 395 401
400 401 402
401 403 402
403 401 391
402 403 387
403 388 387
403 391 388
386 402 387
401 394 391
400 402 404
404 402 405
405 357 404
400 404 356
356 348 400
404 355 356
404 357 355
402 406 405
386 406 402
386 407 406
359 406 407
405 406 359
405 359 357
383 407 386
407 361 359
407 372 361
383 372 407
348 296 400
296 294 400
408 409 410
409 411 410
410 411 412
413 410 412
413 414 415
414 416 415
415 417 413
417 415 418
418 419 417
420 421 408
421 420 422
420 423 422
408 421 424
421 425 424
426 422 427
426 427 428
429 426 428
428 430 429
431 429 430
429 431 432
431 228 432
228 431 221
228 433 432
433 228 236
431 216 221
216 431 219
430 219 431
432 434 429
434 432 433
426 429 434
219 430 435
435 220 219
220 435 436
430 428 437
437 435 430
435 438 436
438 435 439
435 437 439
440 439 437
439 440 441
437 427 440
427 437 428
442 439 441
439 442 438
442 443 444
444 445 442
445 444 446
445 446 447
448 445 447
449 450 443
451 450 449
450 451 452
453 452 451
454 453 451
455 452 456
456 457 455
458 455 457
457 381 458
381 457 380
381 459 458
460 459 455
459 381 382
459 461 455
461 446 455
462 463 464
463 462 246
465 463 246
465 246 250
463 466 464
466 463 467
465 467 463
465 468 467
469 468 465
470 467 468
467 470 471
472 467 471
467 472 473
471 474 472
474 471 475
475 476 474
476 475 477
478 476 477
476 478 479
477 480 478
480 481 478
481 480 482
483 481 482
481 483 484
480 477 485
475 485 477
486 483 482
483 486 487
485 475 488
471 488 475
488 471 470
486 482 489
485 489 480
489 482 480
489 485 490
488 490 485
490 488 491
470 491 488
491 470 492
468 492 470
492 468 493
469 493 468
493 469 494
495 487 486
489 495 486
487 495 496
496 497 487
497 496 498
495 489 499
499 489 500
491 500 490
500 489 490
493 501 492
501 493 502
502 493 494
500 491 503
492 503 491
503 492 501
504 497 498
505 497 504
497 505 506
506 483 497
506 507 483
505 507 506
379 507 505
508 507 379
507 508 509
504 498 510
510 498 511
511 367 510
510 367 373
366 367 511
366 511 512
512 511 513
514 366 512
514 512 515
512 513 515
514 515 516
516 517 514
518 517 516
352 517 518
514 517 364
364 366 514
364 517 519
519 517 352
518 350 352
520 350 518
518 521 520
521 516 515
521 518 516
520 521 346
346 350 520
521 515 522
515 513 522
523 521 522
522 524 523
522 525 524
525 498 524
496 524 498
524 496 526
527 526 496
528 526 527
526 528 529
524 526 529
528 530 529
530 524 529
523 524 530
523 530 531
530 532 531
527 496 495
533 523 531
522 513 525
513 498 525
513 511 498
533 521 523
346 521 533
533 534 346
533 531 534
527 495 535
528 527 535
534 531 536
532 536 531
532 537 536
537 532 538
538 539 537
539 538 540
540 541 539
541 540 542
542 543 541
543 542 544
544 545 543
545 544 546
546 547 545
547 546 548
549 547 548
547 549 550
551 550 549
550 551 552
553 552 551
552 553 554
555 554 553
554 555 556
557 556 555
556 557 558
559 558 557
558 559 560
278 560 559
548 561 549
561 548 562
562 563 561
563 562 564
562 565 564
565 562 566
567 561 563
561 567 568
569 568 567
568 569 570
571 570 569
570 571 572
573 572 571
572 573 574
270 574 573
574 270 575
566 576 565
576 566 577
577 578 576
578 577 579
579 580 578
580 579 581
581 582 580
582 581 583
583 535 582
535 583 584
263 270 573
575 557 574
557 575 559
559 575 272
535 499 582
499 580 582
499 535 495
538 584 583
584 538 532
580 499 500
500 578 580
578 500 503
503 576 578
576 503 501
501 565 576
565 501 502
502 564 565
564 502 266
502 494 266
261 564 266
564 261 563
260 563 261
563 260 567
265 567 260
567 265 569
262 569 265
569 262 571
263 571 262
571 263 573
585 586 587
586 585 588
587 589 585
589 587 590
590 591 589
591 590 592
592 593 591
593 592 594
594 595 593
595 594 596
596 597 595
597 596 598
598 599 597
599 598 600
596 600 598
599 600 601
601 600 602
600 596 603
594 603 596
603 602 600
603 594 604
592 604 594
604 592 605
590 605 592
605 590 606
603 607 602
604 607 603
607 604 608
605 608 604
608 605 609
606 609 605
609 606 610
611 610 606
606 587 611
586 611 587
611 586 612
587 606 590
610 611 613
612 613 611
613 612 614
615 614 612
614 615 616
612 617 615
617 612 586
588 617 586
617 588 618
147 619 152
619 147 144
620 152 619
152 620 621
152 621 149
621 620 622
622 623 621
623 624 621
149 621 624
149 624 150
625 626 627
626 625 628
629 628 625
628 629 630
631 627 626
627 631 632
633 630 629
630 633 634
635 632 631
632 635 636
627 637 625
637 627 638
632 638 627
639 636 635
638 632 640
636 640 632
641 625 637
625 641 629
640 636 642
643 629 641
629 643 633
644 634 633
634 644 645
642 646 640
646 642 647
648 640 646
640 648 638
649 638 648
638 649 637
650 637 649
637 650 641
650 643 641
643 650 651
651 652 643
633 652 644
652 633 643
652 651 653
654 647 642
654 642 655
642 656 655
656 642 636
639 656 636
657 656 639
656 657 658
658 655 656
655 659 654
659 655 660
655 658 660
661 658 657
658 661 662
658 662 660
663 662 661
664 662 663
662 664 665
665 659 660
662 665 660
666 667 668
667 666 669
669 670 667
670 669 671
668 672 666
672 668 673
671 674 670
674 671 675
673 676 672
676 673 677
678 668 667
668 678 679
679 673 668
677 680 676
680 677 681
673 679 682
682 677 673
667 683 678
683 667 670
677 682 684
684 681 677
670 685 683
685 670 674
674 686 685
686 674 687
675 687 674
681 684 688
681 689 680
689 681 690
688 690 681
690 688 691
690 692 689
690 691 693
690 693 692
692 693 694
694 693 695
688 696 691
696 688 697
684 697 688
698 691 696
691 698 693
693 698 695
697 684 699
686 700 685
701 685 700
685 701 683
701 678 683
678 701 702
702 679 678
679 702 703
703 682 679
682 703 704
684 704 699
704 684 682
700 686 705
706 707 708
707 706 709
710 709 706
709 710 711
712 708 707
708 712 713
714 711 710
711 714 715
716 713 712
713 716 717
718 717 716
717 718 719
713 720 708
720 713 721
717 721 713
722 708 720
708 722 706
721 717 723
719 723 717
724 719 718
719 724 725
723 719 726
725 726 719
727 706 722
706 727 710
726 725 728
729 710 727
710 729 714
725 724 730
725 730 731
731 728 725
731 730 732
731 732 733
734 728 731
734 731 733
728 734 735
735 726 728
726 735 736
736 723 726
723 736 737
738 714 729
714 738 739
739 715 714
715 739 740
741 738 729
729 742 741
742 729 727
722 742 727
742 722 743
720 743 722
743 720 744
721 744 720
744 721 745
745 723 737
723 745 721
738 741 746
687 675 747
748 749 750
749 748 751
752 749 751
749 752 753
750 754 748
753 752 755
756 754 750
754 756 757
756 758 757
758 756 759
755 760 753
760 755 761
749 753 762
750 749 762
750 762 763
750 763 756
756 763 759
763 764 759
762 765 763
763 765 764
764 765 766
766 767 764
758 759 768
769 768 759
767 769 764
769 759 764
768 769 770
771 769 767
769 771 770
771 767 772
767 773 772
766 773 767
773 774 772
765 762 775
775 753 760
775 762 753
776 766 765
777 776 765
777 778 776
779 777 765
765 775 779
780 777 779
780 779 781
781 782 780
782 781 783
781 784 783
784 781 785
781 779 785
775 760 785
775 785 779
780 782 786
785 787 784
760 787 785
786 788 780
780 788 777
788 778 777
788 786 789
790 788 789
788 790 778
790 791 778
791 792 778
792 791 793
794 792 793
792 794 795
795 776 792
766 776 795
794 796 795
795 796 773
766 795 773
792 776 778
773 796 774
787 760 761
797 798 799
798 797 800
799 801 797
802 797 801
797 802 803
803 800 797
801 799 804
801 805 802
805 801 806
804 806 801
806 804 807
798 808 799
808 798 809
799 810 804
810 799 808
810 807 804
806 811 805
811 806 812
807 812 806
807 810 813
812 807 814
813 814 807
814 813 815
812 816 811
816 812 817
814 817 812
817 814 818
815 818 814
818 815 819
817 820 816
820 817 821
818 821 817
821 818 822
819 822 818
822 819 823
822 824 821
824 822 825
826 821 824
821 826 820
822 827 825
827 822 823
825 828 824
828 825 829
825 830 829
830 825 827
831 824 828
824 831 826
832 828 829
828 832 833
829 834 832
834 829 830
828 835 831
828 833 835
832 834 836
836 833 832
837 835 833
836 837 833
800 803 838
839 840 841
842 839 841
839 842 843
843 842 844
842 845 844
846 847 840
846 848 847
848 846 849
849 850 848
850 851 848
847 852 853
852 847 854
854 855 852
855 854 856
473 855 856
855 473 472
472 857 855
857 472 474
474 858 857
858 474 476
479 858 476
858 479 859
860 858 859
858 860 861
861 857 858
855 862 852
862 855 857
857 861 862
863 861 860
861 863 864
864 862 861
862 864 865
865 852 862
852 865 853
863 866 867
868 866 863
866 868 869
869 868 870
868 871 870
869 872 873
872 874 873
873 874 875
876 873 875
876 877 878
877 879 878
878 880 876
880 878 881
880 881 882
883 884 881
885 884 883
883 886 885
887 885 886
886 508 887
508 886 509
888 509 886
886 883 888
509 888 889
889 507 509
507 889 484
483 507 484
377 887 508
508 375 377
375 508 379
887 377 890
378 890 377
890 378 891
885 887 892
890 892 887
893 890 891
890 893 894
892 890 894
894 895 892
895 894 896
884 892 895
892 884 885
894 449 896
449 894 893
497 483 487
303 307 897
303 897 300
897 307 289
897 289 292
293 897 292
897 293 300
307 309 289
289 309 898
309 899 898
899 309 900
901 899 900
899 901 902
903 902 901
902 903 904
905 904 903
904 905 906
907 906 905
906 907 908
909 908 907
908 909 910
911 910 909
910 911 912
911 913 912
913 911 914
914 915 913
915 914 916
916 917 915
917 916 918
918 919 917
919 918 920
920 921 919
921 920 922
922 923 921
923 922 924
347 923 924
923 347 534
344 347 924
536 921 923
534 536 923
921 536 537
537 919 921
342 924 922
924 342 344
343 922 920
922 343 342
919 537 539
539 917 919
920 925 343
925 920 918
925 341 343
926 341 925
926 326 341
327 341 326
927 326 926
927 316 326
323 316 927
327 328 341
916 927 926
927 916 914
914 323 927
918 926 925
926 918 916
323 914 911
909 323 911
323 909 322
907 322 909
322 907 321
905 321 907
321 905 324
903 324 905
324 903 320
901 320 903
320 901 319
900 319 901
319 900 325
309 325 900
325 309 308
928 929 930
929 928 931
929 932 930
933 930 932
932 934 933
934 932 935
930 933 936
932 929 937
937 935 932
931 938 929
938 937 929
938 931 939
939 940 938
940 939 941
941 942 940
942 941 943
943 944 942
944 943 945
935 937 946
937 938 947
940 947 938
947 946 937
947 940 948
942 948 940
946 947 949
948 949 947
948 942 950
944 950 942
949 948 951
950 951 948
951 950 952
953 952 950
950 944 953
954 952 953
955 956 957
956 955 958
958 959 956
959 960 956
960 959 961
959 958 962
963 961 959
962 963 959
961 963 964
965 964 963
964 965 966
963 962 967
967 965 963
968 958 955
955 969 968
969 955 970
957 970 955
958 968 971
971 962 958
965 967 972
962 971 973
973 967 962
972 974 965
975 965 974
975 966 965
974 972 976
967 973 977
977 972 967
972 977 978
978 976 972
976 978 979
970 980 969
970 981 980
981 970 982
970 957 982
957 983 982
983 957 984
956 984 957
984 956 960
985 982 983
982 985 981
986 980 981
981 985 987
987 986 981
988 989 990
989 988 991
992 991 988
991 992 993
994 993 992
993 994 995
996 995 994
995 996 997
998 997 996
997 998 999
1000 999 998
999 1000 1001
1001 1000 1002
1002 1003 1001
1003 999 1001
1002 1004 1003
1004 1005 1003
999 1003 1006
1006 997 999
1006 1003 1005
997 1006 1007
1007 995 997
995 1007 1008
1008 993 995
993 1008 1009
1006 1005 1010
1010 1007 1006
1007 1010 1011
1011 1008 1007
1008 1011 1012
1012 1009 1008
1009 1012 1013
1013 1014 1009
991 1009 1014
1014 989 991
989 1014 1015
1009 991 993
1014 1013 1016
1016 1015 1014
1015 1016 1017
1017 1018 1015
1018 1017 1019
1020 1015 1018
1015 1020 989
1020 990 989
990 1020 1021
930 1022 928
1022 930 936
936 1023 1022
1023 936 1024
936 933 1024
1024 1025 1023
1025 1024 1026
1026 1024 1027
933 1027 1024
933 934 1027
1028 1029 1030
1029 1028 1031
1030 1032 1028
1032 1030 1033
1031 1034 1029
1034 1031 1035
1033 1036 1032
1036 1033 1037
1035 1038 1034
1038 1035 1039
1040 1031 1028
1031 1040 1041
1041 1035 1031
1042 1038 1039
1035 1041 1043
1043 1039 1035
1044 1028 1032
1028 1044 1040
1039 1043 1045
1046 1032 1036
1032 1046 1044
1037 1047 1036
1047 1037 1048
1049 1045 1043
1045 1049 1050
1051 1043 1041
1043 1051 1049
1052 1041 1040
1041 1052 1051
1053 1040 1044
1040 1053 1052
1046 1053 1044
1053 1046 1054
1055 1054 1046
1036 1055 1046
1055 1036 1047
1054 1055 1056
1057 1045 1050
1057 1058 1045
1059 1058 1057
1058 1059 1060
1061 1058 1060
1058 1061 1062
1062 1045 1058
1045 1062 1039
1042 1039 1062
1063 1062 1061
1062 1063 1042
1064 1063 1061
1061 1060 1065
1061 1065 1064
1066 1064 1065
1067 1066 1065
1065 1068 1067
1068 1060 1059
1060 1068 1065
1069 1070 1071
1070 1069 1072
1073 1071 1070
1071 1073 1074
1075 1072 1069
1072 1075 1076
1077 1074 1073
1074 1077 1078
1079 1076 1075
1076 1079 1080
1072 1081 1070
1081 1072 1082
1076 1082 1072
1083 1080 1079
1080 1083 1084
1082 1076 1085
1080 1085 1076
1086 1070 1081
1070 1086 1073
1085 1080 1087
1084 1087 1080
1088 1073 1086
1073 1088 1077
1089 1077 1088
1077 1089 1090
1090 1078 1077
1087 1084 1091
1092 1084 1083
1084 1092 1093
1093 1091 1084
1091 1093 1094
1093 1092 1095
1093 1096 1094
1093 1095 1096
1095 1097 1096
1097 1098 1096
1099 1091 1094
1091 1099 1100
1100 1087 1091
1101 1094 1096
1094 1101 1099
1096 1098 1101
1087 1100 1102
1103 1089 1088
1088 1104 1103
1104 1088 1086
1081 1104 1086
1104 1081 1105
1082 1105 1081
1105 1082 1106
1085 1106 1082
1106 1085 1107
1087 1107 1085
1107 1087 1102
1089 1103 1108
1109 1110 1111
1110 1109 1112
1111 1113 1109
1113 1111 1114
1112 1115 1110
1115 1112 1116
1114 1117 1113
1117 1114 1118
1116 1119 1115
1119 1116 1120
1120 1121 1119
1121 1120 1122
1123 1116 1112
1116 1123 1124
1124 1120 1116
1125 1112 1109
1112 1125 1123
1120 1124 1126
1126 1122 1120
1122 1127 1121
1127 1122 1128
1122 1126 1129
1129 1128 1122
1109 1130 1125
1130 1109 1113
1128 1129 1131
1113 1132 1130
1132 1113 1117
1128 1133 1127
1128 1134 1133
1134 1128 1131
1134 1135 1133
1134 1136 1135
1131 1137 1134
1137 1136 1134
1137 1131 1138
1129 1138 1131
1138 1129 1139
1126 1139 1129
1139 1126 1140
1117 1141 1132
1141 1117 1142
1118 1142 1117
1142 1118 1143
1141 1144 1132
1145 1132 1144
1132 1145 1130
1145 1125 1130
1125 1145 1146
1146 1123 1125
1123 1146 1147
1147 1124 1123
1124 1147 1148
1148 1126 1124
1126 1148 1140
1144 1141 1149
1078 1090 1150
1151 1152 1153
1152 1151 1154
1155 1153 1152
1152 1156 1155
1156 1152 1157
1154 1157 1152
1153 1155 1158
1159 1155 1156
1155 1159 1160
1160 1158 1155
1158 1160 1161
1162 1151 1153
1151 1162 1163
1153 1164 1162
1164 1153 1158
1161 1164 1158
1165 1160 1159
1160 1165 1166
1166 1161 1160
1164 1161 1167
1161 1166 1168
1168 1167 1161
1167 1168 1169
1170 1166 1165
1166 1170 1171
1171 1168 1166
1168 1171 1172
1172 1169 1168
1169 1172 1173
1174 1171 1170
1171 1174 1175
1175 1172 1171
1172 1175 1176
1176 1173 1172
1173 1176 1177
1178 1176 1175
1176 1178 1179
1180 1175 1174
1175 1180 1178
1176 1181 1177
1181 1176 1179
1182 1179 1178
1179 1182 1183
1179 1184 1181
1184 1179 1183
1185 1178 1180
1178 1185 1182
1182 1186 1183
1186 1182 1187
1183 1188 1184
1188 1183 1186
1182 1185 1189
1182 1189 1187
1186 1190 1188
1190 1186 1187
1191 1187 1189
1190 1187 1191
1157 1154 1192
252 237 234
358 519 354
354 519 352
358 364 519
353 345 335
334 353 335
464 1193 1194
1193 464 466
1195 464 1194
464 1195 462
1193 1196 1194
1194 1197 1195
481 1198 478
1198 481 1199
484 1199 481
1199 484 1200
1199 1201 1198
1201 1199 1202
1200 1202 1199
1202 1200 1203
1204 1201 1202
1205 1202 1203
241 1206 1207
1206 241 240
243 1206 240
1206 243 1208
245 1208 243
1208 245 1209
247 1209 245
1209 247 1210
1206 1211 1207
1211 1206 1212
1208 1212 1206
1213 1209 1210
1209 1213 1214
1215 1209 1214
1209 1215 1208
1212 1208 1215
1212 418 1211
418 1212 1216
841 1214 1213
1214 841 1217
1218 1214 1217
1214 1218 1215
1212 1218 1216
1218 1212 1215
1219 235 238
235 1219 1220
1220 236 235
236 1220 1221
1222 1220 1219
1220 1222 1223
1223 1221 1220
1221 1223 1224
1225 1223 1222
1226 1224 1223
1227 1228 1229
1227 1229 1230
1228 849 1229
1229 843 1230
898 278 279
289 898 279
560 278 898
899 560 898
902 560 899
560 902 558
904 558 902
558 904 556
906 556 904
556 906 554
908 554 906
554 908 552
910 552 908
552 910 550
912 550 910
550 912 547
912 545 547
545 912 913
913 543 545
543 913 915
915 541 543
541 915 917
917 539 541
568 549 561
549 568 551
570 551 568
551 570 553
572 553 570
553 572 555
574 555 572
555 574 557
544 579 577
579 544 542
577 546 544
546 577 566
566 548 546
548 566 562
542 581 579
581 542 540
540 583 581
583 540 538
584 530 528
530 584 532
584 528 535
269 272 575
269 575 270
278 559 272
534 347 346
