byte offset: 0
first index: 0
index count: 11118
topology: trianglelist
format: DXGI_FORMAT_R16_UINT

0 1 2
0 3 1
4 0 2
0 4 5
6 4 2
4 6 7
8 0 5
0 8 3
8 9 3
3 9 10
3 10 1
11 1 10
11 12 1
1 12 2
2 12 6
12 13 6
12 14 13
11 14 12
9 8 15
15 16 9
17 9 16
9 17 10
16 15 18
8 19 15
20 19 8
5 20 8
15 21 18
19 21 15
19 22 21
20 22 19
23 22 20
4 23 20
24 22 23
7 24 23
7 23 4
25 22 24
26 22 25
25 27 26
28 26 27
27 29 28
30 28 29
29 31 30
32 30 31
31 33 32
34 32 33
33 35 34
35 33 36
37 34 35
34 37 38
39 38 37
38 39 40
39 41 40
41 39 42
43 36 33
33 31 43
36 43 44
36 45 35
45 36 46
44 46 36
47 35 45
35 47 37
47 39 37
39 47 48
48 42 39
42 48 49
46 44 50
46 51 45
51 46 52
50 52 46
53 45 51
45 53 47
47 53 54
47 54 48
48 54 55
48 55 49
52 50 56
56 57 52
57 56 58
59 57 58
57 59 60
60 61 57
52 61 51
61 52 57
61 53 51
61 60 62
62 63 61
53 61 63
53 63 54
63 62 64
64 65 63
63 65 54
65 64 66
66 67 65
54 65 67
54 67 55
67 66 68
69 68 66
68 69 70
69 71 70
71 69 72
69 73 72
73 69 74
66 74 69
74 66 64
74 75 73
75 74 76
64 76 74
76 64 62
76 77 75
77 76 78
79 75 77
75 79 80
80 73 75
73 81 72
81 73 82
73 80 82
72 83 71
83 72 81
84 83 81
82 84 81
83 84 85
62 78 76
78 62 60
86 77 78
60 86 78
77 86 87
87 79 77
86 60 59
88 87 86
59 88 86
87 88 89
90 87 89
79 87 90
91 82 80
91 80 79
82 91 92
84 82 92
93 92 91
94 93 91
92 93 95
92 95 84
93 96 95
97 96 93
93 94 97
95 96 98
99 96 97
96 99 98
95 98 100
101 94 91
102 99 97
97 103 102
104 102 103
102 104 105
105 104 106
106 107 105
106 108 107
109 107 108
108 106 110
108 110 111
111 112 108
112 113 108
108 113 109
113 112 114
113 114 115
115 114 116
117 115 116
118 115 117
113 115 118
114 119 116
116 119 120
121 120 119
120 121 122
123 120 122
122 124 123
124 122 125
126 123 124
124 127 126
128 126 127
127 129 128
127 124 130
129 127 130
129 130 131
124 125 132
130 124 132
130 132 133
132 125 133
125 122 134
134 122 121
134 121 135
121 136 135
137 136 121
136 137 112
131 130 138
130 133 138
133 139 138
128 140 126
140 128 141
119 137 121
137 119 114
112 137 114
123 126 140
142 123 140
140 143 142
143 140 144
141 144 140
145 142 143
142 145 116
142 120 123
120 142 116
138 139 146
139 147 146
146 148 138
148 131 138
149 131 148
148 150 149
150 148 151
152 148 146
148 152 151
147 152 146
151 152 153
153 152 154
152 147 154
154 155 153
155 156 153
157 155 154
147 158 154
158 157 154
159 157 158
158 160 159
160 158 161
162 160 161
160 162 163
162 88 163
88 162 164
157 159 165
165 166 157
157 166 155
166 165 167
167 168 166
168 167 169
170 166 168
170 171 156
156 171 172
156 172 173
44 169 167
169 44 43
167 50 44
50 167 165
165 56 50
56 165 159
159 58 56
58 159 160
163 58 160
58 163 59
88 59 163
43 174 169
175 169 174
169 175 168
176 168 175
175 177 176
177 175 178
174 178 175
179 176 177
176 179 180
171 176 180
168 176 170
171 170 176
178 174 29
31 29 174
174 43 31
178 181 177
181 179 177
181 178 27
29 27 178
179 181 182
171 180 183
13 180 179
180 13 183
7 179 182
179 7 6
13 179 6
24 7 182
24 182 25
182 181 25
25 181 27
171 183 172
172 183 184
184 185 172
185 173 172
186 173 185
186 151 173
186 150 151
187 150 186
187 188 150
189 187 186
189 186 185
189 185 190
190 185 184
191 190 184
11 191 184
187 192 188
189 190 193
191 194 190
194 191 11
194 193 190
189 195 187
195 192 187
189 193 195
195 193 196
197 196 193
194 197 193
195 198 192
195 196 198
198 196 199
200 199 196
200 196 197
201 199 200
202 199 201
199 202 203
198 199 203
203 204 198
198 204 192
204 205 192
205 204 206
204 207 206
206 207 208
209 206 208
209 205 206
210 205 209
188 205 210
188 210 211
188 211 212
188 212 149
212 129 149
212 213 129
213 212 211
214 213 211
214 215 213
215 214 216
141 213 215
213 141 128
129 213 128
129 131 149
214 217 216
217 214 218
214 211 218
210 209 218
218 211 210
218 219 217
219 218 220
220 221 219
221 220 222
220 223 222
223 220 209
209 220 218
224 222 223
222 224 225
225 221 222
226 225 224
224 227 226
223 208 224
209 208 223
225 226 228
228 226 229
230 228 229
224 231 227
208 231 224
208 232 231
231 232 227
227 233 226
233 229 226
233 234 229
229 234 235
236 229 235
229 236 230
235 237 236
238 225 228
239 228 230
228 239 238
240 238 239
238 240 241
242 241 240
240 243 242
243 240 244
244 240 239
241 242 245
241 245 246
244 239 247
248 244 247
221 241 246
241 221 238
247 239 249
237 249 236
249 239 230
236 249 230
250 247 249
237 250 249
250 248 247
250 237 251
238 221 225
251 109 250
109 251 107
252 250 109
252 248 250
252 109 113
252 113 118
253 252 118
253 248 252
253 118 117
254 107 251
251 255 254
251 256 255
256 251 237
255 256 257
254 105 107
105 254 258
102 105 258
258 259 102
260 102 259
102 260 99
99 260 261
260 262 261
262 263 261
264 263 262
263 98 261
261 98 99
263 100 98
262 265 264
266 265 262
262 260 266
267 265 266
265 268 264
268 265 269
269 270 268
270 271 268
271 270 272
270 273 272
273 270 274
275 274 270
270 269 275
274 275 276
277 276 275
276 277 278
273 71 272
71 273 70
275 279 277
279 275 269
272 83 271
83 272 71
83 280 271
280 268 271
280 83 85
273 68 70
68 273 281
274 281 273
281 274 282
276 282 274
282 276 283
278 283 276
283 278 284
277 285 278
285 284 278
285 277 286
279 286 277
284 285 287
287 288 284
288 287 289
286 290 285
290 287 285
290 286 291
292 291 286
286 279 292
100 280 85
84 100 85
100 84 95
280 100 263
264 280 263
268 280 264
293 288 289
288 293 294
295 294 293
294 295 296
297 296 295
296 297 298
299 298 297
298 299 300
300 301 298
301 300 302
302 303 301
303 302 304
304 305 303
305 304 306
307 298 301
298 307 296
308 301 303
301 308 307
305 308 303
308 305 309
42 309 305
309 42 49
310 296 307
296 310 294
311 307 308
307 311 310
308 309 312
308 312 311
309 55 312
309 49 55
313 304 302
304 313 314
315 294 310
311 315 310
294 315 288
315 311 316
311 312 316
312 317 316
312 67 317
312 55 67
302 318 313
318 302 300
300 319 318
319 300 299
299 320 319
320 299 321
297 321 299
321 297 322
322 323 321
323 322 324
325 324 322
324 325 326
327 326 325
326 327 328
329 328 327
328 329 330
329 331 330
331 329 332
290 331 332
331 290 333
326 201 324
334 324 201
334 323 324
322 295 325
295 322 297
202 326 328
326 202 201
325 293 327
293 325 295
331 335 330
287 290 332
289 332 329
332 289 287
327 289 329
289 327 293
290 291 333
333 291 233
333 233 227
232 333 227
232 207 335
208 207 232
291 234 233
336 234 291
336 337 234
336 338 337
338 336 292
292 336 291
339 337 338
234 337 235
256 235 337
256 337 340
340 337 339
340 257 256
257 340 341
256 237 235
342 340 339
342 341 340
343 207 204
204 203 343
344 343 203
335 343 344
203 202 344
207 343 335
344 202 328
330 344 328
330 335 344
331 232 335
232 331 333
345 90 346
346 347 345
348 345 347
346 135 347
346 89 135
90 89 346
135 136 347
111 347 136
111 349 347
349 348 347
349 111 350
110 350 111
350 351 349
111 136 112
352 348 349
352 349 351
89 134 135
164 134 89
164 125 134
133 125 164
88 164 89
133 164 162
162 139 133
162 161 139
161 147 139
161 158 147
40 41 353
353 41 306
41 305 306
305 41 42
353 354 40
355 40 354
40 355 38
356 38 355
38 356 34
32 34 356
355 357 356
357 355 358
354 358 355
358 354 359
360 354 353
354 360 359
356 361 32
361 356 357
30 32 361
362 360 353
360 362 363
362 364 363
364 362 314
306 314 362
306 362 353
314 306 304
314 365 364
365 314 313
313 366 365
366 313 318
318 367 366
367 318 319
319 368 367
368 319 320
320 369 368
369 320 370
321 370 320
370 321 323
371 366 367
366 371 372
372 365 366
365 372 373
373 364 365
364 373 374
374 363 364
363 374 375
375 360 363
360 375 376
377 360 376
360 377 359
378 359 377
359 378 358
379 358 378
358 379 357
380 357 379
357 380 361
381 361 380
361 381 30
28 30 381
379 382 380
380 382 383
381 383 28
380 383 381
378 384 379
384 382 379
377 385 378
385 384 378
376 386 377
386 385 377
382 22 383
384 22 382
385 22 384
386 22 385
383 22 26
383 26 28
387 22 386
388 22 387
374 388 387
389 22 388
373 389 388
373 388 374
372 389 373
390 22 389
390 389 372
371 390 372
391 22 390
392 391 390
392 390 371
367 392 371
392 367 368
368 393 392
393 391 392
393 368 369
394 22 391
394 391 393
21 22 394
369 395 393
394 393 395
395 369 396
370 396 369
396 370 397
397 16 396
16 395 396
16 397 398
323 397 370
397 323 334
399 397 334
399 398 397
334 200 399
334 201 200
395 16 18
394 395 18
21 394 18
200 197 399
197 400 399
400 398 399
400 17 398
17 16 398
17 400 401
194 401 400
197 194 400
11 401 194
10 17 401
11 10 401
184 14 11
183 14 184
14 183 13
402 403 404
403 405 404
402 406 403
407 405 403
407 403 408
408 403 406
409 407 408
410 409 408
406 410 408
410 406 411
409 410 412
412 410 411
412 413 409
413 414 409
407 409 414
414 413 415
416 415 413
415 416 417
418 416 413
413 412 418
416 418 419
418 412 420
412 411 420
419 418 421
418 422 421
420 422 418
421 422 423
419 424 416
424 417 416
424 419 425
425 419 421
426 425 421
426 424 425
427 426 421
424 426 428
428 429 424
417 424 429
429 428 430
431 426 427
426 431 428
427 432 431
433 431 432
432 434 433
434 432 435
436 435 432
432 427 436
436 427 421
435 436 437
431 433 438
438 428 431
428 438 430
437 439 435
439 437 440
437 436 421
423 437 421
423 440 437
441 435 439
435 441 434
442 443 444
443 442 445
446 444 443
444 446 447
443 448 446
449 446 448
446 449 450
450 447 446
451 450 449
450 451 452
452 453 450
454 453 452
453 454 455
456 452 451
452 456 454
457 454 456
454 457 458
458 455 454
459 458 457
458 459 460
459 461 460
461 459 462
462 463 461
463 462 464
464 465 463
465 464 466
466 467 465
467 466 468
468 469 467
470 467 469
469 471 470
471 469 472
473 470 471
471 474 473
474 471 442
472 442 471
470 473 475
475 476 470
467 470 476
476 475 246
219 246 475
246 219 221
469 468 477
477 472 469
442 472 445
444 474 442
474 444 478
447 478 444
478 447 479
480 479 447
479 480 144
144 141 479
144 480 481
447 450 480
479 215 478
215 479 141
216 478 215
478 216 474
216 473 474
473 216 217
217 475 473
475 217 219
143 144 481
482 143 481
143 482 145
483 145 482
145 483 117
117 116 145
484 117 483
483 485 484
485 483 486
482 486 483
485 243 484
243 485 487
244 484 243
484 244 253
117 484 253
253 244 248
460 487 485
486 460 485
487 460 461
461 488 487
488 461 463
463 489 488
489 463 465
487 242 243
242 487 488
488 245 242
245 488 489
476 245 489
460 486 458
455 458 486
486 482 455
481 455 482
455 481 453
245 476 246
467 476 489
465 467 489
453 481 480
453 480 450
490 491 492
490 492 493
494 490 493
495 490 494
466 490 495
464 490 466
462 490 464
459 490 462
457 490 459
456 490 457
451 490 456
496 490 451
497 490 496
497 491 490
451 449 496
448 496 449
496 448 497
497 498 491
498 497 448
448 443 498
445 498 443
498 445 499
499 491 498
445 500 499
500 445 472
472 477 500
491 499 492
499 493 492
493 499 500
500 494 493
494 500 477
477 495 494
495 477 468
466 495 468
501 502 503
504 501 503
501 504 505
506 504 503
507 506 503
502 507 503
506 507 508
507 502 509
507 509 510
510 508 507
510 511 508
511 510 512
513 511 512
514 511 513
514 508 511
508 514 506
513 515 514
515 516 514
516 506 514
516 515 517
506 516 518
506 518 504
518 519 504
504 520 505
521 520 519
504 519 520
170 156 155
170 155 166
156 173 153
151 153 173
101 91 79
265 279 269
267 279 265
522 523 524
524 523 525
522 524 526
527 524 525
527 528 524
528 526 524
527 529 528
529 530 528
526 528 530
530 531 526
530 529 532
532 531 530
533 532 529
534 533 529
529 527 534
533 534 535
535 536 533
536 535 537
536 538 533
532 533 538
538 536 539
538 540 532
532 540 531
539 541 538
538 541 542
540 538 542
541 543 542
544 539 536
537 544 536
539 544 545
545 541 539
546 541 545
544 546 545
547 541 546
546 544 548
549 548 544
544 537 549
548 549 550
546 551 547
551 546 548
552 547 551
551 553 552
554 552 553
552 554 555
555 556 552
547 552 556
556 541 547
556 555 557
553 551 558
558 548 550
548 558 551
559 557 555
557 559 560
557 541 556
543 541 557
543 557 560
561 555 554
555 561 559
562 563 564
562 565 563
565 562 566
567 563 565
567 568 563
564 563 568
568 567 569
568 570 564
568 571 570
571 568 569
571 569 572
572 573 571
574 573 572
575 574 572
575 569 567
569 575 572
574 575 576
577 576 575
567 577 575
576 577 578
577 567 579
567 565 579
579 565 580
565 566 581
582 580 581
565 581 580
67 281 317
281 67 68
282 317 281
317 282 316
283 316 282
316 283 315
284 315 283
315 284 288
375 386 376
375 387 386
374 387 375
4 20 5
583 584 585
584 583 586
585 587 583
587 585 588
588 589 587
589 588 590
590 591 589
591 590 592
592 593 591
593 592 594
594 595 593
595 594 596
597 585 584
585 597 598
598 588 585
588 598 599
599 590 588
590 599 600
600 592 590
592 600 601
601 594 592
594 601 602
602 596 594
596 602 603
604 598 597
598 604 605
605 599 598
599 605 606
606 600 599
600 606 607
607 601 600
601 607 608
608 602 601
602 608 609
609 603 602
603 609 610
604 611 605
605 611 606
606 611 607
607 611 608
608 611 609
609 611 610
612 596 603
596 612 613
613 595 596
595 613 614
615 614 613
614 615 616
617 616 615
616 617 618
619 618 617
618 619 620
621 620 619
620 621 622
584 622 621
622 584 586
621 597 584
597 621 623
619 623 621
623 619 624
617 624 619
624 617 625
615 625 617
625 615 626
613 626 615
626 613 612
623 604 597
604 623 627
624 627 623
627 624 628
625 628 624
628 625 629
626 629 625
629 626 630
612 630 626
630 612 631
603 631 612
631 603 610
604 627 611
627 628 611
628 629 611
629 630 611
630 631 611
631 610 611
586 632 633
632 586 583
583 634 632
634 583 587
587 635 634
635 587 589
589 636 635
636 589 591
591 637 636
637 591 593
593 638 637
638 593 595
639 634 635
634 639 640
640 632 634
639 641 640
640 641 642
642 641 643
644 641 639
635 644 639
644 635 636
645 641 644
636 645 644
645 636 637
646 641 645
637 646 645
646 637 638
633 642 643
642 633 632
632 640 642
614 638 595
638 614 647
647 646 638
616 647 614
647 616 648
618 648 616
648 618 649
620 649 618
649 620 650
622 650 620
650 622 651
651 586 633
586 651 622
650 652 649
652 650 653
651 653 650
652 653 641
653 654 641
653 651 654
654 643 641
655 652 641
655 649 652
649 655 648
656 655 641
656 648 655
646 656 641
648 656 647
646 647 656
654 633 643
633 654 651
657 658 659
658 657 660
661 659 658
659 661 662
663 662 661
662 663 664
665 664 663
664 665 666
667 666 665
666 667 668
669 668 667
668 669 670
659 671 657
671 659 672
662 672 659
672 662 673
664 673 662
673 664 674
666 674 664
674 666 675
668 675 666
675 668 676
670 676 668
676 670 677
672 678 671
678 672 679
673 679 672
679 673 680
674 680 673
680 674 681
675 681 674
681 675 682
676 682 675
682 676 683
677 683 676
683 677 684
678 679 685
679 680 685
680 681 685
681 682 685
682 683 685
683 684 685
670 686 677
678 687 671
688 671 687
671 688 657
689 657 688
657 689 660
688 690 689
690 688 691
687 691 688
691 692 690
692 691 693
693 694 692
694 693 695
695 696 694
696 695 697
697 669 696
669 697 670
691 687 698
698 693 691
693 698 699
699 695 693
695 699 700
700 697 695
697 700 686
686 670 697
701 699 698
698 702 701
702 698 687
687 678 702
699 701 703
703 700 699
700 703 704
704 686 700
686 704 705
705 677 686
677 705 684
678 685 702
702 685 701
701 685 703
703 685 704
704 685 705
705 685 684
667 706 669
706 667 707
665 707 667
707 665 708
663 708 665
708 663 709
661 709 663
709 661 710
658 710 661
710 658 711
660 711 658
711 660 712
710 713 709
713 710 714
711 714 710
713 714 715
714 716 715
712 716 711
714 711 716
716 717 715
716 712 717
718 713 715
718 709 713
709 718 708
719 718 715
719 708 718
720 719 715
720 707 719
708 719 707
707 720 706
660 721 712
721 660 689
689 722 721
722 689 690
690 723 722
723 690 692
692 724 723
724 692 694
694 725 724
720 725 706
725 694 696
696 706 725
706 696 669
726 722 723
722 726 727
727 721 722
726 715 727
727 715 728
721 727 728
728 715 717
729 715 726
723 729 726
729 723 724
730 715 729
724 730 729
730 724 725
720 715 730
725 720 730
712 728 717
728 712 721
731 732 733
732 731 734
733 735 731
735 733 736
736 737 735
737 736 738
739 737 738
737 739 740
741 740 739
740 741 742
743 742 741
742 743 744
745 733 732
733 745 746
746 736 733
736 746 747
747 738 736
738 747 748
749 738 748
738 749 739
750 739 749
739 750 741
751 741 750
741 751 743
752 746 745
746 752 753
753 747 746
747 753 754
754 748 747
748 754 755
756 748 755
748 756 749
757 749 756
749 757 750
758 750 757
750 758 751
752 759 753
759 752 760
761 753 759
753 761 754
762 754 761
754 762 755
762 756 755
756 762 763
763 757 756
757 763 764
764 758 757
758 764 765
760 766 759
766 760 767
768 759 766
759 768 761
769 761 768
761 769 762
769 763 762
763 769 770
770 764 763
764 770 771
771 765 764
765 771 772
767 773 766
773 767 774
775 766 773
766 775 768
776 768 775
768 776 769
776 770 769
770 776 777
777 771 770
771 777 778
778 772 771
772 778 779
774 780 773
773 780 775
775 780 776
776 780 777
777 780 778
778 780 779
781 765 772
765 781 782
782 758 765
758 782 783
784 758 783
783 785 784
786 784 785
785 787 786
788 786 787
789 788 787
788 789 790
791 790 789
790 791 792
732 792 791
792 732 734
786 788 793
793 794 786
784 786 794
794 793 795
795 743 794
743 795 744
791 745 732
745 791 796
789 796 791
796 789 797
787 797 789
797 787 798
751 794 743
794 751 784
796 752 745
752 796 799
797 799 796
799 797 800
798 800 797
800 798 801
798 802 801
802 798 785
787 785 798
785 783 802
758 784 751
803 752 799
752 803 760
804 799 800
799 804 803
805 800 801
800 805 804
802 805 801
805 802 806
783 806 802
806 783 782
807 760 803
760 807 767
808 803 804
803 808 807
809 804 805
804 809 808
806 809 805
809 806 810
782 810 806
810 782 781
811 767 807
767 811 774
812 807 808
807 812 811
813 808 809
808 813 812
810 813 809
813 810 814
781 814 810
814 781 815
772 815 781
815 772 779
774 811 780
811 812 780
812 813 780
813 814 780
814 815 780
815 779 780
731 816 734
735 816 731
737 816 735
740 816 737
742 816 740
744 816 742
792 734 816
790 792 816
788 790 816
793 788 816
795 793 816
744 795 816
817 818 819
818 817 820
821 819 818
819 821 822
823 822 821
822 823 824
823 825 824
825 823 826
826 827 825
827 826 828
828 829 827
829 828 830
819 831 817
831 819 832
822 832 819
832 822 833
824 833 822
833 824 834
835 824 825
824 835 834
836 825 827
825 836 835
837 827 829
827 837 836
832 838 831
838 832 839
833 839 832
839 833 840
834 840 833
840 834 841
842 834 835
834 842 841
843 835 836
835 843 842
844 836 837
836 844 843
845 838 839
838 845 846
847 839 840
839 847 845
848 840 841
840 848 847
842 848 841
848 842 849
843 849 842
849 843 850
844 850 843
850 844 851
852 846 845
846 852 853
854 845 847
845 854 852
855 847 848
847 855 854
849 855 848
855 849 856
850 856 849
856 850 857
851 857 850
857 851 858
859 853 852
853 859 860
861 852 854
852 861 859
862 854 855
854 862 861
856 862 855
862 856 863
857 863 856
863 857 864
858 864 857
864 858 865
860 859 866
859 861 866
861 862 866
862 863 866
863 864 866
864 865 866
851 867 858
868 853 860
860 866 868
853 868 869
870 869 868
868 866 870
869 870 871
871 872 869
846 869 872
872 838 846
838 872 873
874 838 873
838 874 831
875 831 874
831 875 817
876 817 875
817 876 820
875 877 876
877 875 878
874 878 875
878 879 877
879 878 880
881 879 880
879 881 882
883 882 881
882 883 884
829 884 883
884 829 830
878 874 885
885 880 878
880 885 886
887 880 886
880 887 881
888 881 887
881 888 883
837 883 888
883 837 829
889 886 885
885 873 889
873 885 874
886 889 890
891 886 890
886 891 887
892 887 891
887 892 888
844 888 892
888 844 837
873 893 889
893 873 872
894 889 893
889 894 890
894 891 890
891 894 895
895 892 891
892 895 896
896 844 892
844 896 851
872 871 893
897 893 871
893 897 894
897 895 894
895 897 898
898 896 895
896 898 867
867 851 896
871 899 897
899 898 897
899 871 870
898 899 900
900 867 898
867 900 901
901 858 867
858 901 865
870 866 899
899 866 900
900 866 901
901 866 865
818 820 902
821 818 902
823 821 902
826 823 902
828 826 902
830 828 902
876 902 820
877 902 876
879 902 877
882 902 879
884 902 882
830 902 884
869 846 853
903 904 905
906 903 905
905 907 906
904 908 905
905 908 907
903 906 909
909 906 910
909 910 911
906 912 910
906 907 912
912 913 910
911 910 913
914 912 907
907 908 915
907 915 914
916 915 908
917 916 908
904 917 908
915 916 918
918 916 919
917 919 916
919 920 918
921 918 920
921 922 918
922 914 915
915 918 922
923 922 921
923 924 922
914 922 924
924 925 914
914 925 912
925 924 926
927 926 924
924 923 927
926 927 928
928 929 926
929 928 930
931 926 929
926 931 925
932 925 931
930 933 929
933 930 934
933 934 935
925 932 912
913 912 932
931 929 936
936 929 933
931 936 937
938 936 933
933 935 938
939 936 938
937 936 939
940 931 937
931 940 932
941 937 939
937 941 940
941 942 940
932 942 913
942 932 940
942 941 943
944 942 943
944 913 942
913 944 911
945 946 947
948 946 945
946 948 949
947 946 950
946 949 950
945 951 948
949 952 950
953 950 952
954 950 953
947 950 954
952 955 953
955 956 953
954 953 956
956 955 957
958 957 955
958 955 959
952 959 955
960 958 959
961 960 959
960 961 962
963 962 961
961 964 963
964 961 965
959 965 961
965 959 952
962 963 966
967 966 963
966 967 968
963 969 967
964 969 963
968 967 970
970 971 968
970 972 971
969 973 967
973 970 967
969 974 973
975 970 973
970 975 972
976 975 973
974 976 973
977 974 969
964 977 969
977 976 974
977 964 949
949 964 965
949 965 952
976 977 978
979 978 977
978 979 980
981 980 979
981 979 948
948 977 949
977 948 979
948 951 981
982 983 984
985 982 984
986 983 982
983 986 987
986 988 987
986 989 988
989 990 988
990 991 988
991 990 992
989 993 990
990 993 994
990 994 992
986 995 989
986 982 995
992 994 996
997 995 982
997 982 985
985 998 997
998 999 997
1000 999 998
998 1001 1000
1001 998 1002
1003 1000 1001
1000 1004 999
999 1004 1005
993 1005 1006
1005 993 1007
995 1005 1007
1005 995 1008
997 999 1008
1008 999 1005
997 1008 995
1004 1009 1005
1005 1009 1006
1006 1009 1010
1011 1009 1004
1011 1012 1009
1010 1009 1012
1013 1012 1011
1012 1013 1014
1015 1012 1014
1015 1010 1012
1013 1011 1016
1011 1004 1017
1018 1011 1017
1016 1011 1018
1018 1017 1000
1017 1004 1000
1018 1000 1003
1010 993 1006
1010 1015 994
1010 994 993
994 1015 996
1007 993 989
989 995 1007
1002 998 985
1019 1020 1021
1021 1022 1019
1020 1019 1023
1024 1021 1020
1019 1025 1023
1026 1025 1019
1022 1026 1019
1020 1023 1027
1025 1028 1023
1028 1027 1023
1025 1026 1029
1030 1020 1027
1031 1020 1030
1031 1024 1020
1031 1030 1032
1032 1030 1027
1032 1027 1033
1032 1033 1034
1035 1032 1034
1034 1036 1035
1037 1036 1034
1035 1038 1032
1038 1031 1032
1039 1034 1033
1037 1034 1039
1040 1039 1033
1027 1040 1033
1028 1040 1027
1041 1040 1028
1040 1041 1042
1039 1040 1042
1039 1042 1043
1039 1043 1037
1044 1042 1041
1042 1044 1045
1042 1046 1043
1046 1042 1045
1047 1046 1045
1044 1047 1045
1047 1044 1048
1044 1049 1048
1041 1049 1044
1049 1041 1029
1025 1029 1041
1025 1041 1028
1050 1051 1052
1051 1050 1053
1053 1054 1051
1054 1053 1055
1056 1054 1055
1054 1056 1057
1056 1058 1057
1058 1056 1059
1059 1060 1058
1060 1059 1061
1061 1062 1060
1062 1061 1063
1062 1063 1064
1065 1066 1067
1066 1065 1068
1068 1069 1066
1069 1068 1070
1071 1069 1070
1069 1071 1072
1071 1073 1072
1073 1071 1074
1067 1075 1065
1075 1067 1076
1076 1077 1075
1077 1076 1078
1077 1078 1079
1080 1081 1082
1081 1080 1083
1084 1085 1086
1085 1084 1087
1085 1088 1086
1088 1085 1089
1084 1090 1087
1090 1084 1091
1092 1090 1091
1090 1092 1093
1092 1094 1093
1094 1092 1095
1096 1094 1095
1094 1096 1097
1096 1098 1097
1098 1096 1099
1100 1098 1099
1098 1100 1101
1100 1102 1101
1102 1100 1103
1104 1102 1103
1102 1104 1105
1104 1106 1105
1106 1104 1107
1107 1108 1106
1108 1107 1109
1110 1111 1112
1111 1110 1113
1114 1115 1116
1115 1114 1117
1118 1119 1120
1121 1119 1118
1119 1121 1122
1120 1119 1123
1119 1122 1123
1118 1124 1121
1124 1125 1121
1124 1126 1125
1121 1125 1127
1121 1127 1122
1127 1125 1128
1126 1128 1125
1129 1122 1127
1122 1130 1123
1122 1129 1130
1131 1123 1130
1132 1123 1131
1120 1123 1132
1130 1133 1131
1133 1134 1131
1132 1131 1134
1134 1133 1135
1136 1135 1133
1136 1133 1137
1129 1137 1130
1130 1137 1133
1138 1136 1137
1139 1138 1137
1137 1129 1139
1140 1139 1129
1129 1127 1140
1139 1140 1141
1141 1142 1139
1138 1139 1142
1142 1141 1143
1144 1143 1141
1143 1144 1145
1141 1146 1144
1146 1141 1140
1147 1146 1140
1145 1144 1148
1148 1149 1145
1140 1127 1147
1128 1147 1127
1146 1150 1144
1150 1148 1144
1146 1151 1150
1152 1148 1150
1148 1152 1153
1148 1153 1149
1154 1152 1150
1151 1154 1150
1155 1151 1146
1146 1147 1155
1156 1151 1155
1151 1156 1154
1157 1156 1155
1147 1157 1155
1157 1147 1128
1156 1157 1158
1159 1158 1157
1159 1157 1128
1128 1126 1159
1160 1161 1162
1163 1160 1162
1162 1164 1163
1161 1165 1162
1162 1165 1164
1160 1163 1166
1164 1165 1167
1168 1167 1165
1169 1168 1165
1161 1169 1165
1167 1168 1170
1170 1168 1171
1169 1171 1168
1171 1172 1170
1173 1170 1172
1173 1174 1170
1167 1170 1174
1175 1174 1173
1175 1176 1174
1176 1175 1177
1177 1178 1176
1179 1176 1178
1176 1179 1180
1174 1180 1167
1180 1174 1176
1178 1177 1181
1181 1182 1178
1182 1181 1183
1178 1182 1184
1179 1178 1184
1183 1185 1182
1185 1183 1186
1184 1182 1187
1187 1182 1185
1184 1187 1188
1189 1187 1185
1185 1190 1189
1185 1186 1190
1191 1187 1189
1188 1187 1191
1192 1184 1188
1179 1184 1192
1191 1192 1188
1192 1164 1179
1164 1180 1179
1164 1167 1180
1192 1191 1193
1193 1194 1192
1194 1193 1195
1196 1194 1195
1196 1163 1194
1192 1163 1164
1163 1192 1194
1163 1196 1166
1197 1198 1199
1200 1198 1197
1201 1197 1199
1199 1202 1201
1201 1202 1203
1201 1203 1204
1204 1203 1205
1205 1203 1206
1206 1207 1205
1204 1205 1208
1205 1209 1208
1205 1207 1209
1201 1204 1210
1201 1210 1197
1207 1211 1209
1212 1197 1210
1212 1200 1197
1200 1212 1213
1213 1212 1214
1215 1213 1214
1213 1215 1216
1216 1217 1213
1218 1216 1215
1215 1214 1219
1214 1220 1219
1220 1208 1221
1208 1220 1222
1220 1210 1222
1210 1220 1223
1212 1223 1214
1223 1220 1214
1212 1210 1223
1219 1220 1224
1220 1221 1224
1221 1225 1224
1226 1219 1224
1226 1224 1227
1225 1227 1224
1228 1226 1227
1227 1229 1228
1230 1229 1227
1230 1227 1225
1228 1231 1226
1226 1232 1219
1233 1232 1226
1231 1233 1226
1233 1215 1232
1232 1215 1219
1233 1218 1215
1225 1221 1208
1225 1209 1230
1225 1208 1209
1209 1211 1230
1222 1204 1208
1204 1222 1210
1217 1200 1213
1234 1235 1236
1235 1234 1237
1236 1238 1234
1239 1236 1235
1234 1238 1240
1241 1234 1240
1237 1234 1241
1236 1242 1238
1240 1238 1243
1243 1238 1242
1240 1244 1241
1245 1242 1236
1246 1245 1236
1246 1236 1239
1246 1247 1245
1247 1242 1245
1247 1248 1242
1247 1249 1248
1250 1249 1247
1249 1250 1251
1252 1249 1251
1250 1247 1253
1253 1247 1246
1254 1248 1249
1252 1254 1249
1255 1248 1254
1242 1248 1255
1243 1242 1255
1255 1256 1243
1256 1255 1257
1254 1257 1255
1254 1258 1257
1254 1252 1258
1257 1259 1256
1259 1257 1260
1261 1257 1258
1257 1261 1260
1262 1260 1261
1262 1259 1260
1259 1262 1263
1259 1263 1264
1264 1256 1259
1256 1264 1244
1240 1256 1244
1240 1243 1256
1265 1266 1267
1266 1265 1268
1269 1268 1265
1268 1269 1270
1269 1271 1270
1271 1269 1272
1273 1271 1272
1271 1273 1274
1275 1274 1273
1274 1275 1276
1277 1276 1275
1276 1277 1278
1277 1279 1278
1280 1281 1282
1281 1280 1283
1284 1283 1280
1283 1284 1285
1284 1286 1285
1286 1284 1287
1288 1286 1287
1286 1288 1289
1290 1282 1281
1282 1290 1291
1292 1291 1290
1291 1292 1293
1292 1294 1293
1295 1296 1297
1296 1295 1298
1299 1300 1301
1300 1299 1302
1303 1299 1301
1299 1303 1304
1305 1300 1302
1300 1305 1306
1305 1307 1306
1307 1305 1308
1309 1307 1308
1307 1309 1310
1309 1311 1310
1311 1309 1312
1313 1311 1312
1311 1313 1314
1313 1315 1314
1315 1313 1316
1317 1315 1316
1315 1317 1318
1317 1319 1318
1319 1317 1320
1321 1319 1320
1319 1321 1322
1323 1322 1321
1322 1323 1324
1325 1326 1327
1326 1325 1328
1329 1330 1331
1330 1329 1332
1333 1334 1335
1334 1333 1336
1337 1333 1335
1333 1337 1338
1337 1335 1339
1340 1337 1339
1338 1337 1341
1337 1340 1341
1335 1334 1342
1342 1334 1343
1333 1338 1344
1338 1345 1344
1338 1341 1345
1346 1333 1344
1333 1346 1347
1333 1347 1336
1336 1347 1348
1348 1349 1336
1349 1343 1334
1349 1334 1336
1335 1350 1339
1350 1335 1342
1351 1352 1353
1352 1351 1354
1351 1355 1354
1355 1351 1356
1357 1353 1352
1353 1357 1358
1356 1359 1355
1359 1356 1360
1361 1359 1360
1359 1361 1362
1357 1363 1358
1363 1357 1364
1361 1365 1362
1365 1361 1366
1367 1365 1366
1365 1367 1368
1369 1368 1367
1368 1369 1370
1369 1371 1370
1371 1369 1372
1372 1373 1371
1373 1363 1364
1373 1372 1374
1363 1373 1374
1367 1375 1369
1375 1372 1369
1375 1367 1376
1366 1376 1367
1372 1375 1377
1377 1374 1372
1378 1362 1365
1378 1370 1371
1368 1370 1378
1365 1368 1378
1378 1371 1373
1378 1373 1364
1376 1366 1379
1374 1377 1380
1366 1381 1379
1382 1374 1380
1374 1382 1363
1382 1358 1363
1358 1382 1383
1384 1358 1383
1358 1384 1353
1385 1353 1384
1353 1385 1351
1385 1356 1351
1356 1385 1386
1386 1360 1356
1360 1381 1361
1381 1360 1387
1360 1386 1387
1381 1366 1361
1354 1378 1352
1378 1354 1355
1378 1357 1352
1359 1378 1355
1378 1359 1362
1357 1378 1364
1388 1389 1390
1389 1388 1391
1392 1391 1388
1391 1392 1393
1394 1393 1392
1393 1394 1395
1396 1395 1394
1395 1396 1397
1398 1397 1396
1397 1398 1399
1400 1399 1398
1399 1400 1401
1390 1402 1388
1402 1392 1388
1402 1390 1403
1398 1404 1400
1404 1398 1405
1396 1405 1398
1405 1396 1406
1394 1406 1396
1406 1394 1407
1392 1407 1394
1407 1392 1408
1392 1402 1408
1403 1409 1402
1409 1403 1410
1405 1411 1404
1411 1405 1412
1406 1412 1405
1412 1406 1413
1407 1413 1406
1413 1407 1414
1408 1414 1407
1414 1408 1415
1415 1402 1409
1402 1415 1408
1416 1409 1410
1409 1416 1417
1418 1411 1412
1412 1413 1418
1411 1418 1419
1413 1420 1418
1414 1420 1413
1420 1414 1421
1415 1421 1414
1421 1415 1422
1422 1409 1417
1409 1422 1415
1416 1423 1417
1423 1416 1424
1425 1420 1421
1422 1425 1421
1420 1425 1426
1420 1426 1427
1419 1418 1427
1418 1420 1427
1419 1427 1428
1425 1422 1429
1429 1417 1423
1417 1429 1422
1427 1430 1428
1426 1430 1427
1430 1426 1431
1430 1431 1432
1430 1432 1433
1428 1430 1433
1434 1431 1426
1425 1429 1434
1426 1425 1434
1435 1432 1431
1432 1435 1436
1437 1435 1431
1431 1434 1437
1435 1437 1438
1439 1438 1437
1439 1437 1434
1438 1439 1440
1435 1441 1436
1441 1435 1442
1438 1442 1435
1442 1438 1443
1440 1443 1438
1443 1440 1444
1445 1443 1444
1443 1445 1446
1446 1445 1447
1448 1446 1447
1448 1443 1446
1443 1448 1442
1448 1447 1449
1450 1442 1448
1442 1450 1441
1450 1448 1449
1439 1434 1451
1451 1434 1429
1429 1423 1451
1451 1423 1424
1452 1453 1454
1453 1452 1455
1454 1456 1452
1456 1454 1457
1457 1458 1456
1458 1457 1459
1459 1460 1458
1460 1459 1461
1461 1462 1460
1462 1461 1463
1463 1464 1462
1464 1463 1465
1466 1455 1452
1455 1466 1467
1468 1452 1456
1452 1468 1466
1469 1456 1458
1456 1469 1468
1470 1458 1460
1458 1470 1469
1471 1460 1462
1460 1471 1470
1472 1462 1464
1462 1472 1471
1473 1467 1466
1467 1473 1474
1475 1466 1468
1466 1475 1473
1476 1468 1469
1468 1476 1475
1477 1469 1470
1469 1477 1476
1478 1470 1471
1470 1478 1477
1479 1471 1472
1471 1479 1478
1473 1480 1474
1480 1473 1481
1482 1473 1475
1473 1482 1481
1483 1475 1476
1475 1483 1482
1484 1476 1477
1476 1484 1483
1485 1477 1478
1477 1485 1484
1486 1478 1479
1478 1486 1485
1481 1487 1480
1487 1481 1488
1489 1481 1482
1481 1489 1488
1490 1482 1483
1482 1490 1489
1491 1483 1484
1483 1491 1490
1492 1484 1485
1484 1492 1491
1493 1485 1486
1485 1493 1492
1494 1490 1491
1490 1494 1495
1489 1496 1488
1487 1488 1496
1496 1489 1497
1490 1497 1489
1497 1490 1495
1498 1487 1496
1499 1498 1496
1496 1500 1499
1500 1496 1497
1500 1501 1499
1501 1500 1502
1502 1503 1501
1503 1502 1504
1505 1503 1504
1503 1505 1506
1506 1505 1507
1504 1508 1505
1505 1508 1509
1507 1505 1509
1509 1508 1510
1511 1510 1508
1508 1504 1511
1510 1511 1512
1513 1510 1512
1512 1514 1513
1514 1512 1515
1516 1514 1515
1515 1517 1516
1517 1515 1518
1518 1515 1512
1511 1518 1512
1519 1517 1518
1511 1519 1518
1511 1504 1519
1517 1519 1520
1514 1516 1521
1522 1521 1516
1521 1522 1523
1516 1494 1522
1494 1516 1517
1510 1513 1524
1510 1524 1525
1495 1517 1520
1495 1494 1517
1520 1497 1495
1492 1523 1522
1523 1492 1493
1522 1491 1492
1491 1522 1494
1500 1497 1520
1519 1500 1520
1500 1519 1502
1504 1502 1519
1526 1509 1525
1526 1507 1509
1526 1506 1507
1509 1510 1525
1389 1391 1527
1391 1393 1527
1393 1395 1527
1395 1397 1527
1397 1399 1527
1399 1401 1527
1454 1453 1528
1457 1454 1528
1459 1457 1528
1461 1459 1528
1463 1461 1528
1465 1463 1528
188 149 150
192 205 188
1529 1530 1531
1531 1530 1532
1532 1530 1533
1534 1530 1529
1535 1530 1534
1536 1530 1535
1537 1530 1536
1538 1530 1537
1539 1530 1538
1540 1530 1539
1541 1530 1540
1542 1530 1541
1543 1530 1542
1544 1530 1543
1545 1530 1544
1546 1530 1545
1530 1546 1547
1545 1548 1546
1548 1545 1549
1544 1549 1545
1549 1544 1550
1551 1544 1543
1544 1551 1550
1552 1543 1542
1543 1552 1551
1553 1542 1541
1542 1553 1552
1554 1541 1540
1541 1554 1553
1540 1555 1554
1547 1546 1556
1546 1548 1556
1556 1548 1557
1548 1558 1557
1558 1548 1559
1560 1530 1547
1561 1530 1560
1562 1530 1561
1533 1530 1562
1563 1533 1562
1533 1563 1564
1564 1532 1533
1532 1564 1565
1565 1531 1532
1531 1565 1566
1566 1529 1531
1529 1566 1567
1567 1534 1529
1534 1567 1568
1569 1534 1568
1534 1569 1535
1570 1535 1569
1535 1570 1536
1571 1536 1570
1536 1571 1537
1572 1537 1571
1537 1572 1538
1555 1538 1572
1538 1555 1539
1555 1540 1539
1562 1573 1563
1573 1562 1561
1574 1575 1576
1575 1577 1576
1577 1578 1576
1579 1574 1576
1580 1579 1576
1581 1580 1576
1582 1581 1576
1583 1582 1576
1584 1583 1576
1585 1584 1576
1586 1585 1576
1587 1586 1576
1588 1587 1576
1589 1588 1576
1590 1589 1576
1591 1590 1576
1576 1592 1591
1577 1593 1578
1594 1578 1593
1578 1594 1595
1596 1590 1591
1590 1596 1597
1597 1589 1590
1589 1597 1598
1589 1599 1588
1599 1589 1598
1588 1600 1587
1600 1588 1599
1587 1601 1586
1601 1587 1600
1602 1586 1601
1586 1602 1585
1603 1585 1602
1585 1603 1584
1603 1583 1584
1583 1603 1604
1604 1582 1583
1582 1604 1605
1605 1581 1582
1581 1605 1606
1606 1580 1581
1580 1606 1607
1607 1579 1580
1579 1607 1608
1609 1579 1608
1579 1609 1574
1610 1574 1609
1574 1610 1575
1611 1575 1610
1575 1611 1577
1593 1577 1611
1595 1612 1576
1612 1613 1576
1578 1595 1576
1595 1614 1612
1614 1595 1594
1613 1592 1576
1592 1615 1591
1591 1615 1596
1615 1616 1596
1617 1596 1616
1596 1617 1618
1619 1620 1621
1620 1622 1621
1622 1620 1623
1620 1624 1623
1620 1625 1624
1626 1619 1621
1619 1626 1627
1628 1627 1626
1627 1628 1629
1630 1629 1628
1629 1630 1631
1632 1631 1630
1631 1632 1633
1632 1634 1633
1634 1632 1635
1635 1636 1634
1636 1635 1637
1638 1639 1640
1640 1639 1641
1641 1642 1640
1640 1642 1643
1640 1643 1644
1638 1645 1639
1645 1638 1646
1646 1647 1645
1647 1646 1648
1648 1649 1647
1649 1648 1650
1650 1651 1649
1651 1650 1652
1653 1651 1652
1651 1653 1654
1655 1654 1653
1654 1655 1656
1657 1658 1659
1659 1658 1660
1660 1661 1659
1659 1661 1662
1659 1662 1663
1657 1664 1658
1664 1657 1665
1665 1666 1664
1666 1665 1667
1667 1668 1666
1668 1667 1669
1670 1668 1669
1668 1670 1671
1672 1671 1670
1671 1672 1673
1674 1673 1672
1673 1674 1675
1676 1677 1678
1677 1679 1678
1679 1677 1680
1677 1681 1680
1677 1682 1681
1683 1676 1678
1676 1683 1684
1685 1684 1683
1684 1685 1686
1687 1686 1685
1686 1687 1688
1687 1689 1688
1689 1687 1690
1690 1691 1689
1691 1690 1692
1692 1693 1691
1693 1692 1694
1695 1696 1697
1698 1696 1695
1696 1698 1699
1700 1699 1698
1699 1700 1701
1702 1701 1700
1701 1702 1703
1704 1703 1702
1703 1704 1705
1704 1706 1705
1706 1704 1707
1707 1708 1706
1708 1707 1709
1709 1710 1708
1710 1709 1711
1711 1712 1710
1712 1711 1713
1713 1714 1712
1714 1713 1715
1715 1716 1714
1716 1715 1717
1696 1718 1719
1696 1719 1697
1720 1721 1722
1722 1723 1720
1723 1722 1724
1724 1725 1723
1725 1724 1726
1726 1727 1725
1727 1726 1728
1728 1729 1727
1729 1728 1730
1731 1729 1730
1729 1731 1732
1733 1732 1731
1732 1733 1734
1735 1734 1733
1734 1735 1736
1737 1736 1735
1736 1737 1738
1739 1738 1737
1738 1739 1740
1741 1740 1739
1740 1741 1742
1722 1743 1744
1722 1721 1743
1745 1746 1747
1746 1745 1748
1748 1749 1746
1749 1748 1750
1747 1751 1745
1751 1747 1752
1752 1753 1751
1753 1752 1754
1754 1755 1753
1755 1754 1756
1757 1749 1750
1749 1757 1758
1759 1753 1755
1753 1759 1760
1760 1751 1753
1759 1761 1760
1762 1760 1761
1760 1762 1763
1751 1760 1763
1761 1764 1762
1763 1745 1751
1745 1763 1765
1763 1766 1765
1763 1762 1766
1767 1766 1762
1764 1767 1762
1766 1767 1768
1769 1766 1768
1766 1769 1770
1770 1765 1766
1771 1770 1769
1770 1771 1772
1773 1772 1771
1772 1773 1774
1774 1775 1772
1775 1770 1772
1775 1774 1776
1770 1775 1777
1770 1777 1765
1765 1748 1745
1748 1765 1777
1777 1750 1748
1750 1777 1775
1776 1750 1775
1750 1776 1757
1778 1774 1773
1774 1778 1779
1779 1776 1774
1780 1779 1778
1779 1780 1781
1781 1782 1779
1776 1779 1782
1782 1757 1776
1782 1781 1783
1784 1783 1781
1783 1784 1785
1784 1786 1785
1786 1784 1787
1788 1787 1784
1781 1788 1784
1788 1781 1780
1787 1788 1789
1790 1785 1786
1785 1790 1791
1792 1791 1790
1791 1792 1793
1793 1794 1791
1785 1794 1783
1794 1785 1791
1794 1793 1795
1796 1794 1795
1794 1796 1797
1783 1797 1782
1797 1783 1794
1757 1782 1797
1797 1758 1757
1758 1797 1796
1789 1798 1787
1798 1789 1799
1799 1800 1798
1801 1798 1800
1800 1802 1801
1802 1800 1803
1804 1802 1803
1802 1804 1805
1806 1804 1803
1804 1806 1807
1808 1804 1807
1804 1808 1809
1809 1810 1804
1810 1805 1804
1811 1809 1808
1809 1811 1812
1809 1812 1813
1810 1809 1813
1812 1814 1813
1815 1814 1812
1815 1816 1814
1812 1817 1815
1812 1811 1817
1818 1802 1805
1810 1818 1805
1802 1818 1819
1820 1819 1818
1819 1820 1821
1821 1822 1819
1822 1821 1823
1824 1820 1818
1818 1810 1824
1813 1824 1810
1820 1824 1825
1826 1825 1824
1824 1813 1826
1814 1826 1813
1825 1826 1827
1828 1827 1826
1826 1814 1828
1816 1828 1814
1827 1828 1829
1830 1829 1828
1828 1816 1830
1829 1830 1831
1801 1819 1822
1819 1801 1802
1823 1832 1822
1832 1823 1833
1834 1822 1832
1822 1834 1801
1798 1801 1834
1834 1787 1798
1787 1834 1786
1832 1786 1834
1786 1832 1790
1833 1790 1832
1790 1833 1792
1835 1836 1837
1838 1835 1837
1837 1839 1838
1836 1840 1837
1837 1840 1841
1841 1842 1837
1837 1842 1843
1843 1844 1837
1844 1845 1837
1846 1839 1837
1837 1845 1847
1837 1847 1848
1849 1846 1837
1850 1849 1837
1851 1850 1837
1837 1848 1851
1852 1853 1854
1852 1854 1855
1856 1853 1852
1857 1856 1852
1856 1857 1858
1852 1859 1857
1858 1860 1856
1860 1858 1861
1852 1862 1859
1855 1862 1852
1863 1859 1862
1855 1864 1862
1864 1863 1862
1865 1860 1861
1860 1865 1866
1867 1860 1866
1860 1867 1856
1867 1868 1856
1856 1868 1853
1869 1853 1868
1868 1867 1869
1870 1867 1866
1871 1870 1866
1867 1870 1872
1867 1872 1869
1872 1873 1869
1873 1872 1874
1874 1875 1873
1875 1874 1876
1872 1877 1874
1877 1876 1874
1877 1872 1878
1870 1878 1872
1876 1877 1879
1880 1871 1866
1871 1880 1881
1881 1882 1871
1869 1883 1853
1884 1853 1883
1853 1884 1854
1885 1873 1875
1875 1886 1885
1882 1881 1887
1882 1887 1888
1888 1889 1882
1889 1888 1890
1888 1891 1890
1891 1892 1890
1893 1890 1892
1892 1894 1893
1893 1894 1895
1894 1896 1895
1897 1895 1896
1898 1895 1897
1897 1899 1898
1899 1897 1900
1895 1898 1901
1900 1897 1902
1902 1897 1903
1897 1896 1903
1902 1904 1900
1900 1904 1905
1900 1905 1899
1904 1902 1906
1895 1907 1893
1895 1901 1907
1898 1908 1901
1908 1898 1909
1899 1909 1898
1910 1899 1905
1899 1910 1911
1909 1899 1911
1901 1908 1912
1901 1912 1907
1913 1905 1904
1905 1913 1914
1915 1914 1913
1913 1916 1915
1917 1916 1913
1917 1913 1904
1917 1904 1906
1917 1918 1916
1864 1918 1917
1864 1919 1918
1855 1919 1864
1915 1920 1914
1917 1863 1864
1917 1921 1863
1917 1906 1921
1920 1922 1914
1914 1922 1923
1914 1923 1905
1923 1910 1905
1873 1924 1925
1925 1869 1873
1925 1883 1869
1885 1924 1873
1926 1927 1928
1927 1926 1929
1930 1928 1927
1928 1930 1931
1931 1932 1928
1932 1931 1933
1933 1934 1932
1935 1932 1934
1934 1936 1935
1936 1934 1937
1932 1935 1938
1938 1928 1932
1928 1938 1926
1939 1937 1934
1934 1933 1939
1937 1939 1940
1927 1941 1930
1941 1927 1942
1929 1942 1927
1942 1929 1943
1944 1936 1937
1936 1944 1945
1944 1946 1945
1946 1944 1947
1948 1947 1944
1937 1948 1944
1948 1937 1940
1947 1948 1949
1950 1946 1947
1946 1950 1951
1950 1952 1951
1952 1950 1953
1953 1954 1952
1954 1953 1955
1956 1955 1953
1955 1956 1957
1953 1958 1956
1958 1953 1950
1947 1958 1950
1958 1947 1949
1955 1959 1954
1959 1955 1960
1957 1960 1955
1960 1957 1961
1961 1962 1960
1962 1961 1963
1964 1962 1963
1962 1964 1965
1966 1962 1965
1962 1966 1967
1967 1960 1962
1960 1967 1959
1968 1966 1965
1966 1968 1969
1970 1965 1964
1965 1970 1968
1971 1969 1968
1969 1971 1972
1973 1972 1971
1972 1973 1974
1971 1975 1973
1975 1971 1976
1968 1976 1971
1976 1968 1970
1977 1974 1973
1974 1977 1978
1979 1978 1977
1978 1979 1980
1981 1980 1979
1980 1981 1982
1983 1979 1977
1973 1983 1977
1983 1973 1975
1979 1983 1984
1984 1981 1979
1981 1984 1985
1986 1982 1981
1982 1986 1987
1988 1987 1986
1987 1988 1989
1990 1989 1988
1989 1990 1991
1992 1991 1990
1991 1992 1993
1994 1993 1992
1993 1994 1995
1996 1995 1994
1995 1996 1997
1998 1997 1996
1997 1998 1999
2000 1999 1998
1999 2000 2001
2002 2001 2000
2001 2002 2003
2002 2004 2003
2004 2002 2005
2002 2006 2005
2006 2002 2007
2000 2007 2002
2007 2000 2008
2000 2009 2008
2009 2000 1998
1996 2009 1998
2009 1996 2010
1994 2010 1996
2010 1994 2011
1992 2011 1994
2011 1992 2012
1990 2012 1992
2012 1990 2013
1988 2013 1990
2013 1988 2014
1986 2014 1988
2014 1986 2015
1981 2015 1986
2015 1981 1985
2016 2017 2018
2019 2017 2016
2017 2019 2020
2016 2021 2019
2021 2016 2022
2021 2023 2019
2023 2021 2024
2016 2018 2025
2025 2022 2016
2022 2025 2026
2026 2027 2022
2027 2026 2028
2029 2024 2021
2022 2029 2021
2029 2022 2027
2024 2029 2030
2030 2031 2024
2031 2030 2032
2033 2031 2032
2034 2031 2033
2034 2035 2031
2035 2024 2031
2024 2035 2023
2034 2036 2035
2035 2036 2037
2037 2023 2035
2033 2032 2038
2032 2039 2038
2039 2032 2040
2040 2041 2039
2041 2040 2042
2041 2042 2043
2043 2042 2044
2044 2045 2043
2044 2042 2046
2043 2045 2047
2045 2048 2047
2048 2045 2049
2050 2049 2045
2044 2050 2045
2051 2050 2044
2050 2051 2052
2049 2050 2053
2054 2053 2050
2053 2055 2049
2055 2053 2056
2057 2049 2055
2049 2057 2048
2044 2058 2051
2046 2058 2044
2058 2052 2051
2050 2052 2059
2050 2059 2054
2056 2053 2060
2061 2058 2046
2058 2061 2062
2062 2063 2058
2058 2063 2052
2063 2062 2064
2065 2063 2064
2063 2065 2066
2066 2052 2063
2052 2067 2059
2052 2066 2067
2064 2028 2065
2028 2064 2027
2064 2029 2027
2029 2064 2062
2062 2030 2029
2030 2062 2061
2056 2060 2068
2061 2032 2030
2032 2061 2040
2061 2042 2040
2042 2061 2046
2056 2068 2069
2056 2069 2070
2070 2055 2056
2055 2070 2071
2072 2071 2070
2073 2072 2070
2071 2072 2074
2074 2075 2071
2075 2074 2076
2057 2071 2075
2071 2057 2055
2077 2076 2074
2078 2077 2074
2078 2074 2072
2079 2078 2072
2072 2080 2079
2078 2079 2081
2081 2079 2080
2077 2078 2082
2083 2077 2082
2078 2084 2082
2084 2078 2081
2085 2083 2082
2083 2085 2086
2087 2086 2085
2086 2087 2088
2081 2089 2084
2089 2087 2085
2082 2089 2085
2089 2082 2084
2089 2081 2090
2091 2090 2081
2081 2080 2091
2090 2091 2092
2091 2093 2092
2093 2091 2094
2080 2094 2091
2095 2088 2087
2095 2087 2096
2097 2096 2087
2090 2097 2089
2087 2089 2097
2096 2097 2098
2099 2098 2097
2092 2099 2090
2097 2090 2099
2098 2099 2100
2100 2101 2098
2101 2100 2102
2100 2103 2102
2104 2102 2103
2103 2105 2104
2102 2104 2106
2103 2100 2107
2099 2107 2100
2103 2108 2105
2107 2108 2103
2108 2107 2109
2110 2109 2107
2107 2099 2110
2109 2110 2111
2112 2106 2104
2106 2112 2113
2113 2114 2106
2114 2102 2106
2102 2114 2101
2114 2113 2115
2104 2105 2116
2104 2116 2112
2092 2111 2110
2111 2092 2093
2099 2092 2110
2117 2114 2115
2114 2117 2118
2118 2101 2114
2101 2118 2119
2119 2118 2120
2121 2119 2120
2121 2096 2119
2121 2095 2096
2120 2118 2122
2122 2118 2117
2098 2119 2096
2119 2098 2101
2116 2105 2123
2105 2124 2123
2105 2125 2124
2105 2108 2125
1800 1799 2126
2126 1803 1800
1803 2126 1806
1880 1866 1865
2127 2128 2020
2128 2127 2129
2130 2020 2128
2020 2130 2017
2019 2127 2020
2127 2019 2023
2127 2131 2129
2131 2127 2037
2023 2037 2127
2132 2131 2037
2036 2132 2037
2017 2130 2133
2017 2133 2018
2133 2134 2018
2018 2134 2135
2018 2135 2136
2018 2136 2025
2053 2137 2060
2137 2053 2054
2138 2139 2140
2139 2138 2141
2142 2141 2138
2141 2142 2143
2144 2140 2139
2140 2144 2145
2146 2145 2144
2145 2146 2147
2148 2147 2146
2147 2148 2149
2142 2150 2143
2150 2142 2151
2146 2152 2148
2152 2146 2153
2144 2153 2146
2152 2153 2154
2155 2154 2153
2153 2156 2155
2153 2144 2156
2139 2156 2144
2156 2139 2157
2156 2157 2158
2156 2158 2155
2158 2159 2155
2155 2159 2160
2154 2155 2160
2159 2158 2161
2158 2162 2161
2162 2158 2163
2163 2158 2157
2163 2164 2162
2164 2163 2165
2165 2166 2164
2166 2165 2167
2168 2167 2165
2163 2168 2165
2167 2168 2169
2168 2163 2170
2163 2157 2170
2141 2157 2139
2157 2141 2170
2143 2170 2141
2170 2143 2168
2143 2169 2168
2169 2143 2150
2167 2171 2166
2171 2167 2172
2169 2172 2167
2172 2173 2171
2173 2172 2174
2175 2174 2172
2172 2169 2175
2150 2175 2169
2174 2175 2176
2176 2177 2174
2177 2176 2178
2179 2177 2178
2177 2179 2180
2180 2181 2177
2181 2174 2177
2174 2181 2173
2181 2180 2182
2178 2183 2179
2183 2178 2184
2184 2185 2183
2185 2184 2186
2187 2186 2184
2187 2178 2176
2178 2187 2184
2186 2187 2188
2187 2189 2188
2189 2187 2190
2190 2176 2175
2176 2190 2187
2175 2150 2190
2151 2190 2150
2190 2151 2189
2191 2182 2180
2182 2191 2192
2193 2192 2191
2191 2194 2193
2195 2193 2194
2193 2195 2196
2195 2197 2196
2197 2195 2198
2197 2199 2196
2199 2197 2200
2197 2201 2200
2201 2197 2202
2202 2197 2203
2203 2197 2198
2202 2204 2201
2204 2202 2205
2202 2206 2205
2203 2206 2202
2205 2206 2207
2208 2205 2207
2208 2207 2209
2205 2210 2204
2205 2208 2210
2195 2211 2198
2211 2203 2198
2203 2211 2212
2212 2206 2203
2213 2212 2211
2214 2213 2211
2213 2214 2215
2216 2215 2214
2215 2216 2217
2212 2213 2218
2218 2219 2212
2206 2212 2219
2219 2207 2206
2219 2218 2220
2220 2221 2219
2207 2219 2221
2221 2209 2207
2221 2220 2222
2222 2223 2221
2209 2221 2223
2223 2222 2224
2214 2194 2216
2194 2214 2195
2211 2195 2214
2225 2217 2216
2217 2225 2226
2227 2216 2194
2216 2227 2225
2194 2191 2227
2180 2227 2191
2227 2180 2179
2179 2225 2227
2225 2179 2183
2183 2226 2225
2226 2183 2185
2228 2229 2230
2231 2229 2228
2229 2231 2232
2230 2229 2233
2229 2234 2233
2234 2229 2235
2229 2236 2235
2236 2229 2237
2237 2229 2238
2239 2229 2232
2229 2240 2238
2229 2241 2240
2242 2229 2239
2243 2229 2242
2244 2229 2243
2229 2244 2241
2245 2246 2247
2245 2248 2246
2249 2245 2247
2249 2250 2245
2250 2249 2251
2245 2250 2252
2253 2251 2249
2251 2253 2254
2245 2252 2255
2248 2245 2255
2256 2255 2252
2248 2255 2257
2257 2255 2256
2253 2258 2254
2258 2253 2259
2260 2259 2253
2253 2249 2260
2260 2249 2261
2249 2247 2261
2262 2261 2247
2261 2262 2260
2263 2259 2260
2264 2259 2263
2260 2265 2263
2260 2262 2265
2266 2265 2262
2265 2266 2267
1875 2267 2266
2267 1875 1876
2268 2265 2267
1876 2268 2267
2265 2268 2269
2263 2265 2269
2268 1876 1879
2270 2259 2264
2270 2258 2259
2264 2271 2270
2271 2264 2272
2273 1875 2266
1875 2273 1886
2274 2266 2262
2266 2274 2275
2273 2266 2275
2272 2276 2271
2272 2277 2276
2277 2272 2278
2278 2279 2277
2277 2279 2280
2280 2279 2281
2282 2281 2279
2281 2282 2283
2282 2284 2283
2283 2284 2285
2286 2285 2284
2284 2287 2286
2288 2286 2287
2286 2288 2289
2287 2284 2290
2289 2291 2286
2291 2292 2286
2286 2292 2285
2293 2291 2289
2289 2294 2293
2289 2288 2294
2291 2293 2295
2284 2282 2296
2284 2296 2290
2297 2287 2290
2287 2297 2298
2298 2288 2287
2288 2299 2294
2299 2288 2300
2288 2298 2300
2290 2301 2297
2290 2296 2301
2294 2302 2293
2302 2294 2303
2304 2302 2303
2302 2304 2305
2306 2302 2305
2306 2293 2302
2306 2295 2293
2306 2305 2307
2257 2306 2307
2257 2307 2308
2248 2257 2308
2304 2303 2309
2306 2257 2256
2306 2256 2310
2306 2310 2295
2309 2303 2311
2303 2312 2311
2303 2294 2312
2312 2294 2299
2313 2314 2247
2262 2247 2314
2247 2246 2313
2274 2262 2314
2315 2316 2317
2316 2315 2318
2317 2319 2315
2319 2317 2320
2321 2320 2317
2320 2321 2322
2323 2322 2321
2321 2324 2323
2325 2323 2324
2323 2325 2326
2324 2321 2327
2317 2327 2321
2327 2317 2316
2326 2328 2323
2322 2323 2328
2328 2326 2329
2330 2315 2319
2315 2330 2331
2331 2318 2315
2318 2331 2332
2325 2333 2326
2333 2325 2334
2335 2333 2334
2333 2335 2336
2336 2337 2333
2337 2326 2333
2326 2337 2329
2337 2336 2338
2335 2339 2336
2339 2335 2340
2341 2339 2340
2339 2341 2342
2343 2342 2341
2342 2343 2344
2344 2345 2342
2345 2344 2346
2347 2342 2345
2342 2347 2339
2347 2336 2339
2336 2347 2338
2348 2344 2343
2344 2348 2349
2349 2346 2344
2346 2349 2350
2351 2350 2349
2350 2351 2352
2351 2353 2352
2353 2351 2354
2351 2355 2354
2355 2351 2356
2349 2356 2351
2356 2349 2348
2355 2357 2354
2357 2355 2358
2359 2354 2357
2354 2359 2353
2358 2360 2357
2360 2358 2361
2361 2362 2360
2362 2361 2363
2364 2360 2362
2360 2364 2365
2365 2357 2360
2357 2365 2359
2363 2366 2362
2366 2363 2367
2367 2368 2366
2368 2367 2369
2369 2370 2368
2370 2369 2371
2368 2372 2366
2362 2372 2364
2372 2362 2366
2372 2368 2373
2370 2373 2368
2373 2370 2374
2371 2375 2370
2375 2371 2376
2376 2377 2375
2377 2376 2378
2378 2379 2377
2379 2378 2380
2380 2381 2379
2381 2380 2382
2382 2383 2381
2383 2382 2384
2384 2385 2383
2385 2384 2386
2386 2387 2385
2387 2386 2388
2388 2389 2387
2389 2388 2390
2390 2391 2389
2391 2390 2392
2004 2391 2392
2391 2004 2005
2006 2391 2005
2391 2006 2393
2393 2389 2391
2389 2393 2394
2395 2389 2394
2389 2395 2387
2395 2385 2387
2385 2395 2396
2396 2383 2385
2383 2396 2397
2397 2381 2383
2381 2397 2398
2398 2379 2381
2379 2398 2399
2399 2377 2379
2377 2399 2400
2400 2375 2377
2375 2400 2401
2401 2370 2375
2370 2401 2374
2072 2402 2080
2072 2073 2402
2080 2402 2403
2094 2080 2403
2404 2073 2070
2070 2069 2404
2192 2193 2405
2196 2405 2193
2405 2196 2199
