byte offset: 0
first index: 0
index count: 2436
topology: trianglelist
format: DXGI_FORMAT_R16_UINT

0 1 2
3 0 2
0 3 4
5 4 3
4 5 6
7 6 5
6 7 8
9 8 7
8 9 10
11 10 9
4 12 0
0 13 1
13 0 12
12 14 13
15 13 14
13 15 16
16 1 13
17 16 15
16 17 18
19 18 17
19 17 20
18 19 21
19 22 21
19 23 22
23 19 20
24 23 20
25 23 24
23 25 26
26 22 23
27 26 25
26 27 28
29 28 27
29 27 30
28 29 31
29 32 31
29 33 32
33 29 30
34 33 30
35 33 34
33 35 36
36 32 33
37 36 35
36 37 38
39 38 37
38 39 40
37 41 39
39 42 40
39 43 42
43 39 41
41 44 43
45 43 44
43 45 46
46 42 43
47 46 45
46 47 48
49 48 47
48 49 50
49 51 50
42 46 52
48 52 46
52 48 53
50 53 48
40 54 38
55 38 54
38 55 36
32 36 55
56 11 57
9 57 11
57 9 58
7 58 9
58 7 59
5 59 7
59 5 60
3 60 5
60 3 61
2 61 3
22 26 62
28 62 26
62 28 63
31 63 28
1 16 64
18 64 16
64 18 65
21 65 18
66 67 68
67 66 69
70 69 66
69 70 71
72 71 70
71 72 73
72 74 73
74 72 75
76 77 78
77 76 79
77 80 78
80 77 81
76 82 79
82 76 83
84 82 83
82 84 85
84 86 85
86 84 87
88 80 81
80 88 89
88 90 89
90 88 91
92 90 91
90 92 93
94 95 96
95 94 97
98 97 94
97 98 99
100 99 98
99 100 101
100 102 101
102 100 103
104 105 106
105 104 107
108 104 106
104 108 109
110 105 107
105 110 111
110 112 111
112 110 113
114 112 113
112 114 115
108 116 109
116 108 117
118 116 117
116 118 119
118 120 119
120 118 121
122 123 124
123 122 125
126 127 128
127 126 129
130 131 132
131 130 133
134 132 131
132 134 135
136 135 134
135 136 137
138 137 136
137 138 139
140 141 142
141 140 143
144 142 141
142 144 145
146 145 144
145 146 147
148 147 146
147 148 149
150 151 152
151 150 153
150 154 153
154 150 155
156 157 158
157 159 158
159 160 158
161 156 158
162 161 158
163 162 158
164 163 158
165 164 158
166 167 168
167 166 169
167 170 168
170 167 171
171 172 170
172 171 173
174 175 176
174 176 177
174 177 178
174 178 179
174 179 180
174 180 181
182 174 181
182 183 174
184 185 186
185 184 187
184 188 187
188 184 189
190 188 189
188 190 191
192 193 194
193 192 195
192 196 195
196 192 197
198 199 200
199 198 201
202 203 204
203 202 205
206 202 204
202 206 207
208 209 210
209 208 211
212 213 214
213 212 215
216 217 218
217 216 219
220 221 222
221 220 223
224 225 226
225 224 227
228 229 230
229 228 231
232 233 234
233 232 235
236 237 238
237 236 239
240 241 242
241 240 243
244 245 246
245 244 247
248 249 250
249 248 251
252 253 254
253 252 255
256 257 258
257 256 259
260 261 262
261 260 263
262 264 260
264 262 265
265 266 264
266 265 267
263 268 261
268 263 269
270 271 272
271 270 273
272 274 270
274 272 275
275 276 274
276 275 277
277 278 276
278 277 279
280 281 282
283 281 280
284 281 283
282 281 285
286 280 282
280 286 287
287 283 280
283 287 288
288 284 283
284 288 289
282 290 286
290 282 285
291 281 292
293 281 291
294 281 293
295 281 294
296 291 292
291 296 297
297 293 291
293 297 298
298 294 293
294 298 299
299 295 294
295 299 300
301 302 303
302 301 304
303 305 301
305 303 306
306 307 305
307 306 308
304 309 302
309 304 310
311 312 313
312 311 314
313 315 311
315 313 316
316 317 315
317 316 318
318 319 317
319 318 320
321 322 323
321 324 322
324 321 325
325 326 324
326 325 327
327 328 326
328 327 329
329 330 328
330 329 331
332 330 331
325 321 333
334 321 323
321 334 333
333 334 335
334 336 335
336 334 337
323 337 334
337 338 336
338 337 339
339 340 338
340 341 338
340 339 342
340 342 343
340 344 341
344 340 343
345 341 344
344 346 345
346 344 347
343 347 344
347 348 346
348 347 349
349 350 348
350 351 348
350 349 352
350 352 353
350 354 351
354 350 353
355 351 354
354 356 355
356 354 357
353 357 354
357 358 356
358 357 359
359 360 358
360 359 361
358 360 362
360 361 363
364 360 363
360 364 362
362 364 365
364 366 365
366 364 367
363 367 364
367 368 366
368 367 369
369 370 368
370 369 371
370 371 372
367 363 373
373 369 367
369 373 374
371 369 374
361 359 375
359 376 375
376 359 357
357 353 376
377 378 332
378 330 332
330 378 379
379 328 330
328 379 380
380 326 328
326 380 381
381 324 326
324 381 382
322 324 382
347 343 383
383 349 347
349 383 384
352 349 384
337 323 385
385 339 337
339 385 386
342 339 386
387 388 389
388 387 390
387 389 391
389 392 391
392 389 393
393 394 392
395 396 397
396 395 398
399 397 396
400 397 399
397 400 401
400 402 401
403 404 405
404 403 406
407 405 404
405 407 408
409 408 407
408 409 410
403 411 406
411 403 412
413 414 415
414 413 416
417 418 419
418 417 420
421 422 423
422 421 424
423 425 421
425 423 426
427 425 426
425 427 428
429 428 427
428 429 430
431 432 433
434 433 432
435 434 432
436 435 432
437 436 432
438 437 432
439 438 432
440 439 432
441 440 432
432 442 441
443 444 445
443 446 444
447 444 446
447 448 444
447 446 449
449 450 447
450 451 447
451 452 447
452 453 447
453 454 447
454 455 447
455 456 447
456 457 447
447 457 448
443 445 458
458 459 443
459 460 443
460 461 443
461 462 443
462 463 443
463 464 443
464 465 443
465 466 443
443 466 446
467 468 469
468 467 470
471 469 468
469 471 472
473 472 471
472 473 474
467 475 470
475 467 476
477 478 479
478 477 480
481 482 483
482 481 484
485 486 487
486 485 488
487 489 485
489 487 490
491 489 490
489 491 492
493 492 491
492 493 494
495 496 497
498 497 496
499 498 496
500 499 496
501 500 496
502 501 496
503 502 496
504 503 496
505 504 496
496 506 505
507 508 509
508 507 510
511 509 508
509 511 512
513 512 511
512 513 514
507 515 510
515 507 516
517 518 519
518 517 520
521 522 523
522 521 524
525 526 527
526 525 528
527 529 525
529 527 530
531 529 530
529 531 532
533 532 531
532 533 534
535 536 537
538 535 537
536 539 537
539 540 537
540 541 537
541 542 537
542 543 537
543 544 537
544 545 537
545 546 537
546 547 537
548 537 547
549 535 550
551 549 550
552 551 550
553 552 550
554 553 550
555 554 550
556 555 550
557 556 550
558 557 550
559 558 550
550 560 559
535 561 550
562 535 563
535 564 563
565 535 566
535 567 566
568 535 569
535 570 569
571 572 444
573 572 571
574 573 571
575 574 571
576 575 571
577 576 571
578 577 571
579 578 571
580 579 571
581 580 571
571 582 581
571 444 582
583 444 572
572 584 583
584 585 583
585 586 583
586 587 583
587 588 583
588 589 583
589 590 583
590 591 583
591 592 583
583 592 593
583 593 444
594 595 444
594 596 595
597 596 594
598 597 594
599 598 594
600 599 594
601 600 594
602 601 594
603 602 594
604 603 594
594 605 604
594 444 605
606 607 608
607 606 609
610 608 607
608 610 611
612 611 610
611 612 613
614 613 612
613 614 615
616 617 618
617 616 619
620 621 622
621 620 623
624 625 626
625 624 627
626 628 624
628 626 629
630 628 629
628 630 631
632 631 630
631 632 633
634 635 636
635 634 637
638 636 635
636 638 639
640 639 638
639 640 641
634 642 637
642 634 643
644 645 646
645 644 647
648 649 650
649 648 651
652 653 654
653 652 655
654 656 652
656 654 657
658 656 657
656 658 659
660 659 658
659 660 661
662 663 664
665 662 664
666 665 664
667 666 664
668 667 664
669 668 664
670 669 664
671 670 664
664 672 671
673 664 663
674 675 676
675 674 677
676 678 674
678 676 679
679 680 678
680 679 681
682 675 677
675 682 683
684 685 686
685 684 687
688 689 690
689 688 691
692 693 694
693 692 695
696 695 692
695 696 697
696 698 697
698 696 699
699 700 698
700 699 701
702 703 704
705 704 703
706 704 705
707 704 706
708 704 707
709 704 708
710 704 709
711 704 710
712 704 711
704 712 713
714 715 716
714 716 717
718 717 716
718 716 719
718 720 717
720 718 721
721 718 722
722 718 723
723 718 724
724 718 725
725 718 726
726 718 727
727 718 728
718 719 728
714 729 715
729 714 730
730 714 731
731 714 732
732 714 733
733 714 734
734 714 735
735 714 736
736 714 737
714 717 737
738 739 740
739 738 741
740 742 738
742 740 743
743 744 742
744 743 745
746 739 741
739 746 747
748 749 750
749 748 751
752 753 754
753 752 755
756 757 758
757 756 759
760 759 756
759 760 761
760 762 761
762 760 763
763 764 762
764 763 765
766 767 768
769 768 767
770 768 769
771 768 770
772 768 771
773 768 772
774 768 773
775 768 774
776 768 775
768 776 777
778 779 780
779 778 781
780 782 778
782 780 783
783 784 782
784 783 785
786 779 781
779 786 787
788 789 790
789 788 791
792 793 794
793 792 795
796 797 798
797 796 799
800 799 796
799 800 801
800 802 801
802 800 803
803 804 802
804 803 805
806 807 808
809 807 806
808 807 810
810 807 811
811 807 812
812 807 813
813 807 814
814 807 815
815 807 816
816 807 817
817 807 818
819 818 807
820 821 806
822 821 820
823 821 822
824 821 823
825 821 824
826 821 825
827 821 826
828 821 827
829 821 828
830 821 829
821 830 831
806 821 832
833 834 806
806 834 835
836 837 806
806 837 838
839 840 806
806 840 841
842 716 843
844 842 843
845 842 844
846 842 845
847 842 846
848 842 847
849 842 848
850 842 849
851 842 850
852 842 851
842 852 853
842 853 716
854 843 716
843 854 855
855 854 856
856 854 857
857 854 858
858 854 859
859 854 860
860 854 861
861 854 862
862 854 863
854 864 863
854 716 864
865 716 866
865 866 867
868 865 867
869 865 868
870 865 869
871 865 870
872 865 871
873 865 872
874 865 873
875 865 874
865 875 876
865 876 716
877 878 879
878 877 880
879 881 877
881 879 882
882 883 881
883 882 884
884 885 883
885 884 886
887 888 889
888 887 890
891 892 893
892 891 894
895 896 897
896 895 898
899 898 895
898 899 900
899 901 900
901 899 902
902 903 901
903 902 904
905 906 907
906 905 908
907 909 905
909 907 910
910 911 909
911 910 912
913 906 908
906 913 914
915 916 917
916 915 918
919 920 921
920 919 922
923 924 925
924 923 926
927 926 923
926 927 928
927 929 928
929 927 930
930 931 929
931 930 932
933 934 935
936 934 933
937 934 936
938 934 937
939 934 938
940 934 939
941 934 940
942 934 941
934 942 943
944 935 934
