byte offset: 0
first index: 0
index count: 2226
topology: trianglelist
format: DXGI_FORMAT_R16_UINT

0 1 2
3 1 0
1 3 4
5 4 3
4 5 6
7 6 5
6 7 8
9 8 7
8 9 10
11 10 9
10 11 12
13 12 11
12 13 14
14 13 15
16 17 18
16 19 17
19 20 17
17 20 21
22 17 21
22 23 17
23 24 17
17 24 25
26 17 25
26 27 17
27 28 17
29 17 28
29 30 17
30 31 17
31 32 17
17 32 18
33 34 35
33 36 34
36 33 37
33 38 37
39 38 33
39 33 35
39 40 38
40 39 41
42 38 40
38 42 37
43 39 35
39 43 44
44 41 39
41 44 45
46 44 43
44 46 47
47 45 44
45 47 48
49 47 46
47 49 50
50 48 47
48 50 51
52 50 49
50 52 51
42 40 53
54 55 56
55 57 56
57 55 58
54 59 55
58 60 57
60 58 61
61 62 60
62 61 63
55 64 58
64 55 59
63 65 62
65 63 66
58 67 61
67 58 64
65 66 68
61 69 63
69 61 67
63 70 66
70 63 69
70 71 66
72 71 70
66 71 73
73 74 66
66 74 68
75 76 77
75 78 76
78 75 79
77 76 80
77 80 81
79 82 78
82 79 83
84 82 83
82 84 85
76 86 80
86 76 78
80 87 81
87 80 86
88 85 84
85 88 89
90 78 82
78 90 86
86 91 87
91 86 90
92 89 88
93 82 85
82 93 90
90 94 91
94 90 93
95 89 92
92 96 95
96 97 95
98 85 89
85 98 93
93 99 94
99 93 98
89 95 100
89 100 98
98 101 99
101 98 100
102 103 104
103 105 104
105 103 106
106 107 105
107 108 105
108 107 109
107 106 110
111 109 107
110 111 107
109 111 112
111 110 113
114 112 111
113 114 111
112 114 115
114 113 116
117 115 114
114 116 117
105 118 104
108 118 105
118 119 104
119 120 104
119 121 120
121 122 120
102 104 120
123 124 125
124 123 126
127 125 124
125 127 128
128 129 125
129 128 130
131 126 123
131 132 126
126 132 133
124 126 133
124 134 127
134 124 133
130 128 135
136 128 127
128 136 135
137 130 135
130 137 138
129 130 138
139 127 134
127 139 136
140 134 133
141 140 133
141 133 132
134 140 142
142 139 134
139 142 143
135 136 144
136 139 144
137 135 144
139 143 144
145 143 142
143 145 146
143 146 144
147 142 140
142 147 145
140 148 147
148 140 149
149 140 141
146 150 144
146 145 151
151 150 146
152 145 147
145 152 151
150 151 153
147 148 154
152 147 154
155 151 152
155 153 151
152 154 156
155 152 156
148 157 154
156 154 158
157 158 154
148 149 159
148 159 160
160 157 148
161 160 159
159 162 161
161 162 163
160 161 164
165 164 161
161 166 165
161 163 166
164 165 167
168 167 165
165 166 168
166 169 168
170 169 166
166 171 170
166 163 171
163 172 171
171 172 131
173 171 131
171 173 174
174 170 171
170 174 175
175 176 170
169 170 176
176 175 177
176 177 178
176 179 169
179 176 180
178 180 176
169 179 181
168 169 181
178 182 180
182 178 183
184 180 182
184 181 179
184 179 180
181 184 185
186 182 183
182 187 184
187 182 186
185 188 181
189 181 188
188 185 190
184 187 191
190 185 191
185 184 191
188 192 189
192 167 189
167 168 189
189 168 181
167 192 193
192 188 194
190 194 188
187 186 195
191 187 195
186 196 195
186 183 196
183 197 196
197 198 196
196 198 195
198 197 199
197 200 199
194 190 201
190 191 202
202 191 195
201 190 202
203 202 195
203 201 202
201 203 204
205 201 204
205 194 201
206 194 205
193 207 167
193 208 207
209 207 208
207 209 210
164 207 210
207 164 167
209 157 210
157 160 210
160 164 210
209 158 157
211 158 209
211 212 158
211 213 212
212 156 158
193 214 208
214 193 215
193 192 215
192 206 215
206 192 194
216 37 217
216 36 37
216 217 218
219 220 221
220 219 222
221 220 223
221 223 224
224 223 225
226 225 223
227 226 223
228 227 223
228 229 227
229 228 230
227 229 231
231 226 227
232 229 230
229 232 233
233 231 229
234 233 232
233 234 235
235 236 233
231 233 236
236 237 231
237 225 226
226 231 237
237 236 238
236 235 239
239 238 236
238 239 240
225 237 241
238 241 237
240 239 242
234 243 235
243 234 244
241 238 245
245 238 240
246 245 240
247 246 240
240 242 247
246 247 248
249 241 245
241 249 250
251 250 249
250 251 252
249 253 251
254 251 253
251 254 255
255 252 251
256 255 254
255 256 257
257 219 255
252 255 219
221 252 219
219 257 222
253 249 258
258 259 253
259 258 260
252 224 250
224 252 221
225 250 224
250 225 241
260 261 259
253 262 254
253 259 262
246 260 258
258 245 246
245 258 249
260 246 248
263 261 260
261 263 264
264 265 261
263 260 266
266 260 248
266 248 267
248 268 267
247 268 248
247 269 268
270 269 247
269 270 271
270 272 271
270 273 272
274 273 270
242 274 270
247 242 270
273 274 275
275 276 273
277 273 276
273 277 278
277 279 278
279 277 280
281 280 277
276 281 277
280 281 282
282 283 280
283 282 284
284 285 283
285 284 286
287 286 284
286 287 288
289 286 288
287 290 288
291 288 290
288 291 292
289 288 292
290 287 293
291 290 294
290 293 294
284 295 287
295 284 282
293 287 295
293 296 294
295 296 293
296 295 297
282 297 295
296 298 294
298 299 294
299 300 294
301 300 299
300 301 302
296 303 298
303 296 297
304 299 298
299 304 301
304 298 303
305 302 301
297 306 303
306 297 281
297 282 281
281 276 306
304 307 301
305 301 307
307 308 305
308 307 309
307 304 310
303 310 304
310 303 306
310 309 307
309 310 311
311 306 276
306 311 310
312 309 311
276 275 311
275 312 311
313 308 309
313 309 312
314 313 312
312 315 314
316 315 312
275 316 312
275 274 316
316 274 317
317 315 316
274 242 317
317 242 318
242 239 318
317 319 243
319 235 243
320 239 235
317 243 321
244 321 243
321 244 322
183 323 197
197 323 200
183 178 323
178 324 323
324 178 177
324 325 323
325 200 323
324 177 175
326 324 175
327 326 175
174 327 175
327 328 326
328 327 329
324 326 330
330 326 328
325 324 330
331 330 328
327 332 329
327 174 332
174 173 332
333 329 332
333 332 173
334 329 333
335 329 334
336 335 334
336 337 335
336 334 338
334 333 339
334 339 338
123 333 173
333 123 339
131 123 173
340 338 339
129 340 339
129 339 125
339 123 125
340 129 138
341 342 343
342 341 344
345 344 341
346 342 344
345 347 344
346 344 347
343 348 341
348 343 349
349 350 348
351 348 350
348 351 352
348 352 353
353 345 341
348 353 341
353 354 345
345 354 355
356 345 355
345 356 347
356 355 357
349 358 350
358 359 350
358 360 359
350 359 361
350 361 351
360 362 359
360 363 362
359 362 364
359 364 361
363 365 362
362 365 364
363 366 365
365 366 367
367 366 368
369 367 368
365 370 364
371 365 367
371 367 369
371 370 365
372 373 374
375 373 372
376 375 372
377 376 372
378 376 377
376 378 379
379 380 376
380 375 376
380 379 381
382 380 381
380 382 383
375 380 384
383 384 380
384 383 385
386 381 379
381 386 387
381 387 382
388 387 386
386 389 388
379 389 386
389 379 378
387 390 382
390 387 388
389 391 388
392 388 391
390 388 392
393 390 392
394 392 391
395 392 394
396 392 395
396 395 397
398 395 394
399 395 398
395 399 400
395 400 397
401 397 400
401 400 402
403 401 402
400 404 402
403 402 404
400 399 404
396 405 392
405 393 392
149 141 159
286 406 285
406 286 289
406 407 285
407 408 285
408 283 285
409 408 407
408 409 410
408 410 411
412 408 411
408 412 283
412 280 283
280 412 279
413 279 412
412 411 413
279 413 261
261 265 279
414 279 265
278 279 414
278 414 415
278 415 416
278 416 273
273 416 272
261 413 259
417 259 413
411 410 417
411 417 413
259 417 262
417 418 262
418 254 262
418 256 254
256 418 419
420 419 418
417 420 418
419 420 421
422 423 424
423 422 425
423 426 424
426 423 427
423 425 428
423 428 429
430 423 429
430 427 423
431 427 430
427 431 432
428 425 433
434 433 425
422 424 435
424 426 436
424 436 437
435 424 437
438 439 440
439 438 441
442 438 440
438 442 443
440 439 444
440 444 445
446 440 445
446 442 440
447 442 446
442 447 448
444 439 449
450 449 439
438 451 441
452 438 443
453 451 438
452 453 438
454 455 456
454 457 455
458 455 457
455 458 459
460 459 458
460 458 461
459 460 462
458 457 463
458 463 461
463 464 461
463 465 464
466 465 463
467 466 463
457 467 463
454 467 457
466 468 465
462 460 469
462 469 470
470 469 471
460 472 469
472 460 473
460 461 473
469 472 474
469 474 471
471 474 475
470 471 476
476 471 477
471 475 477
477 475 478
479 477 478
476 477 479
479 478 480
480 478 481
482 480 481
483 482 481
484 481 478
484 483 481
484 478 485
475 485 478
486 487 488
489 487 486
490 489 486
490 486 491
486 488 491
487 489 492
493 492 489
493 489 490
492 493 494
495 493 490
496 488 487
492 496 487
488 496 497
498 497 496
496 499 498
499 496 500
496 492 500
494 500 492
501 499 500
497 498 502
503 501 500
500 494 503
501 504 499
501 505 504
495 490 506
507 495 506
507 506 508
509 508 506
510 507 508
508 511 510
511 508 512
513 512 508
509 513 508
514 512 513
514 515 512
516 515 514
512 515 517
516 517 515
512 517 511
518 509 506
519 518 506
519 506 491
506 490 491
520 521 522
522 523 520
523 522 524
524 525 523
525 524 526
526 527 525
527 526 528
528 529 527
529 528 530
530 531 529
531 530 532
532 533 531
533 532 534
534 535 533
536 537 538
537 536 539
537 540 538
540 537 541
542 541 537
537 539 543
544 537 543
544 545 537
545 546 537
537 546 547
548 537 547
548 549 537
549 550 537
537 550 551
552 537 551
552 542 537
346 553 342
