byte offset: 0
first index: 0
index count: 4836
topology: trianglelist
format: DXGI_FORMAT_R16_UINT

0 1 2
2 1 3
2 3 4
2 4 5
6 1 0
1 6 7
7 3 1
3 7 8
9 3 8
3 9 4
10 4 9
4 10 5
11 7 6
7 11 12
12 8 7
8 12 13
14 8 13
8 14 9
15 9 14
9 15 10
16 12 11
12 16 17
17 13 12
13 17 18
19 13 18
13 19 14
20 14 19
14 20 15
21 17 16
17 21 22
22 18 17
18 22 23
24 18 23
18 24 19
25 19 24
19 25 20
26 22 21
22 26 27
27 23 22
23 27 28
29 23 28
23 29 24
30 24 29
24 30 25
31 27 26
27 31 32
32 28 27
28 32 33
34 28 33
28 34 29
35 29 34
29 35 30
36 32 31
32 36 37
37 33 32
33 37 38
39 33 38
33 39 34
40 34 39
34 40 35
41 37 36
37 41 42
42 38 37
38 42 43
44 38 43
38 44 39
45 39 44
39 45 40
46 42 41
42 46 47
47 43 42
43 47 48
49 43 48
43 49 44
50 44 49
44 50 45
51 47 46
47 51 52
52 48 47
48 52 53
54 48 53
48 54 49
55 49 54
49 55 50
56 52 51
52 56 57
57 53 52
53 57 58
59 53 58
53 59 54
60 54 59
54 60 55
61 57 56
57 61 62
62 58 57
58 62 63
64 58 63
58 64 59
65 59 64
59 65 60
66 62 61
62 66 67
62 67 68
62 68 63
69 63 68
63 69 64
70 64 69
64 70 65
71 67 66
67 71 72
72 68 67
68 72 73
74 68 73
68 74 69
75 69 74
69 75 70
76 72 71
72 76 77
77 73 72
73 77 78
79 73 78
73 79 74
80 74 79
74 80 75
81 77 76
77 81 82
77 83 78
77 82 83
84 78 83
78 84 79
85 79 84
79 85 80
86 82 81
82 86 87
82 87 88
82 88 83
89 83 88
83 89 84
90 84 89
84 90 85
91 92 93
92 91 94
91 93 95
96 93 92
93 96 97
98 95 93
93 97 98
99 95 98
95 99 100
100 101 95
91 95 101
101 100 102
103 102 100
102 103 104
105 100 99
100 105 103
106 97 96
97 106 107
107 98 97
98 107 108
109 98 108
98 109 99
110 99 109
99 110 105
111 107 106
107 111 112
112 108 107
108 112 113
114 108 113
108 114 109
115 109 114
109 115 110
116 112 111
112 116 117
117 113 112
113 117 118
119 113 118
113 119 114
120 114 119
114 120 115
121 117 116
117 121 122
117 123 118
117 122 123
124 118 123
118 124 119
125 119 124
119 125 120
126 122 121
122 126 127
127 123 122
123 127 128
129 123 128
123 129 124
130 124 129
124 130 125
131 127 126
127 131 132
127 132 133
127 133 128
134 128 133
128 134 129
135 129 134
129 135 130
136 132 131
132 136 137
137 133 132
133 137 138
139 133 138
133 139 134
140 134 139
134 140 135
141 137 136
137 141 142
142 138 137
138 142 143
144 138 143
138 144 139
145 139 144
139 145 140
146 142 141
142 146 147
142 148 143
142 147 148
149 143 148
143 149 144
150 144 149
144 150 145
151 147 146
147 151 152
152 148 147
148 152 153
154 148 153
148 154 149
155 149 154
149 155 150
156 152 151
152 156 157
157 153 152
153 157 158
159 153 158
153 159 154
160 154 159
154 160 155
161 157 156
157 161 162
162 158 157
158 162 163
164 158 163
158 164 159
165 159 164
159 165 160
166 162 161
162 166 167
167 163 162
163 167 168
169 163 168
163 169 164
170 164 169
164 170 165
171 167 166
167 171 172
172 168 167
168 172 173
174 168 173
168 174 169
175 169 174
169 175 170
176 172 171
172 176 177
177 173 172
173 177 178
179 173 178
173 179 174
180 174 179
174 180 175
181 177 176
177 181 182
182 178 177
178 182 183
184 178 183
178 184 179
185 179 184
179 185 180
186 182 181
182 186 187
187 183 182
183 187 188
189 183 188
183 189 184
190 184 189
184 190 185
191 187 186
187 191 192
192 188 187
188 192 193
188 194 189
194 188 193
195 189 194
189 195 190
196 192 191
192 196 197
197 193 192
193 197 198
193 199 194
199 193 198
200 194 199
194 200 195
201 197 196
197 201 202
202 198 197
198 202 203
198 204 199
204 198 203
199 205 200
205 199 204
206 202 201
202 206 207
207 203 202
203 207 208
209 203 208
203 209 204
204 210 205
210 204 209
211 212 213
212 211 214
215 214 211
214 215 216
217 216 215
216 217 218
219 218 217
218 219 220
219 221 220
221 219 222
222 223 221
223 222 224
225 213 212
213 225 226
227 226 225
226 227 228
229 223 224
223 229 230
231 230 229
230 231 232
233 228 227
228 233 234
235 234 233
234 235 236
231 237 232
237 231 238
238 239 237
239 238 240
241 236 235
236 241 242
243 242 241
242 243 244
240 245 239
245 240 246
246 247 245
247 246 248
249 244 243
244 249 250
251 250 249
250 251 252
248 253 247
253 248 254
254 255 253
255 254 256
257 252 251
252 257 258
259 258 257
258 259 260
256 261 255
261 256 262
262 263 261
263 262 264
265 260 259
260 265 266
267 266 265
266 267 268
264 269 263
269 264 270
270 271 269
271 270 272
273 268 267
268 273 274
275 274 273
274 275 276
272 277 271
277 272 278
278 279 277
279 278 280
281 276 275
276 281 282
283 282 281
282 283 284
280 285 279
285 280 286
286 287 285
287 286 288
289 284 283
284 289 290
291 290 289
290 291 292
288 293 287
293 288 294
294 295 293
295 294 296
297 292 291
292 297 298
299 298 297
298 299 300
296 301 295
301 296 302
302 303 301
303 302 304
305 303 304
303 305 306
300 306 305
306 300 299
307 308 309
309 310 307
311 310 309
309 312 311
313 312 309
309 314 313
313 314 315
314 316 315
314 317 316
317 314 318
318 319 317
319 318 320
318 321 320
321 318 322
322 323 321
322 324 323
325 324 322
325 322 326
327 325 326
328 327 326
329 328 326
329 330 328
330 329 331
329 332 331
333 332 329
334 333 329
334 335 333
335 334 336
336 334 337
337 338 336
338 337 339
337 340 339
340 337 341
340 341 342
341 343 342
344 343 341
345 344 341
345 341 346
347 345 346
348 347 346
349 348 346
346 350 349
351 349 350
350 352 351
350 353 352
353 354 352
355 354 353
356 355 353
353 357 356
353 358 357
358 359 357
359 358 360
358 361 360
361 362 360
361 363 362
364 363 361
361 365 364
366 364 365
367 366 365
368 367 365
365 308 368
369 368 308
370 369 308
307 370 308
371 372 373
372 371 374
375 374 371
374 375 376
375 377 376
377 375 378
378 379 377
379 378 380
381 379 380
379 381 382
383 382 381
382 383 384
383 385 384
385 383 386
386 387 385
387 386 388
387 389 385
389 387 390
390 391 389
392 389 391
389 392 393
393 385 389
385 393 384
394 393 392
393 394 395
395 384 393
384 395 382
396 395 394
395 396 397
397 382 395
391 390 398
394 399 396
399 394 400
392 400 394
400 392 401
391 401 392
401 391 402
398 402 391
402 398 403
399 400 404
400 401 405
401 402 406
402 403 407
408 397 396
397 408 409
410 409 408
409 410 411
412 411 410
411 412 413
412 414 413
414 412 415
416 415 412
410 416 412
415 416 417
416 410 418
408 418 410
418 408 419
417 416 420
416 418 421
418 419 422
396 419 408
419 396 399
419 399 423
420 424 417
425 420 416
421 425 416
418 426 421
422 426 418
419 427 422
423 427 419
428 423 399
404 428 399
400 429 404
405 429 400
401 430 405
406 430 401
402 431 406
407 431 402
432 407 403
433 434 435
435 434 436
436 437 435
436 438 437
437 439 435
437 440 439
441 439 440
439 441 442
439 442 435
440 443 441
440 437 444
445 440 444
445 443 440
445 444 446
447 446 444
448 447 444
449 442 441
435 442 449
441 443 450
450 449 441
445 450 443
450 451 449
451 450 452
445 452 450
453 452 445
445 454 453
451 452 455
456 455 452
455 457 451
457 458 451
451 458 459
460 451 459
451 460 461
435 451 461
451 435 449
461 462 435
435 462 463
464 435 463
464 433 435
465 456 452
465 452 466
452 467 466
467 452 453
437 468 469
469 444 437
437 470 468
471 470 437
438 471 437
444 469 472
473 444 472
473 448 444
474 475 445
445 475 476
477 474 445
446 477 445
454 445 476
478 479 480
478 481 479
479 481 482
483 479 482
480 484 478
485 484 480
486 485 480
487 486 480
487 480 488
488 489 487
482 490 483
483 490 491
492 483 491
492 493 483
483 493 494
493 495 494
494 495 496
494 496 497
496 498 497
499 489 488
499 488 500
500 501 499
502 501 500
497 498 503
504 497 503
505 502 500
506 505 500
506 500 507
497 504 508
497 508 509
508 510 509
509 510 511
509 511 512
507 513 506
511 514 512
515 513 507
515 507 516
516 517 515
518 517 516
512 514 519
520 512 519
512 520 521
512 521 522
523 522 521
522 523 524
522 524 525
526 525 524
525 526 527
528 525 527
529 518 516
530 529 516
530 516 531
532 530 531
533 532 531
533 531 534
535 533 534
536 535 534
537 536 534
538 537 534
538 534 539
539 540 538
541 540 539
539 525 541
525 528 541
542 543 544
543 545 544
544 546 542
544 547 546
548 544 545
549 544 548
544 550 547
544 549 550
551 552 553
554 552 551
554 555 552
555 554 556
557 555 556
555 557 558
557 559 558
559 560 558
560 561 558
560 562 561
562 563 561
563 564 561
563 565 564
565 566 564
566 567 564
567 566 568
569 567 568
567 569 570
571 570 569
572 570 571
572 573 570
574 573 572
553 573 574
552 573 553
575 576 577
576 575 578
578 579 576
579 578 580
581 579 580
579 581 582
583 582 581
582 583 584
583 585 584
585 583 586
586 587 585
587 586 588
589 587 588
587 589 590
591 590 589
590 591 592
578 593 580
593 578 594
595 593 594
596 595 594
595 596 597
593 595 598
598 599 593
599 598 600
600 601 599
601 600 602
597 603 595
603 598 595
603 597 604
598 603 605
605 600 598
600 605 606
606 602 600
602 606 607
608 603 604
609 605 603
610 606 605
611 607 606
602 612 601
612 602 613
607 613 602
613 614 612
614 613 615
615 616 614
616 615 617
617 618 616
618 617 619
620 615 613
613 607 620
615 620 621
621 617 615
617 621 622
622 619 617
619 622 623
624 621 620
625 622 621
626 623 622
627 623 626
626 622 628
622 625 628
621 629 625
621 624 629
620 630 624
620 631 630
631 620 607
607 632 631
607 611 632
606 633 611
606 610 633
605 634 610
605 609 634
603 635 609
608 635 603
604 636 608
637 638 639
639 640 637
640 641 637
642 641 640
641 642 643
641 643 644
641 645 637
641 644 645
644 646 645
644 647 646
643 647 644
648 637 645
637 648 638
648 645 649
646 649 645
646 650 649
649 650 648
650 651 648
648 651 652
652 638 648
646 653 650
654 653 646
647 654 646
655 650 653
651 650 655
655 656 651
656 652 651
657 656 655
658 657 655
658 655 659
653 659 655
658 660 657
660 658 661
658 659 662
659 653 663
654 663 653
659 663 662
656 664 652
664 656 665
656 657 665
665 657 666
657 660 666
661 658 667
658 662 667
668 660 661
660 668 666
668 661 669
661 667 669
668 670 666
669 671 668
672 673 674
673 675 674
675 676 674
677 674 676
678 674 677
679 674 678
674 679 680
674 680 672
681 682 683
684 681 683
683 685 684
683 686 685
683 687 686
683 688 687
689 688 683
683 682 689
642 690 643
642 640 691
692 693 694
692 694 695
694 696 695
696 694 697
694 698 697
695 696 699
699 700 695
695 700 701
692 695 701
700 699 702
703 697 698
697 703 704
704 696 697
696 704 705
705 699 696
699 705 706
706 702 699
702 706 707
708 704 703
704 708 709
709 705 704
705 709 710
710 706 705
706 710 711
711 707 706
707 711 712
713 709 708
709 713 714
714 710 709
710 714 715
715 711 710
711 715 716
716 712 711
712 716 717
713 718 714
718 713 719
720 714 718
714 720 715
721 715 720
715 721 716
722 716 721
716 722 717
719 723 718
723 719 724
725 718 723
718 725 720
726 720 725
720 726 721
727 721 726
721 727 722
728 723 724
723 728 729
729 725 723
725 729 730
730 726 725
726 730 731
731 727 726
727 731 732
733 729 728
729 733 734
734 730 729
730 734 735
735 731 730
731 735 736
736 732 731
732 736 737
733 738 734
738 735 734
738 733 739
735 738 740
740 736 735
736 740 741
741 737 736
737 741 742
743 738 739
738 743 740
739 744 743
744 745 743
746 741 740
740 743 746
747 741 746
747 742 741
743 748 746
748 743 749
743 745 749
750 748 749
745 750 749
745 751 750
750 752 748
744 753 745
745 753 754
745 755 751
755 745 754
753 744 756
756 757 753
758 757 756
757 758 759
758 760 759
760 758 761
761 762 760
762 761 763
764 762 763
762 764 765
766 765 764
765 766 767
766 768 767
768 766 769
769 770 768
770 769 771
771 772 770
772 771 773
693 772 773
693 774 772
774 770 772
774 693 775
692 775 693
775 776 774
777 776 775
775 778 777
692 778 775
776 777 779
770 774 780
776 780 774
780 768 770
780 776 781
779 781 776
781 779 782
781 783 780
768 780 783
783 781 784
782 784 781
784 782 785
783 767 768
767 783 786
784 786 783
786 784 787
785 787 784
787 785 788
789 767 786
767 789 765
790 786 787
786 790 789
791 787 788
787 791 790
792 765 789
765 792 762
793 789 790
789 793 792
794 790 791
790 794 793
792 760 762
760 792 795
793 795 792
795 793 796
794 796 793
796 794 797
795 759 760
759 795 798
796 798 795
798 796 799
797 799 796
799 797 800
798 757 759
757 798 801
799 801 798
801 799 802
800 802 799
802 800 803
757 801 753
804 801 802
801 804 753
805 804 802
805 802 803
753 804 806
753 806 754
806 755 754
755 806 807
701 808 692
778 692 808
809 810 811
809 812 810
811 810 813
811 813 814
815 814 813
814 815 816
813 817 815
817 813 818
810 818 813
810 819 818
820 816 815
817 820 815
816 820 821
820 817 822
823 821 820
822 823 820
821 823 824
823 822 825
826 824 823
824 826 827
828 823 825
823 828 826
829 827 826
827 829 830
831 826 828
826 831 829
828 832 831
832 828 833
825 833 828
829 834 830
834 829 835
831 835 829
835 831 836
836 831 832
835 837 834
837 835 838
835 836 838
838 839 837
839 838 840
841 839 840
841 842 839
840 843 841
840 844 843
841 843 845
845 843 846
836 832 847
848 847 832
848 849 847
848 850 849
850 848 851
852 851 848
851 852 853
852 854 853
854 852 855
855 856 854
856 855 857
857 858 856
858 857 859
859 860 858
860 859 861
862 861 859
861 862 819
863 859 857
859 863 862
864 857 855
857 864 863
852 864 855
864 852 833
865 860 861
810 865 861
810 861 819
812 865 810
862 818 819
818 862 817
863 817 862
817 863 822
864 822 863
822 864 825
833 825 864
812 809 866
867 866 809
809 868 867
809 869 868
869 870 868
869 871 870
871 872 870
872 871 873
874 870 872
870 874 875
868 870 875
868 875 876
873 877 872
877 874 872
877 873 878
874 877 879
878 880 877
880 879 877
880 878 881
879 880 882
881 883 880
883 881 884
885 880 883
880 885 882
884 886 883
886 884 887
888 883 886
883 888 885
889 885 888
885 889 890
890 882 885
891 886 887
886 891 892
892 888 886
888 892 893
893 889 888
894 892 891
892 894 895
892 895 893
842 895 894
895 842 896
896 842 841
841 897 896
896 897 898
841 845 897
845 899 897
893 900 889
901 889 900
901 890 889
901 900 902
903 901 902
901 903 904
904 905 901
905 904 906
907 905 906
905 907 908
909 908 907
908 909 910
911 910 909
910 911 912
913 912 911
912 913 914
914 915 912
915 914 876
912 916 910
916 912 915
910 917 908
917 910 916
917 905 908
905 917 890
918 914 913
868 914 918
868 876 914
867 868 918
875 915 876
915 875 874
874 916 915
916 874 879
879 917 916
917 879 882
882 890 917
890 901 905
850 919 849
919 850 920
919 920 921
849 919 922
919 923 922
923 919 921
923 921 924
921 925 924
922 847 849
836 847 926
927 836 926
928 927 926
927 928 840
840 838 927
838 836 927
840 928 844
929 930 846
845 846 930
845 930 931
845 931 932
845 932 899
933 899 932
848 833 852
833 848 832
934 935 936
935 937 936
938 937 935
935 939 938
939 935 940
934 940 935
934 941 940
939 940 942
943 942 940
941 943 940
944 939 942
945 934 936
943 946 942
942 946 947
944 942 947
944 948 939
948 949 939
949 938 939
949 950 938
950 951 938
951 937 938
949 952 950
952 953 950
954 945 936
955 956 957
958 955 957
955 958 959
957 960 958
958 960 961
961 962 958
961 963 962
963 964 962
965 962 964
962 965 966
962 966 958
967 966 965
966 967 968
968 958 966
968 959 958
969 959 968
967 969 968
969 967 970
970 971 969
971 970 972
972 973 971
973 972 974
975 971 973
969 971 975
974 976 973
976 974 977
977 978 976
978 977 979
980 976 978
976 980 981
975 973 981
973 976 981
982 981 980
956 975 981
981 982 956
956 982 983
984 956 983
956 984 957
960 957 984
956 955 975
955 959 975
975 959 969
985 979 977
977 986 985
986 977 974
974 987 986
987 974 972
972 988 987
988 972 970
970 989 988
989 970 967
990 989 967
967 965 990
964 990 965
990 964 991
992 991 964
964 963 992
991 992 993
979 985 994
903 995 996
995 903 902
995 997 996
902 998 995
995 998 999
999 997 995
999 1000 997
997 1000 1001
998 902 900
893 1002 900
1003 1002 893
1004 1002 1003
896 1004 1003
1003 895 896
895 1003 893
896 898 1004
1005 1006 1007
1007 1006 1008
1009 1007 1008
1010 1007 1009
1007 1010 1011
1005 1007 1011
1005 1011 1012
1010 1013 1011
1014 1011 1013
1012 1011 1014
1015 1013 1010
1016 1006 1005
1014 1013 1017
1013 1018 1017
1015 1018 1013
1015 1010 1019
1019 1010 1020
1020 1010 1009
1020 1009 1021
1021 1009 1022
1022 1009 1008
1020 1021 1023
1023 1021 1024
1025 1006 1016
1026 1027 1028
1029 1027 1026
1026 1030 1029
1027 1029 1031
1029 1032 1031
1032 1029 1033
1032 1033 1034
1035 1034 1033
1033 1036 1035
1036 1033 1037
1033 1029 1037
1037 1038 1036
1038 1037 1039
1039 1037 1029
1039 1029 1030
1040 1039 1030
1040 1038 1039
1038 1040 1041
1042 1041 1040
1041 1042 1043
1044 1043 1042
1043 1044 1045
1046 1044 1042
1040 1046 1042
1047 1045 1044
1045 1047 1048
1049 1048 1047
1048 1049 1050
1047 1051 1049
1051 1047 1052
1046 1052 1044
1044 1052 1047
1053 1051 1052
1028 1052 1046
1052 1028 1053
1028 1054 1053
1028 1055 1054
1055 1028 1027
1031 1055 1027
1028 1046 1026
1026 1046 1030
1046 1040 1030
1050 1056 1048
1057 1048 1056
1048 1057 1045
1058 1045 1057
1045 1058 1043
1059 1043 1058
1043 1059 1041
1060 1041 1059
1041 1060 1038
1061 1038 1060
1038 1061 1036
1061 1035 1036
1035 1061 1062
1062 1063 1035
1034 1035 1063
1063 1062 1064
1056 1050 1065
694 773 698
773 694 693
773 703 698
703 773 771
771 708 703
708 771 769
769 713 708
713 769 766
766 719 713
719 766 764
764 724 719
724 764 763
763 728 724
728 763 761
761 733 728
733 761 758
758 739 733
739 758 756
744 739 756
839 894 837
894 839 842
894 834 837
834 894 891
891 830 834
830 891 887
887 827 830
827 887 884
884 824 827
824 884 881
881 821 824
821 881 878
878 816 821
816 878 873
873 814 816
814 873 871
871 811 814
811 871 869
809 811 869
1066 1067 1068
1067 1066 1069
1069 1066 1070
1071 1069 1070
1070 1072 1071
1070 1073 1072
1070 1066 1074
1070 1074 1073
1073 1074 1075
1073 1075 1076
1072 1073 1076
1077 1074 1066
1066 1068 1077
1077 1078 1074
1075 1074 1078
1075 1078 1079
1078 1077 1079
1079 1077 1080
1077 1081 1080
1081 1077 1068
1075 1079 1082
1083 1075 1082
1076 1075 1083
1084 1082 1079
1080 1084 1079
1084 1080 1085
1085 1080 1081
1086 1084 1085
1087 1084 1086
1087 1088 1084
1082 1084 1088
1089 1087 1086
1087 1089 1090
1087 1091 1088
1088 1091 1092
1083 1082 1092
1088 1092 1082
1085 1081 1093
1093 1094 1085
1085 1094 1086
1094 1095 1086
1086 1095 1089
1090 1096 1087
1087 1096 1091
1097 1090 1089
1089 1095 1097
1097 1098 1090
1090 1098 1096
1097 1095 1099
1098 1097 1100
1101 1102 1103
1103 1102 1104
1104 1102 1105
1106 1105 1102
1107 1106 1102
1108 1107 1102
1102 1109 1108
1102 1101 1109
1110 1111 1112
1113 1111 1110
1111 1113 1114
1111 1114 1115
1111 1115 1116
1111 1116 1117
1118 1111 1117
1111 1118 1112
1071 1072 1119
1071 1120 1069
1121 1122 1123
1122 1121 1124
1123 1125 1121
1125 1123 1126
1127 1125 1126
1125 1127 1128
1129 1128 1127
1128 1129 1130
1129 1131 1130
1131 1129 1132
1132 1133 1131
1133 1132 1134
1134 1135 1133
1135 1134 1136
1137 1135 1136
1135 1137 1138
1139 1138 1137
1138 1139 1140
1139 1124 1140
1124 1139 1122
1131 1133 1141
1141 1140 1124
1141 1138 1140
1141 1135 1138
1141 1133 1135
1130 1131 1141
1128 1130 1141
1121 1141 1124
1121 1125 1141
1125 1128 1141
1142 1143 1144
1143 1142 1145
1142 1146 1145
1146 1142 1147
1147 1148 1146
1148 1147 1149
1149 1150 1148
1150 1149 1151
1152 1150 1151
1150 1152 1153
1154 1153 1152
1153 1154 1155
1154 1156 1155
1156 1154 1157
1157 1158 1156
1158 1157 1159
1159 1160 1158
1160 1159 1161
1144 1160 1161
1160 1144 1143
1162 1151 1149
1149 1163 1162
1151 1162 1164
1165 1151 1164
1151 1165 1152
1166 1152 1165
1152 1166 1154
1166 1157 1154
1157 1166 1167
1167 1159 1157
1159 1167 1168
1168 1161 1159
1161 1168 1169
1170 1161 1169
1161 1170 1144
1171 1144 1170
1144 1171 1142
1147 1171 1163
1171 1147 1142
1163 1149 1147
1170 1172 1171
1171 1172 1163
1164 1172 1165
1165 1172 1166
1166 1172 1167
1167 1172 1168
1168 1172 1169
1169 1172 1170
1163 1172 1162
1162 1172 1164
594 575 596
575 594 578
580 599 581
599 580 593
601 581 599
581 601 583
601 586 583
586 601 612
612 588 586
588 612 614
614 589 588
589 614 616
616 591 589
591 616 618
382 397 379
397 377 379
377 397 409
409 376 377
376 409 411
413 376 411
376 413 374
414 374 413
374 414 372
