byte offset: 0
first index: 0
index count: 3006
topology: trianglelist
format: DXGI_FORMAT_R16_UINT

0 1 2
3 2 1
3 1 4
3 4 5
3 5 6
6 5 7
8 6 7
3 9 2
10 3 6
10 6 8
11 8 7
12 11 7
13 12 7
2 9 14
2 14 15
15 0 2
15 16 0
3 17 9
3 10 17
18 12 13
19 8 11
19 10 8
9 20 14
9 17 20
21 11 12
19 11 21
12 18 22
21 12 22
10 23 17
10 19 23
24 22 18
17 25 20
17 23 25
23 19 26
22 24 27
19 21 28
19 28 26
22 29 21
21 29 28
27 24 30
25 23 31
26 31 23
22 27 32
22 32 29
33 27 30
27 33 34
34 32 27
31 26 35
36 26 28
35 26 36
32 34 37
29 38 28
36 28 38
38 29 39
32 39 29
39 32 37
40 34 33
34 40 41
41 37 34
38 42 36
37 41 43
43 39 37
39 43 44
44 38 39
38 44 45
45 42 38
36 46 35
47 46 36
48 42 45
35 49 31
31 49 50
50 25 31
51 25 50
20 25 51
52 51 50
52 53 51
51 53 54
20 51 54
53 55 54
14 20 54
55 56 54
56 14 54
55 57 56
15 14 56
57 58 56
58 15 56
57 59 58
60 58 59
61 60 59
60 61 62
60 16 58
16 15 58
63 16 60
63 60 62
64 63 62
64 65 63
65 66 63
63 66 16
66 0 16
67 65 64
67 68 65
68 69 65
65 69 66
70 66 69
66 70 0
0 70 1
71 1 70
71 4 1
71 5 4
71 72 5
72 7 5
73 7 72
71 70 74
70 69 74
75 72 71
75 73 72
76 7 73
77 7 76
13 7 77
71 74 78
71 78 75
18 13 77
79 76 73
79 73 75
80 77 76
79 80 76
74 81 78
74 69 81
77 82 18
80 82 77
75 78 83
75 83 79
24 18 82
78 81 84
78 84 83
83 85 79
82 86 24
79 87 80
79 85 87
82 80 88
80 87 88
86 89 24
84 90 83
85 83 90
82 91 86
82 88 91
86 92 89
92 86 93
91 93 86
90 94 85
95 87 85
94 95 85
93 91 96
97 88 87
95 97 87
88 97 98
91 98 96
98 91 88
93 99 92
99 93 100
96 100 93
97 95 101
100 96 102
98 102 96
102 98 103
97 103 98
103 97 104
104 97 101
95 94 105
106 95 105
107 104 101
94 90 108
90 109 108
109 90 84
109 84 110
111 109 110
111 110 112
68 112 110
81 68 110
81 110 84
68 67 112
68 81 69
113 114 115
113 116 114
113 117 116
118 115 114
115 118 119
120 116 117
114 116 121
114 121 118
122 121 116
122 116 120
118 121 123
123 121 122
118 123 124
118 124 125
119 118 125
124 126 125
124 123 127
124 128 126
124 127 128
127 129 128
129 127 130
130 127 123
123 122 130
120 117 131
132 120 131
133 129 130
122 120 134
122 135 130
134 135 122
130 135 133
134 120 136
132 131 137
138 129 133
139 129 138
139 140 129
140 141 129
141 142 129
129 142 143
128 129 143
144 128 143
144 143 142
144 145 128
140 146 141
140 147 146
147 148 146
144 142 149
150 144 149
151 144 150
151 145 144
146 148 152
152 148 153
150 149 154
146 155 141
152 155 146
141 156 142
154 149 157
142 156 157
149 142 157
141 155 156
157 158 154
157 156 158
154 158 159
159 158 160
161 159 160
161 160 162
152 163 155
163 156 155
164 162 160
165 162 164
156 166 158
163 166 156
165 164 167
165 167 168
168 167 169
168 169 170
169 171 170
169 172 171
171 172 173
172 169 174
172 174 175
172 175 176
169 167 177
169 177 174
163 178 166
164 179 167
167 179 177
178 180 166
180 158 166
180 160 158
164 160 180
180 179 164
181 180 178
181 179 180
181 178 182
183 182 178
184 183 178
183 184 185
183 185 186
186 187 183
188 187 186
189 188 186
186 190 189
191 189 190
192 188 189
188 192 193
194 193 192
194 195 193
194 196 195
196 194 197
188 198 187
198 188 193
183 187 199
200 190 186
200 201 190
153 201 200
202 153 200
202 203 153
153 204 201
148 204 153
176 198 193
196 176 195
195 176 193
176 196 172
197 205 196
205 173 196
173 172 196
182 183 199
206 207 208
207 209 208
209 207 210
210 211 209
211 210 212
206 213 207
207 214 210
214 207 213
210 215 212
215 210 214
216 217 218
216 218 219
217 216 220
221 216 219
216 221 222
216 222 223
216 223 224
220 216 224
222 139 223
139 138 223
138 224 223
139 222 225
140 139 225
140 225 226
222 226 225
226 222 221
140 226 147
147 226 227
227 228 147
229 147 228
230 147 229
147 230 231
231 230 232
233 228 227
227 234 233
227 226 234
233 131 228
137 131 233
221 234 226
219 234 221
234 219 233
219 137 233
137 219 218
132 137 218
217 132 218
132 217 136
136 120 132
217 134 136
134 217 220
220 135 134
224 135 220
135 224 133
224 138 133
235 236 237
236 235 238
238 239 236
239 238 240
238 241 240
235 242 238
238 242 241
242 235 243
242 244 241
242 243 244
239 245 236
236 245 246
246 237 236
245 239 247
243 248 244
249 248 243
243 235 249
235 250 249
246 250 237
235 237 250
246 251 250
250 252 249
252 253 249
248 249 253
254 250 251
254 252 250
255 252 254
256 252 255
256 253 252
257 258 259
258 257 260
261 260 257
260 261 262
262 261 263
264 262 263
262 264 265
263 266 264
265 264 267
264 266 267
267 268 265
269 268 267
269 267 266
268 269 270
268 270 271
268 271 272
268 272 265
272 273 265
260 262 273
265 273 262
272 274 273
274 272 275
275 272 271
276 273 274
273 276 260
275 271 277
277 271 278
271 270 278
279 277 278
280 281 282
281 280 283
283 284 281
284 283 285
284 285 170
280 286 283
286 280 287
283 288 285
288 283 286
288 170 285
289 170 290
289 290 291
290 292 291
168 170 289
168 289 293
165 168 293
291 294 289
291 295 294
291 296 295
297 296 291
292 297 291
292 298 297
292 299 298
296 297 300
301 296 300
165 293 302
165 302 162
302 303 162
161 162 303
161 303 304
304 303 305
306 304 305
307 306 305
306 307 308
309 306 308
309 308 310
151 309 310
310 308 311
308 307 311
310 311 312
307 305 313
307 313 311
314 311 313
314 315 311
312 311 315
316 312 315
310 312 316
310 316 145
151 310 145
317 316 315
315 318 317
319 316 317
319 317 320
318 320 317
321 319 320
125 319 321
321 320 322
323 321 322
321 323 115
115 323 324
324 323 325
323 322 325
324 325 326
115 119 321
119 125 321
327 326 325
328 325 322
320 328 322
328 327 325
320 318 328
319 125 126
319 126 316
327 329 326
330 329 327
328 331 327
331 332 327
332 330 327
330 333 329
331 328 334
328 318 334
318 335 334
335 318 315
336 335 315
337 336 315
337 315 338
338 315 314
338 314 339
338 339 340
340 339 341
339 342 341
342 343 341
339 314 344
342 339 344
314 313 344
342 344 345
345 344 313
346 342 345
345 313 347
345 348 346
345 347 348
348 347 349
349 347 305
305 347 313
349 305 303
302 349 303
349 302 350
302 293 350
293 351 350
289 351 293
289 294 351
352 348 349
352 349 350
352 353 348
354 348 353
348 354 346
354 355 346
354 356 355
356 354 357
358 356 357
359 356 358
356 359 360
361 360 359
362 359 358
358 357 363
363 301 358
301 362 358
354 364 357
353 364 354
365 356 360
365 360 366
343 365 366
367 365 343
367 343 368
343 366 369
341 343 369
370 362 301
370 301 300
297 370 300
370 297 298
301 363 296
371 372 373
374 371 373
373 372 375
374 373 376
377 374 376
377 376 378
379 377 378
376 373 380
373 375 380
379 378 381
378 376 382
376 380 382
375 383 380
381 378 384
384 378 382
380 385 382
380 383 385
382 385 386
386 384 382
371 387 372
374 387 371
377 388 374
374 388 387
379 389 377
377 389 388
388 390 387
387 390 391
387 391 372
379 392 389
389 393 388
388 393 390
391 390 394
390 393 395
390 395 394
393 396 395
396 393 397
393 389 397
397 389 392
398 397 392
398 392 379
398 379 399
400 398 399
401 379 402
400 401 402
379 381 402
402 381 384
403 404 405
405 404 406
403 407 404
408 407 403
404 407 409
406 404 409
408 410 407
409 407 410
411 410 408
412 409 410
413 410 411
409 412 414
413 415 410
416 415 413
416 417 415
412 418 414
418 417 419
418 419 420
414 418 420
417 421 415
421 417 418
410 415 421
412 421 418
412 410 421
422 420 419
414 420 422
422 419 423
409 414 424
424 414 422
409 424 425
424 426 425
426 422 423
424 422 426
423 427 426
426 427 425
428 427 423
428 429 427
429 425 427
429 430 425
430 431 425
431 432 425
431 433 432
433 434 432
433 405 434
405 406 434
409 432 434
406 409 434
432 409 425
184 163 152
163 184 178
435 436 437
438 439 440
441 439 438
442 439 441
442 443 439
444 443 442
445 443 444
439 443 446
440 439 446
446 443 447
447 443 445
447 445 448
445 449 448
449 450 448
451 449 445
452 445 444
451 445 452
453 449 451
454 450 449
449 455 454
455 449 453
454 456 450
456 454 457
458 454 455
455 453 458
459 457 454
453 460 458
460 461 458
461 462 458
458 462 463
454 463 459
454 458 463
464 462 461
464 461 465
461 466 465
467 464 465
466 468 465
468 469 465
469 467 465
470 466 461
460 470 461
468 471 469
471 472 469
472 473 469
473 467 469
474 475 476
475 477 476
475 478 477
478 475 479
479 480 478
480 479 481
475 482 479
482 475 474
483 479 482
481 479 483
481 483 484
485 480 481
486 485 481
486 481 487
481 484 487
484 488 487
484 489 488
488 489 490
488 490 491
488 492 487
492 486 487
492 488 493
493 488 491
491 490 494
492 493 495
493 491 495
495 491 496
491 494 496
495 496 497
498 495 497
498 499 495
495 499 492
500 499 498
501 499 500
492 499 501
500 498 502
500 502 503
504 500 503
503 505 504
502 506 503
507 505 503
506 507 503
505 507 508
507 509 508
510 509 507
507 506 510
511 500 504
501 500 511
512 513 514
512 515 513
514 516 512
517 515 512
512 518 517
512 519 518
512 520 519
516 520 512
337 518 519
337 519 336
520 336 519
518 337 521
338 521 337
338 522 521
522 518 521
518 522 517
338 340 522
340 523 522
523 340 524
525 524 340
526 525 340
340 527 526
527 528 526
529 523 524
523 529 530
523 530 522
529 524 329
333 529 329
517 522 530
530 515 517
515 530 529
333 515 529
515 333 513
330 513 333
330 514 513
514 330 332
331 514 332
514 331 516
516 331 334
334 520 516
520 334 335
336 520 335
531 532 533
532 531 534
535 533 532
533 535 536
533 536 537
531 533 538
533 537 538
538 539 531
538 537 540
538 540 539
541 535 532
532 542 541
542 532 534
535 541 543
539 540 544
544 545 539
539 545 531
531 545 546
542 534 546
531 546 534
542 546 547
546 545 548
548 545 549
545 544 549
550 547 546
550 546 548
551 550 548
552 551 548
552 548 549
553 554 555
554 553 556
555 557 553
557 555 558
558 559 557
560 559 558
558 561 560
559 560 562
561 563 560
560 563 562
563 561 564
564 565 563
565 562 563
565 564 566
564 567 566
564 568 567
564 561 568
568 561 569
555 569 558
561 558 569
570 568 569
568 570 571
571 567 568
569 572 570
572 569 555
571 573 567
573 574 567
567 574 566
575 574 573
576 577 578
579 580 581
581 580 582
582 580 583
584 582 583
584 583 585
584 585 586
585 583 587
588 585 587
589 585 588
589 586 585
587 590 588
588 590 591
589 588 591
587 592 590
593 590 592
592 594 593
592 595 594
590 593 596
591 590 596
597 582 584
586 597 584
597 581 582
598 594 595
595 599 598
600 601 602
601 603 602
603 604 602
605 604 603
605 606 604
605 607 606
606 608 604
609 608 606
610 609 606
610 606 607
608 609 611
609 612 611
610 612 609
608 611 613
614 613 611
613 614 615
613 615 616
611 617 614
612 617 611
618 605 603
607 605 618
618 603 601
619 616 615
616 619 620
621 622 623
622 621 624
625 624 621
624 625 626
627 626 625
626 627 628
629 628 627
628 629 630
631 623 622
623 631 632
631 633 632
633 631 634
634 635 633
635 634 636
636 637 635
637 636 638
638 639 637
639 638 640
640 641 639
641 640 642
627 643 629
644 632 633
632 644 645
646 632 645
632 646 623
647 623 646
623 647 621
648 621 647
621 648 625
649 625 648
625 649 627
643 627 649
650 639 641
639 650 651
640 652 642
633 653 644
653 633 635
635 654 653
637 651 654
654 635 637
651 637 639
652 624 626
628 652 626
630 652 628
624 652 622
622 652 631
631 652 634
652 636 634
636 652 638
638 652 640
655 656 657
656 655 658
658 659 656
659 658 660
660 661 659
661 660 662
662 663 661
663 662 664
665 663 664
663 665 666
667 666 665
666 667 668
669 668 667
668 669 670
671 670 669
670 671 672
673 672 671
672 673 674
675 662 660
660 676 675
662 675 677
677 664 662
664 677 678
664 679 665
679 664 678
671 680 673
680 671 681
669 681 671
681 669 682
667 682 669
682 667 683
683 665 679
665 683 667
672 684 670
674 684 672
670 684 668
684 666 668
666 684 663
663 684 661
661 684 659
684 656 659
656 684 657
657 684 685
686 657 685
657 686 655
687 655 686
655 687 688
688 658 655
658 688 676
676 660 658
145 126 128
316 126 145
689 113 115
689 115 324
