byte offset: 0
first index: 0
index count: 5808
topology: trianglelist
format: DXGI_FORMAT_R16_UINT

0 1 2
0 2 3
2 1 4
2 4 5
5 4 6
5 6 7
7 6 8
7 8 9
10 9 8
10 11 9
12 11 10
12 13 11
14 13 12
14 15 13
16 15 14
16 17 15
18 19 20
18 20 21
20 19 22
20 22 23
23 22 24
23 24 25
25 24 26
25 26 27
28 29 30
28 30 31
32 29 28
32 33 29
34 33 32
34 35 33
36 35 34
36 37 35
38 39 40
38 40 41
42 39 38
42 43 39
44 43 42
44 45 43
46 45 44
46 47 45
48 49 50
48 50 51
52 49 48
52 53 49
54 53 52
54 55 53
56 55 54
56 54 57
58 59 60
58 60 61
61 60 62
61 62 63
63 62 64
63 64 65
65 64 66
65 66 67
68 69 70
68 70 71
71 70 72
71 72 73
73 72 74
73 74 75
75 74 76
75 76 77
78 79 80
78 80 81
81 80 82
81 82 83
84 79 78
84 85 79
86 85 84
86 87 85
88 89 90
88 90 91
92 89 88
92 93 89
94 93 92
94 95 93
96 95 94
96 94 97
98 99 100
98 100 101
101 100 102
101 102 103
101 103 104
104 103 105
104 105 106
106 105 107
106 107 108
105 109 107
105 110 109
107 109 111
107 111 112
108 107 112
108 112 113
114 113 112
114 115 113
115 116 113
116 108 113
115 117 116
118 114 112
118 112 111
111 119 118
115 114 120
115 120 121
114 118 122
114 122 120
121 120 123
121 123 124
120 122 125
120 125 123
124 123 126
124 126 127
123 125 128
123 128 126
125 129 128
125 130 129
125 131 130
125 132 131
118 132 122
122 132 125
118 133 132
118 119 133
134 121 124
134 135 121
135 115 121
135 117 115
136 134 124
136 124 127
137 138 139
137 139 140
137 141 138
137 142 141
143 139 138
143 138 144
145 137 140
145 142 137
145 140 146
141 142 147
147 142 148
145 148 142
141 147 149
150 141 149
138 141 150
138 150 144
150 149 151
139 143 102
102 143 152
102 152 103
139 102 100
140 153 146
145 154 148
155 143 144
155 144 150
155 156 143
156 152 143
155 150 157
158 152 156
152 158 159
152 159 160
152 160 103
110 160 159
159 161 110
110 161 162
159 163 161
105 160 110
103 160 105
159 158 164
159 164 165
164 158 166
164 166 167
164 167 168
165 164 168
169 167 166
169 166 157
169 157 150
151 169 150
110 170 171
110 171 109
109 171 172
109 172 173
109 173 111
111 173 174
174 175 111
111 176 177
111 177 119
178 179 180
181 182 183
184 185 186
98 187 188
98 188 189
189 190 98
98 190 99
189 191 190
190 191 153
99 190 153
140 99 153
99 140 139
99 139 100
192 187 98
192 98 101
193 192 101
193 101 104
194 193 104
194 104 106
195 194 106
195 106 108
116 195 108
196 153 191
197 153 196
197 146 153
197 198 146
198 145 146
198 154 145
199 200 201
199 201 202
203 200 199
204 205 206
204 206 207
208 204 207
208 207 209
210 208 209
210 209 211
212 210 211
212 211 213
207 206 214
207 214 215
209 207 215
213 211 216
213 216 217
211 209 218
211 218 216
209 215 218
219 212 213
219 220 212
221 219 213
221 213 217
222 223 224
222 224 225
223 226 224
223 227 226
223 228 227
228 229 227
228 230 229
230 231 229
230 232 231
229 231 233
229 233 234
231 235 233
231 236 235
232 236 231
232 237 236
238 236 237
238 237 239
239 237 240
240 237 232
239 240 241
242 235 236
242 236 238
235 242 243
239 244 238
239 245 244
238 244 246
238 246 242
245 247 244
245 248 247
244 247 249
244 249 246
248 250 247
248 251 250
247 250 252
247 252 249
249 252 253
249 253 254
249 254 255
249 255 256
242 246 256
246 249 256
242 256 257
242 257 243
258 248 245
258 245 259
259 245 239
259 239 241
260 251 248
260 248 258
261 262 263
261 263 264
261 264 265
261 265 266
267 264 263
267 268 264
269 262 261
269 261 266
269 270 262
265 271 266
271 272 266
269 266 272
265 273 271
274 273 265
264 268 274
264 274 265
274 275 273
263 226 267
226 276 267
226 227 276
263 224 226
269 272 277
278 268 267
278 274 268
278 267 279
279 267 276
278 280 274
281 279 276
276 282 281
276 283 282
276 227 283
234 282 283
282 234 284
234 285 284
282 284 286
229 234 283
227 229 283
282 287 281
282 288 287
287 289 281
287 290 289
287 291 290
288 291 287
292 289 290
292 280 289
292 274 280
275 274 292
234 233 293
234 293 294
233 295 293
233 296 295
233 235 296
235 297 296
297 235 298
235 243 299
235 299 300
301 302 303
304 305 306
307 308 309
222 310 311
222 311 312
310 222 313
222 225 313
310 313 314
313 315 314
225 315 313
262 315 225
225 263 262
225 224 263
262 270 315
316 222 312
316 223 222
317 223 316
317 228 223
318 228 317
318 230 228
319 230 318
319 232 230
240 232 319
320 315 270
320 321 315
320 270 322
322 270 269
322 269 277
321 314 315
323 324 325
323 325 326
327 323 326
328 329 330
328 330 331
332 329 328
332 333 329
334 333 332
334 335 333
336 335 334
336 337 335
329 338 330
329 339 338
333 339 329
337 340 335
337 341 340
335 340 342
335 342 333
333 342 339
343 337 336
343 336 344
345 341 337
345 337 343
346 347 348
346 348 349
347 350 348
347 351 350
346 349 352
346 352 353
353 352 354
350 351 355
350 355 356
356 355 357
357 355 358
357 358 359
353 354 359
353 359 358
360 361 362
360 362 363
361 364 362
361 365 364
360 363 366
360 366 367
367 366 368
364 365 369
364 369 370
370 369 371
370 371 372
370 372 373
368 366 373
368 373 372
374 375 376
374 376 377
375 378 376
375 379 378
374 377 380
374 380 381
378 379 382
378 382 383
384 385 386
387 388 389
390 391 392
390 392 393
391 390 394
391 394 395
396 395 394
396 397 395
397 396 398
397 398 399
400 401 402
400 402 403
404 405 406
404 406 407
408 409 410
408 410 411
412 413 414
412 414 415
416 417 418
416 418 419
420 421 422
420 422 423
424 425 426
424 426 427
428 429 430
428 430 431
432 433 434
432 434 435
436 437 438
436 438 439
440 441 442
440 442 443
444 443 442
444 445 443
446 447 448
446 448 449
446 450 447
446 451 450
451 452 450
451 453 452
451 454 453
455 449 448
455 448 456
455 456 457
455 457 458
458 453 454
458 457 459
458 459 453
460 461 462
460 462 463
460 464 461
460 465 464
465 466 464
466 467 464
466 468 467
469 463 462
469 462 470
469 470 471
469 471 472
472 471 473
473 471 467
473 467 468
474 475 476
474 476 477
474 478 475
474 479 478
480 477 476
480 476 481
480 481 482
480 482 483
484 485 486
487 488 489
487 489 490
490 491 487
490 492 491
493 491 492
493 494 491
494 493 495
494 495 496
497 498 499
497 499 500
501 502 503
501 503 504
505 506 507
505 507 508
509 510 511
509 511 512
513 514 515
513 515 516
517 518 519
517 519 520
521 519 518
521 522 519
523 524 525
526 527 528
526 528 529
530 531 532
530 532 533
534 535 536
534 536 537
538 539 540
538 540 541
542 543 544
542 544 545
546 547 548
546 548 549
549 548 550
549 550 551
546 552 547
546 553 552
553 554 552
550 555 551
550 556 555
556 557 555
557 558 555
557 559 558
553 558 559
553 559 554
560 561 562
560 562 563
563 562 564
563 564 565
560 566 561
560 567 566
567 568 566
564 569 565
564 570 569
570 571 569
570 572 571
570 573 572
568 572 573
568 573 566
574 575 576
574 576 577
577 576 578
577 578 579
574 580 575
574 581 580
578 582 579
578 583 582
584 585 586
587 588 589
590 591 592
590 592 593
593 594 590
593 595 594
596 594 595
596 595 597
597 598 596
597 599 598
600 601 602
600 602 603
604 605 606
604 606 607
608 609 610
608 610 611
612 613 614
612 614 615
616 617 618
616 618 619
620 621 622
620 622 623
624 625 626
624 626 627
628 629 630
628 630 631
632 633 634
632 634 635
636 637 638
636 638 639
640 641 642
640 642 643
644 642 641
644 641 645
646 647 648
646 648 649
649 648 650
649 650 651
651 650 652
651 652 653
654 655 656
654 656 657
657 656 658
657 658 659
659 658 660
659 660 661
662 663 664
662 664 665
665 664 666
665 666 667
667 666 668
667 668 669
670 671 672
670 672 673
671 674 672
672 674 675
674 676 675
677 670 673
677 678 670
675 676 679
675 679 680
679 681 680
679 682 681
682 683 681
682 684 683
685 686 687
685 687 688
686 689 687
686 690 689
690 691 689
690 692 691
692 693 691
692 694 693
693 694 695
693 695 696
697 696 695
697 698 696
699 698 697
699 700 698
699 701 700
699 702 701
703 692 690
703 690 704
705 703 704
705 706 703
707 708 709
710 708 707
710 707 711
712 710 711
712 711 713
709 714 707
709 715 714
709 716 715
717 715 716
717 718 715
719 718 717
719 720 718
719 721 720
719 722 721
723 712 713
723 724 712
725 726 727
728 725 727
727 729 728
728 730 725
731 732 733
731 733 734
735 731 734
735 736 731
737 738 739
737 739 740
738 741 739
738 742 741
743 744 745
746 743 745
747 745 744
747 744 748
749 747 748
750 747 749
750 751 747
751 746 745
751 745 747
749 748 752
753 750 749
753 749 754
754 749 752
755 753 754
755 754 756
757 755 756
757 756 758
759 757 758
759 758 760
761 759 760
761 760 762
760 758 763
760 763 764
758 756 765
758 765 763
756 754 766
756 766 765
754 752 766
767 761 762
768 767 762
768 762 769
769 770 771
771 772 773
773 772 774
773 774 775
772 776 774
772 777 776
772 778 777
778 779 777
778 780 779
781 780 778
781 782 780
782 783 780
782 784 783
780 783 785
780 785 779
784 786 783
784 787 786
783 786 788
783 788 785
787 789 786
787 752 789
752 790 789
752 791 790
789 790 792
789 792 793
786 789 793
786 793 788
790 746 792
790 794 746
791 794 790
795 746 794
796 795 794
791 796 794
797 798 764
797 764 799
800 781 801
800 801 802
803 804 805
806 804 803
807 805 804
807 808 805
809 808 807
810 809 807
810 807 811
811 807 804
811 804 806
809 812 808
813 809 810
813 814 809
814 812 809
815 814 813
815 816 814
817 816 815
817 818 816
819 818 817
819 820 818
821 820 819
821 822 820
820 823 818
820 824 823
818 823 825
818 825 816
816 825 826
816 826 814
814 826 812
827 822 821
828 822 827
828 829 822
829 830 831
830 832 833
832 834 833
832 835 834
833 834 836
833 836 837
833 837 838
838 837 839
838 839 840
841 838 840
841 840 842
842 840 843
842 843 844
840 839 845
840 845 843
844 843 846
844 846 847
843 845 848
843 848 846
847 846 849
847 849 812
812 849 850
812 850 851
849 852 850
849 853 852
846 848 853
846 853 849
850 852 806
850 806 854
851 850 854
855 854 806
856 854 855
851 854 856
857 858 824
857 824 859
860 861 862
860 862 841
863 864 865
863 865 866
864 867 865
864 868 867
868 869 867
868 870 869
871 863 866
872 869 870
872 873 869
874 873 872
874 875 873
876 875 874
876 877 875
878 877 876
879 871 880
881 879 880
881 880 882
883 881 882
883 882 884
885 883 884
885 884 886
885 886 887
885 887 888
888 887 889
888 889 890
890 889 891
892 891 878
890 891 892
893 894 895
893 895 896
894 897 895
894 898 897
898 899 897
898 900 899
901 899 900
901 900 902
903 901 902
903 902 904
905 906 907
905 907 908
906 909 907
906 910 909
910 911 909
910 912 911
913 911 912
913 912 914
915 916 914
915 914 917
918 919 920
918 920 921
919 922 920
919 923 922
923 924 922
923 925 924
926 924 925
926 925 927
928 926 927
928 927 929
930 931 932
930 932 933
933 932 934
933 934 935
936 931 930
936 937 931
938 937 936
938 939 937
940 939 938
940 941 939
942 941 940
942 943 941
944 935 934
945 935 944
944 934 946
947 945 944
948 947 946
948 946 934
949 950 951
951 950 952
951 952 953
952 954 953
953 954 955
953 955 956
954 952 957
954 957 958
958 957 956
958 956 955
956 957 959
957 960 959
956 959 961
956 961 962
960 963 959
960 964 963
961 963 965
961 965 962
966 949 951
949 967 950
968 969 970
971 969 968
972 969 971
973 969 972
974 969 973
975 969 974
976 969 975
977 969 976
978 969 977
979 969 978
980 969 979
970 969 980
976 981 977
981 982 977
981 983 982
983 984 982
983 985 984
983 981 986
987 986 981
983 986 988
989 983 988
989 990 983
989 991 990
989 992 991
992 993 991
992 994 993
985 995 984
985 996 995
995 997 984
995 998 997
998 999 997
1000 992 989
1000 1001 992
1002 993 994
1002 994 1003
1002 1003 1004
1005 1003 1001
1003 1005 1004
1005 1001 1006
1007 1001 1000
1008 1007 1000
1008 1000 1009
1007 1010 1001
1010 1011 1001
1011 1006 1001
1010 1012 1011
1012 1013 1011
1011 1014 1006
1011 1015 1014
1016 1017 1018
1018 1017 1019
1019 1017 1020
1020 1017 1021
1021 1017 1022
1022 1017 1023
1023 1017 1024
1024 1017 1025
1025 1017 1026
1026 1017 1027
1027 1017 1028
1028 1017 1016
1025 1029 1024
1030 1029 1025
1030 1031 1029
1031 1030 1032
1031 1032 1033
1034 1029 1031
1035 1034 1031
1035 1031 1036
1034 1037 1029
1038 1029 1037
1039 1033 1032
1040 1039 1032
1040 1032 1041
1042 1040 1041
1039 1043 1033
1036 1044 1035
1035 1044 1045
1035 1045 1046
1036 1047 1044
1047 1048 1044
1047 1049 1048
1050 1048 1049
1050 1051 1048
1045 1051 1052
1045 1052 1053
1045 1053 1054
1050 1055 1051
1055 1052 1051
1045 1056 1046
1046 1056 1057
1046 1057 1058
1045 1059 1056
1045 1054 1060
1045 1060 1059
1054 1061 1060
1053 1062 1054
1053 1063 1062
1064 1065 1066
1064 1066 1067
1068 1066 1065
1068 1065 1069
1068 1069 1070
1068 1070 1071
1064 1067 1072
1064 1072 1073
1074 1073 1072
1074 1072 1075
1076 1074 1075
1076 1075 1077
1078 1076 1077
1078 1077 1079
1080 1081 1082
1080 1082 1083
1081 1084 1082
1081 1085 1084
1086 1087 1088
1089 1086 1088
1090 1089 1088
1091 1092 1093
1091 1093 1094
1092 1095 1093
1092 1096 1095
1096 1097 1095
1096 1098 1097
1097 1098 1099
1097 1099 1100
1099 1101 1100
1099 1102 1101
1102 1103 1101
1102 1104 1103
1105 1106 1107
1105 1107 1108
1107 1106 1109
1107 1109 1110
1109 1111 1110
1109 1112 1111
1112 1113 1111
1112 1114 1113
1115 1116 1117
1115 1117 1118
1116 1119 1117
1116 1120 1119
1121 1122 1123
1121 1123 1124
1125 1121 1124
1125 1124 1126
1122 1127 1123
1122 1128 1127
1129 1127 1128
1129 1130 1127
1129 1131 1130
1129 1132 1131
1133 1131 1132
1133 1134 1131
1135 1136 1137
1135 1137 1138
1136 1139 1137
1136 1140 1139
1141 1142 1143
1141 1143 1144
1145 1146 1147
1145 1147 1148
1146 1149 1147
1146 1150 1149
1151 1152 1153
1151 1153 1154
1155 1156 1157
1155 1157 1158
1159 1160 1161
1160 1162 1161
1163 1164 1165
1163 1165 1166
1164 1167 1165
1164 1168 1167
1169 1167 1168
1169 1170 1167
1169 1171 1170
1172 1173 1174
1172 1175 1173
1176 1177 1178
1176 1178 1179
1180 1178 1177
1180 1177 1181
1181 1182 1180
1176 1179 1183
1184 1185 1186
1184 1186 1187
1188 1186 1185
1188 1185 1189
1189 1190 1188
1191 1184 1187
1192 1193 1194
1195 1196 1197
1195 1197 1198
1199 1200 1201
1199 1201 1202
1203 1204 1205
1203 1205 1206
1207 1208 1209
1207 1209 1210
1209 1211 1210
1209 1212 1211
1212 1213 1211
1212 1214 1213
1214 1215 1213
1214 1216 1215
1216 1217 1215
1216 1218 1217
1219 1208 1207
1219 1207 1220
1221 1219 1220
1221 1222 1219
1223 1222 1221
1223 1224 1222
1225 1224 1223
1225 1226 1224
1227 1226 1225
1227 1228 1226
1229 1228 1227
1229 1230 1228
1231 1230 1229
1218 1232 1217
1218 1233 1232
1234 1235 1236
1234 1236 1237
1234 1238 1235
1234 1239 1238
1238 1239 1240
1239 1241 1240
1242 1240 1241
1242 1241 1243
1243 1241 1244
1243 1244 1245
1242 1243 1246
1247 1242 1246
1248 1246 1243
1245 1248 1243
1248 1249 1246
1247 1246 1249
1248 1245 1250
1251 1250 1245
1244 1251 1245
1251 1252 1250
1248 1250 1253
1247 1254 1242
1247 1255 1254
1247 1249 1256
1257 1247 1256
1258 1247 1257
1258 1259 1247
1257 1256 1260
1260 1256 1261
1260 1261 1262
1263 1260 1262
1263 1262 1264
1256 1249 1265
1256 1265 1261
1266 1263 1264
1266 1264 1267
1268 1263 1266
1268 1257 1260
1268 1260 1263
1269 1258 1257
1269 1257 1268
1270 1259 1258
1270 1258 1269
1270 1269 1271
1265 1249 1272
1249 1273 1272
1249 1248 1273
1248 1253 1273
1274 1275 1276
1274 1277 1275
1278 1277 1274
1278 1279 1277
1280 1279 1278
1280 1281 1279
1282 1281 1280
1282 1283 1281
1284 1283 1282
1284 1285 1283
1286 1285 1284
1286 1287 1285
1288 1287 1286
1288 1289 1287
1290 1289 1288
1276 1275 1291
1276 1291 1292
1292 1291 1293
1292 1293 1294
1294 1293 1295
1294 1295 1296
1296 1295 1297
1296 1297 1298
1298 1297 1299
1298 1299 1300
1300 1299 1301
1297 1302 1299
1303 1304 1305
1305 1304 1306
1305 1306 1307
1307 1306 1308
1307 1308 1309
1309 1308 1310
1309 1310 1311
1311 1310 1312
1311 1312 1313
1313 1312 1314
1313 1314 1315
1315 1314 1316
1315 1316 1317
1317 1316 1318
1303 1319 1304
1303 1320 1319
1303 1321 1320
1321 1322 1320
1321 1323 1322
1324 1322 1323
1324 1323 1325
1326 1324 1325
1326 1325 1327
1328 1329 1330
1331 1332 1333
1333 1332 1334
1335 1336 1337
1337 1336 1338
1339 1340 1341
1339 1342 1340
1340 1342 1343
1344 1341 1340
1344 1340 1345
1340 1343 1345
1346 1347 1348
1346 1348 1349
1350 1351 1352
1352 1351 1353
1239 1354 1241
1354 1244 1241
1354 1355 1244
1239 1356 1354
1354 1356 1355
1239 1234 1356
1356 1234 1237
1356 1237 1357
1355 1358 1244
1355 1359 1358
1356 1359 1355
1358 1360 1244
1360 1251 1244
1361 1240 1242
1361 1242 1254
1238 1240 1361
1362 1363 1364
1365 1364 1363
1365 1363 1366
1367 1365 1366
1367 1368 1365
1369 1362 1364
1369 1370 1362
1371 1370 1369
1372 1362 1370
1372 1370 1373
1371 1373 1370
1371 1369 1374
1371 1374 1375
1371 1376 1373
1377 1376 1371
1378 1377 1371
1378 1371 1379
1377 1380 1376
1380 1381 1376
1380 1382 1381
1383 1382 1380
1383 1384 1382
1376 1381 1385
1376 1385 1373
1373 1386 1372
1373 1387 1386
1385 1387 1373
1388 1384 1383
1388 1389 1384
1390 1388 1383
1390 1383 1380
1390 1380 1377
1391 1390 1377
1391 1377 1378
1392 1378 1379
1392 1391 1378
1392 1393 1391
1372 1386 1394
1372 1394 1395
1372 1395 1396
1396 1362 1372
1362 1396 1397
1362 1397 1363
1363 1397 1398
1397 1399 1398
1397 1396 1399
1363 1398 1400
1363 1400 1401
1402 1396 1395
1402 1403 1396
1363 1401 1366
1404 1366 1401
1404 1367 1366
1405 1406 1407
1406 1408 1407
1409 1374 1369
1409 1369 1410
1369 1364 1410
1365 1410 1364
1368 1409 1410
1368 1410 1365
1411 1412 1413
1414 1415 1416
1414 1417 1415
1418 1419 1420
1421 1418 1420
1209 1422 1212
1422 1423 1212
1422 1424 1423
1424 1425 1423
1426 1425 1424
1426 1424 1427
1428 1426 1427
1426 1428 1429
1428 1427 1430
1431 1432 1433
1431 1433 1434
1435 1433 1432
1435 1432 1436
1437 1435 1436
1437 1436 1438
1439 1431 1434
1439 1434 1440
1441 1442 1443
1444 1445 1446
1447 1448 1449
1447 1449 1450
1450 1451 1447
1450 1452 1451
1452 1453 1451
1452 1454 1453
1451 1453 1455
1451 1455 1456
1454 1457 1453
1454 1458 1457
1453 1457 1459
1453 1459 1455
1458 1460 1457
1459 1457 1460
1458 1461 1460
1461 1462 1460
1461 1463 1462
1460 1462 1464
1460 1464 1465
1459 1460 1465
1463 1466 1462
1463 1467 1466
1467 1468 1466
1467 1469 1468
1466 1468 1470
1466 1470 1448
1448 1470 1471
1448 1471 1449
1466 1448 1472
1447 1472 1448
1447 1473 1472
1473 1447 1451
1473 1451 1456
1474 1468 1469
1474 1475 1468
1475 1470 1468
1476 1475 1474
1476 1477 1475
1478 1477 1476
1478 1479 1477
1480 1479 1478
1480 1481 1479
1482 1481 1480
1482 1483 1481
1484 1483 1482
1484 1485 1483
1486 1485 1484
1486 1487 1485
1486 1488 1487
1486 1489 1488
1485 1490 1483
1485 1491 1490
1483 1490 1492
1483 1492 1481
1492 1479 1481
1479 1493 1477
1479 1494 1493
1488 1489 1471
1488 1471 1470
1475 1488 1470
1475 1477 1493
1495 1490 1491
1495 1496 1490
1497 1496 1495
1498 1497 1495
1498 1495 1499
1500 1498 1499
1500 1501 1498
1497 1482 1496
1482 1502 1496
1482 1503 1502
1496 1502 1504
1496 1504 1490
1503 1505 1502
1504 1502 1505
1503 1506 1505
1506 1507 1505
1506 1508 1507
1505 1507 1509
1505 1509 1510
1504 1505 1510
1508 1511 1507
1511 1509 1507
1508 1512 1511
1512 1513 1511
1512 1514 1513
1515 1513 1514
1515 1516 1513
1463 1516 1515
1463 1517 1516
1518 1517 1463
1518 1519 1517
1520 1519 1518
1520 1521 1519
1454 1521 1520
1454 1522 1521
1523 1522 1454
1523 1524 1522
1525 1524 1523
1525 1526 1524
1527 1526 1525
1527 1528 1526
1524 1455 1522
1524 1529 1455
1522 1455 1459
1522 1459 1521
1459 1519 1521
1519 1464 1517
1519 1530 1464
1516 1517 1464
1516 1464 1531
1532 1529 1524
1532 1524 1526
1533 1532 1526
1533 1472 1532
1516 1472 1533
1459 1530 1519
1462 1531 1464
1462 1466 1531
1533 1534 1535
1533 1535 1536
1537 1536 1535
1537 1535 1538
1539 1537 1499
1539 1499 1540
1540 1499 1495
1540 1495 1491
1511 1537 1539
1511 1541 1509
1542 1491 1485
1542 1485 1487
1539 1542 1487
1539 1487 1488
1488 1475 1539
1475 1493 1541
1543 1544 1545
1543 1545 1546
1547 1546 1545
1547 1545 1548
1549 1543 1546
1549 1546 1550
1550 1546 1547
1551 1547 1548
1551 1548 1552
1550 1547 1553
1544 1554 1545
1544 1555 1554
1545 1554 1556
1545 1556 1548
1548 1557 1552
1548 1556 1557
1557 1558 1552
1552 1558 1559
1558 1560 1559
1559 1560 1561
1559 1561 1562
1558 1563 1560
1564 1559 1562
1552 1559 1564
1564 1562 1565
1560 1566 1561
1560 1567 1566
1563 1567 1560
1563 1568 1567
1565 1562 1569
1565 1569 1570
1565 1570 1571
1565 1571 1572
1569 1573 1570
1492 1494 1479
1574 1575 1576
1574 1576 1577
1575 1578 1576
1575 1579 1578
1576 1580 1577
1578 1580 1576
1574 1577 1581
1581 1577 1580
1574 1581 1582
1582 1581 1583
1583 1581 1580
1582 1583 1584
1585 1586 1587
1585 1587 1588
1586 1589 1587
1586 1590 1589
1587 1591 1588
1589 1591 1587
1592 1589 1590
1592 1593 1589
1589 1593 1591
1594 1593 1592
1594 1595 1593
1593 1595 1591
1596 1597 1598
1596 1598 1599
1599 1598 1600
1599 1600 1601
1597 1602 1598
1597 1603 1602
1598 1602 1604
1598 1604 1600
1602 1605 1604
1602 1606 1605
1596 1607 1597
1596 1608 1607
1608 1609 1607
1608 1610 1609
1597 1607 1611
1597 1611 1603
1607 1612 1611
1607 1609 1612
1611 1612 1613
1611 1613 1614
1615 1616 1617
1615 1617 1618
1618 1617 1619
1618 1619 1620
1616 1621 1617
1617 1622 1619
1617 1623 1622
1621 1623 1617
1621 1624 1623
1621 1625 1624
1626 1620 1619
1626 1619 1627
1627 1619 1622
1628 1626 1627
1628 1627 1629
1629 1627 1630
1627 1622 1631
1630 1627 1631
1630 1631 1632
1630 1632 1633
1634 1635 1636
1634 1636 1637
1637 1636 1638
1637 1638 1639
1634 1640 1635
1634 1641 1640
1641 1642 1640
1641 1643 1642
1644 1645 1646
1644 1646 1647
1647 1646 1648
1647 1648 1649
1650 1649 1648
1650 1648 1651
1652 1650 1651
1652 1651 1653
1654 1655 1656
1656 1655 1657
1654 1658 1655
1658 1659 1655
1660 1661 1662
1662 1661 1663
1664 1663 1661
1665 1664 1661
1666 1667 1668
1666 1668 1669
1667 1670 1668
1667 1671 1670
1671 1672 1670
1673 1674 1672
1673 1675 1674
1675 1676 1674
1675 1677 1676
1678 1679 1675
1678 1675 1680
1681 1678 1682
1683 1681 1682
1683 1682 1684
1685 1683 1684
1685 1684 1686
1687 1688 1675
1687 1689 1688
1690 1691 1692
1690 1692 1693
1691 1694 1692
1691 1695 1694
1695 1696 1694
1695 1697 1696
1697 1698 1696
1697 1699 1698
1699 1700 1698
1699 1701 1700
1702 1698 1703
1702 1703 1704
1705 1702 1704
1705 1704 1706
1707 1705 1706
1707 1706 1708
1709 1707 1708
1709 1708 1710
1698 1711 1703
1698 1712 1711
1713 1714 1715
1713 1715 1716
1716 1715 1717
1716 1717 1718
1718 1717 1719
1720 1719 1721
1720 1721 1722
1722 1721 1723
1722 1723 1724
1725 1726 1722
1725 1722 1727
1727 1722 1728
1727 1728 1729
1730 1731 1725
1732 1731 1730
1732 1733 1731
1734 1733 1732
1734 1735 1733
1736 1737 1738
1736 1738 1739
1739 1738 1740
1739 1740 1741
1741 1740 1742
1741 1742 1743
1743 1742 1744
1743 1744 1745
1745 1744 1746
1745 1746 1747
1748 1749 1744
1748 1750 1749
1751 1750 1748
1751 1752 1750
1753 1752 1751
1753 1754 1752
1755 1754 1753
1755 1756 1754
1744 1749 1757
1744 1757 1758
1759 1760 1761
1759 1761 1762
1763 1760 1759
1763 1764 1760
1760 1765 1761
1760 1766 1765
1764 1766 1760
1764 1767 1766
1768 1762 1761
1768 1761 1769
1769 1761 1765
1770 1768 1769
1770 1769 1771
1769 1765 1772
1771 1769 1772
1771 1772 1773
1774 1775 1776
1774 1776 1777
1778 1775 1774
1778 1779 1775
1775 1780 1776
1775 1781 1780
1779 1781 1775
1779 1782 1781
1778 1783 1779
1778 1784 1783
1784 1785 1783
1784 1786 1785
1783 1785 1787
1783 1787 1788
1779 1783 1788
1779 1788 1782
1789 1790 1791
1789 1791 1792
1790 1793 1791
1790 1794 1793
1791 1795 1792
1793 1795 1791
1789 1792 1796
1796 1792 1795
1789 1796 1797
1797 1796 1798
1798 1796 1795
1797 1798 1799
1800 1801 1802
1800 1802 1803
1801 1804 1802
1801 1805 1804
1802 1806 1803
1804 1806 1802
1807 1804 1805
1807 1808 1804
1804 1808 1806
1809 1808 1807
1809 1810 1808
1808 1810 1806
1811 1812 1813
1811 1813 1814
1815 1812 1811
1816 1812 1815
1816 1817 1812
1818 1817 1816
1818 1819 1817
1820 1819 1818
1821 1819 1820
1821 1822 1819
1823 1814 1813
1823 1813 1824
1825 1823 1824
1826 1825 1824
1826 1824 1827
1828 1826 1827
1828 1827 1829
1821 1829 1822
1830 1828 1829
1821 1830 1829
1831 1832 1833
1831 1833 1834
1835 1832 1831
1835 1836 1832
1832 1837 1833
1832 1838 1837
1836 1838 1832
1836 1839 1838
1840 1834 1833
1840 1833 1841
1841 1833 1837
1842 1840 1841
1842 1841 1843
1841 1837 1844
1843 1841 1844
1843 1844 1845
1846 1847 1848
1846 1848 1849
1850 1847 1846
1850 1851 1847
1847 1852 1848
1847 1853 1852
1851 1853 1847
1851 1854 1853
1850 1855 1851
1850 1856 1855
1856 1857 1855
1856 1858 1857
1855 1857 1859
1855 1859 1860
1851 1855 1860
1851 1860 1854
1861 1862 1863
1861 1863 1864
1864 1863 1865
1866 1865 1863
1866 1863 1867
1861 1868 1862
1861 1869 1868
1869 1870 1868
1871 1868 1870
1871 1870 1872
1873 1871 1872
1871 1873 1874
1875 1871 1874
1875 1876 1871
1875 1877 1876
1877 1878 1876
1877 1879 1878
1880 1878 1879
1880 1881 1878
1882 1867 1881
1882 1881 1880
1882 1883 1867
1883 1884 1867
1884 1866 1867
1885 1886 1887
1885 1887 1888
1886 1889 1887
1886 1890 1889
1890 1891 1889
1890 1892 1891
1892 1893 1891
1892 1894 1893
1894 1895 1893
1894 1896 1895
1896 1897 1895
1896 1898 1897
1885 1888 1899
1885 1899 1900
1900 1899 1901
1900 1901 1902
1902 1901 1903
1902 1903 1904
1904 1903 1905
1904 1905 1906
1906 1905 1907
1906 1907 1908
1908 1907 1897
1908 1897 1898
1909 1910 1911
1909 1911 1912
1912 1911 1913
1912 1913 1914
1912 1914 1915
1915 1914 1916
1915 1916 1917
1917 1916 1918
1917 1918 1919
1917 1919 1920
1909 1921 1910
1909 1922 1921
1922 1923 1921
1922 1924 1923
1922 1925 1924
1925 1926 1924
1925 1927 1926
1927 1920 1919
1927 1928 1926
1927 1919 1928
1929 1930 1931
1931 1930 1932
1932 1930 1933
1933 1930 1934
1934 1930 1935
1935 1930 1936
1929 1937 1930
1937 1938 1930
1938 1939 1930
1939 1940 1930
1940 1941 1930
1941 1936 1930
1942 1943 1944
1942 1944 1945
1945 1944 1946
1944 1947 1946
1946 1947 1948
1949 1943 1942
1949 1942 1950
1947 1951 1948
1947 1952 1951
1951 1952 1953
1951 1953 1954
1954 1953 1955
1954 1955 1956
1957 1958 1959
1957 1959 1960
1960 1959 1961
1960 1961 1962
1962 1961 1963
1962 1963 1964
1964 1963 1965
1964 1965 1966
1965 1967 1966
1965 1968 1967
1969 1967 1968
1969 1968 1970
1971 1969 1970
1971 1970 1972
1971 1972 1973
1971 1973 1974
1975 1962 1964
1975 1976 1962
1977 1976 1975
1977 1975 1978
1979 1980 1981
1982 1979 1981
1982 1983 1979
1984 1983 1982
1984 1985 1983
1980 1979 1986
1980 1986 1987
1980 1987 1988
1989 1988 1987
1989 1987 1990
1991 1989 1990
1991 1990 1992
1991 1992 1993
1991 1993 1994
1995 1985 1984
1995 1984 1996
1997 1998 1999
1998 1997 2000
2000 2001 1998
1997 2002 2000
2003 2004 2005
2003 2005 2006
2007 2004 2003
2007 2003 2008
2009 2010 2011
2009 2011 2012
2012 2011 2013
2012 2013 2014
