byte offset: 0
first index: 0
index count: 3636
topology: trianglelist
format: DXGI_FORMAT_R16_UINT

0 1 2
0 2 3
4 1 0
4 5 1
6 5 4
6 7 5
6 4 8
6 8 9
10 6 9
10 11 6
4 0 12
4 12 8
12 13 8
12 14 13
15 13 14
15 16 13
17 11 10
17 10 18
18 10 19
18 19 20
17 18 21
22 21 18
23 24 9
23 25 24
26 24 25
26 27 24
27 22 28
27 28 20
29 30 31
30 32 31
32 33 31
34 29 31
35 34 31
36 35 31
36 31 37
38 36 37
38 37 39
39 37 40
41 31 33
42 31 41
43 31 42
44 31 43
45 31 44
46 31 45
46 47 31
48 47 46
48 49 47
49 50 47
51 52 53
51 53 54
55 51 54
55 2 51
55 54 56
55 56 57
56 58 57
56 59 58
60 58 59
60 61 58
54 53 62
54 62 63
63 62 64
63 64 65
66 65 64
66 67 65
68 69 70
68 70 71
72 70 69
72 73 70
0 68 71
0 3 68
74 75 76
77 74 76
78 77 76
79 78 76
80 79 76
81 76 82
83 76 81
84 76 83
85 76 84
86 76 85
87 76 88
89 76 87
90 76 89
91 76 90
92 76 91
93 94 95
95 96 93
97 95 94
98 95 97
95 99 96
99 95 100
101 100 95
102 101 95
95 98 103
95 104 102
104 95 105
106 105 95
107 108 109
110 107 109
110 109 111
112 110 111
112 113 110
114 109 108
114 115 109
116 115 114
116 117 115
117 116 118
112 119 113
112 120 119
119 120 121
119 121 122
122 121 123
124 123 121
124 121 125
126 124 125
126 125 127
127 128 126
117 118 129
117 129 130
127 131 128
127 132 131
131 132 133
133 132 134
133 134 135
136 135 134
136 134 137
129 136 137
138 139 140
138 140 141
142 138 141
142 141 143
144 142 143
144 143 145
144 146 142
144 147 146
148 147 144
148 144 149
142 146 150
142 150 138
150 146 151
150 151 152
153 152 151
153 151 154
155 148 149
155 156 148
156 157 148
156 158 157
159 158 156
159 156 160
155 161 156
162 156 161
163 147 164
163 164 165
166 165 164
166 164 159
167 168 169
167 169 170
171 168 167
171 167 140
171 172 168
171 173 172
172 173 174
172 174 175
176 175 174
176 174 177
168 178 169
168 179 178
179 180 178
179 181 180
182 180 181
182 181 183
184 185 186
184 186 187
188 187 186
188 186 189
138 185 184
138 184 139
190 191 192
193 191 190
194 191 193
195 191 194
196 191 195
197 198 191
199 197 191
200 199 191
201 200 191
202 201 191
203 204 191
205 203 191
206 205 191
207 206 191
208 207 191
209 210 211
212 213 214
215 216 217
218 219 220
221 222 223
221 223 224
225 222 221
225 226 222
227 226 225
227 228 226
227 225 229
227 229 230
225 221 231
225 231 229
231 232 229
231 233 232
234 232 233
234 235 232
221 224 236
221 236 237
236 238 237
236 239 238
240 238 239
240 241 238
242 243 230
242 244 243
245 243 244
245 246 243
246 247 248
247 249 248
246 248 250
248 251 250
248 252 251
252 227 251
252 253 227
254 253 252
254 252 248
254 248 249
255 256 257
256 258 257
258 259 257
260 255 257
261 260 257
262 261 263
262 263 264
265 262 264
265 264 266
266 264 267
268 257 269
269 257 270
270 257 271
272 257 268
273 257 272
274 263 273
274 275 263
276 275 274
276 277 275
277 278 275
279 280 281
279 281 282
283 279 282
283 223 279
283 282 284
283 284 285
284 286 285
284 287 286
288 286 287
288 289 286
282 281 290
282 290 291
291 290 292
291 292 293
294 293 292
294 295 293
296 297 298
296 298 299
300 296 299
300 299 301
302 300 301
302 301 303
302 304 300
302 305 304
300 304 306
300 306 296
306 304 307
306 307 308
309 308 307
309 307 310
296 311 297
296 312 311
311 312 313
311 313 314
315 314 313
315 313 316
317 305 318
317 318 319
320 319 318
320 318 321
321 322 323
323 322 324
323 324 325
321 323 326
326 323 327
325 324 302
325 302 11
328 325 11
328 327 329
328 329 325
330 331 332
330 332 280
331 333 332
331 334 333
334 335 333
334 336 335
337 334 331
337 331 338
337 338 298
337 339 334
340 335 336
340 336 341
342 339 343
342 343 344
345 344 343
345 343 346
347 348 349
350 351 352
353 354 355
356 357 358
359 360 361
359 361 362
363 360 359
363 364 360
365 364 363
365 366 364
365 363 367
365 367 368
369 365 368
369 370 365
363 359 371
363 371 367
371 372 367
371 373 372
374 372 373
374 375 372
376 370 369
376 369 377
377 369 378
377 378 379
380 377 379
380 381 377
376 377 382
383 382 377
384 385 368
384 386 385
387 380 385
387 385 386
388 389 390
389 391 390
391 392 390
393 388 390
394 393 390
395 394 390
395 390 396
397 395 396
397 396 398
398 396 399
400 401 402
400 402 403
404 400 403
404 361 400
404 403 405
404 405 406
405 407 406
405 408 407
409 407 408
409 410 407
403 402 411
403 411 412
412 411 413
412 413 414
415 414 413
415 416 414
359 404 417
359 417 418
417 419 418
417 420 419
421 419 420
421 422 419
423 424 425
423 425 426
427 423 426
427 426 428
429 427 428
429 428 430
429 431 427
429 432 431
433 432 429
433 429 434
427 431 435
427 435 423
435 431 436
435 436 437
438 437 436
438 436 439
440 433 434
440 441 433
440 442 441
443 444 433
443 445 444
446 443 442
447 445 441
447 441 446
448 432 449
448 449 450
451 450 449
451 449 447
452 453 454
454 453 455
455 453 456
457 453 452
458 453 457
459 453 458
459 460 453
461 460 459
461 462 460
462 463 460
464 465 466
464 466 467
468 465 464
468 464 425
468 469 465
468 470 469
469 470 471
469 471 472
473 472 471
473 471 474
465 475 466
465 476 475
476 477 475
476 478 477
479 477 478
479 478 480
423 481 468
423 482 481
481 482 483
481 483 484
485 484 483
485 483 486
487 488 489
490 491 492
493 494 495
496 497 498
499 500 501
499 501 502
499 502 503
499 503 504
505 504 503
505 506 504
507 505 503
507 503 508
502 508 503
502 509 508
502 510 509
502 511 510
512 506 505
512 505 513
513 505 507
513 507 514
515 516 499
515 517 516
515 499 518
515 518 519
520 521 515
520 522 521
520 515 523
520 523 524
525 520 524
526 525 524
527 526 524
527 524 523
528 527 519
528 519 504
529 527 528
529 528 512
527 529 530
527 530 526
526 530 531
526 531 525
532 533 534
532 534 535
535 534 536
535 536 537
538 537 536
538 539 537
540 539 538
540 538 541
542 543 544
545 542 544
546 544 543
547 544 546
547 548 544
548 549 544
550 544 549
551 544 550
551 552 544
552 553 544
554 544 553
545 544 554
555 556 557
555 557 558
559 555 558
559 558 560
561 557 556
561 562 557
563 562 561
563 564 562
563 565 564
563 566 565
566 567 565
566 568 567
569 567 568
569 570 567
571 570 569
571 572 570
571 573 572
571 574 573
574 575 573
574 576 575
577 575 576
577 578 575
559 578 577
559 560 578
579 580 581
579 581 582
583 579 582
579 584 580
579 585 584
586 585 579
586 579 587
579 588 587
579 589 588
579 590 589
579 591 590
592 591 579
592 579 593
579 594 593
579 595 594
579 596 595
583 597 579
579 597 596
598 599 600
598 600 601
602 598 601
602 601 603
604 602 603
604 603 605
606 604 605
606 605 607
608 606 607
608 607 609
610 608 609
610 609 611
610 611 612
610 612 613
613 612 614
613 614 615
615 614 616
615 616 617
617 616 618
617 618 619
619 618 620
619 620 621
621 620 622
621 622 623
624 625 626
624 626 627
624 628 625
624 629 628
630 628 629
630 629 631
632 628 630
632 633 628
625 628 633
625 633 634
625 634 635
625 635 636
631 637 630
631 638 637
630 637 639
630 639 632
640 624 641
640 641 642
640 643 624
640 644 643
645 643 644
645 644 646
646 638 645
646 647 638
648 647 646
646 649 648
648 649 650
650 649 651
651 640 652
651 652 653
646 654 649
651 649 654
651 654 640
650 655 648
648 656 647
655 656 648
657 658 659
657 659 660
658 661 659
658 662 661
663 661 662
663 662 664
664 665 663
664 639 665
666 667 668
667 669 668
668 669 670
669 671 670
670 671 672
670 672 673
673 672 674
673 674 675
676 677 678
676 678 679
679 678 680
679 680 681
682 677 676
682 683 677
684 683 682
684 685 683
684 682 686
684 686 687
688 684 687
689 688 687
690 689 687
690 687 686
682 676 691
682 691 686
692 686 691
692 693 686
679 681 694
679 694 695
696 691 695
696 697 691
676 695 691
676 679 695
698 696 695
698 695 694
699 693 692
699 692 700
690 701 689
690 702 701
703 697 696
703 696 704
705 696 698
705 698 706
707 708 709
707 709 710
710 709 711
710 711 712
713 712 711
713 714 712
715 714 713
715 713 716
717 718 719
717 719 720
721 717 720
721 720 722
723 721 722
723 722 724
725 723 724
725 724 726
727 725 726
727 726 728
729 727 728
729 728 730
729 730 731
729 731 732
732 731 733
732 733 734
734 733 735
734 735 736
736 735 737
736 737 738
738 737 739
738 739 740
740 739 741
740 741 742
743 744 745
743 745 746
744 747 745
744 748 747
749 743 746
749 746 750
751 749 750
751 750 752
751 753 749
751 754 753
755 754 751
756 754 755
757 753 754
757 754 758
749 753 759
760 759 753
760 753 761
749 759 743
743 759 762
763 762 759
763 759 764
743 762 744
765 762 763
765 766 762
744 762 766
744 766 748
761 767 760
761 768 767
756 769 757
764 770 763
764 771 770
763 772 765
763 773 772
756 774 769
755 775 756
755 776 775
777 778 779
777 779 780
778 781 779
778 782 781
783 781 782
783 782 784
784 785 783
784 786 785
689 787 788
689 788 688
789 790 791
790 792 791
791 792 793
792 794 793
793 794 795
793 795 796
796 795 797
796 797 798
799 800 801
799 801 802
799 802 803
799 803 804
805 804 803
805 806 804
807 805 803
807 803 808
802 808 803
802 809 808
802 810 809
802 811 810
812 806 805
812 805 813
813 805 807
813 807 814
815 816 799
815 817 816
815 799 818
815 818 819
820 819 818
820 821 819
822 821 820
822 820 812
821 822 823
821 823 824
821 824 825
824 826 825
826 827 825
827 828 815
827 829 828
821 825 830
827 830 825
827 815 830
824 823 831
824 831 826
832 833 834
832 834 835
835 834 836
835 836 837
838 837 836
838 839 837
840 839 838
840 838 841
842 843 844
842 844 845
846 842 845
846 845 847
848 846 847
848 847 849
850 848 849
850 849 851
852 850 851
852 851 853
854 852 853
854 853 855
854 855 856
854 856 857
857 856 858
857 858 859
859 858 860
859 860 861
861 860 862
861 862 863
863 862 864
863 864 865
865 864 866
865 866 867
868 869 870
868 870 871
868 872 869
868 873 872
874 872 873
874 873 875
876 872 874
876 877 872
869 872 877
869 877 878
875 879 874
875 880 879
874 879 881
874 881 876
882 878 883
882 883 884
885 873 886
885 886 887
887 880 885
887 888 880
889 888 887
887 890 889
889 890 891
891 890 892
887 893 890
892 890 893
892 893 894
892 894 895
892 895 896
894 886 897
894 897 868
894 868 898
894 898 899
891 900 889
889 901 888
900 901 889
902 903 904
902 904 905
903 906 904
903 907 906
908 906 907
908 907 909
909 910 908
909 881 910
911 912 913
912 914 913
913 914 915
914 916 915
915 916 917
915 917 918
918 919 920
918 920 921
922 923 924
922 924 925
924 923 926
924 926 927
928 929 930
928 930 931
932 931 930
932 933 931
934 935 936
934 936 937
936 938 939
940 939 938
936 941 938
936 942 941
936 943 942
936 944 943
936 945 944
936 946 945
947 948 949
947 949 950
951 948 947
951 947 952
947 953 952
947 954 953
947 955 956
947 957 955
947 958 957
957 958 959
960 961 962
960 962 963
962 961 964
962 964 965
965 964 966
965 966 967
967 966 968
967 968 969
968 970 969
968 971 970
970 971 972
970 972 973
973 972 974
973 974 975
975 974 976
975 976 977
978 979 980
978 980 981
982 979 978
982 978 983
984 985 986
984 986 987
988 985 984
988 989 985
984 990 988
984 991 990
992 991 984
992 984 987
991 993 990
991 994 993
995 994 991
995 991 992
988 996 989
988 997 996
990 997 988
990 998 997
993 998 990
997 998 999
997 999 1000
996 997 1000
998 1001 999
998 1002 1001
993 1002 998
996 1000 1003
1004 996 1003
1004 1005 996
996 1005 1006
996 1006 989
1006 1007 989
1007 1006 1008
1007 1008 1009
1009 1010 1007
1010 1011 1007
1007 1011 1012
1013 1007 1012
1013 1014 1007
1007 1014 1015
1007 1015 1016
1007 1016 1017
1017 1018 1007
1018 1019 1007
989 1007 1019
989 1019 1020
989 1020 1021
1021 1020 1022
1021 1022 986
1023 1024 1025
1023 1025 1026
1025 1024 1027
1025 1027 1028
1029 1030 1028
1029 1031 1030
1030 1031 1032
1030 1032 1033
1034 1026 1035
1034 1035 1036
1035 1037 1036
1035 1038 1037
1039 1033 1040
1039 1040 1041
1042 1038 1039
1042 1039 1041
1043 1044 1045
1043 1045 1046
1045 1044 1047
1045 1047 1048
1047 1049 1050
1050 1049 1051
1050 1051 1052
1047 1050 1053
1054 1055 1056
1054 1056 1057
1056 1058 1059
1056 1059 1060
1061 1062 1060
1061 1063 1062
1064 1065 1066
1064 1066 1067
1068 1069 1070
1071 1068 1072
1068 1073 1072
1073 1074 1075
1074 1076 1075
1076 1074 1077
1076 1077 1078
1079 1080 1081
1079 1081 1082
1081 1083 1082
1081 1084 1083
1085 1081 1086
1087 1086 1081
1087 1088 1086
1088 1089 1086
1086 1089 1085
1088 1090 1089
1085 1089 1091
1090 1091 1089
1091 1092 1085
1090 1093 1091
1091 1093 1094
1091 1094 1095
1091 1095 1096
1097 1091 1096
1097 1096 1098
1099 1100 1101
1099 1101 1102
1100 1103 1101
1100 1104 1103
1105 1106 1104
1107 1108 1103
1109 1106 1108
1109 1110 1106
1111 1110 1109
1111 1112 1110
1113 1114 1115
1113 1115 1116
1115 1117 1116
1115 1118 1117
1119 1120 1121
1119 1121 1122
1123 1119 1122
1123 1122 1124
1125 1126 1127
1125 1127 1128
1127 1129 1128
1127 1130 1129
1131 1132 1133
1131 1133 1134
1135 1132 1131
1135 1131 1136
1137 1138 1139
1137 1139 1140
1141 1138 1137
1141 1137 1142
1143 1141 1142
1143 1144 1141
1145 1146 1144
1145 1144 1147
1148 1146 1145
1148 1145 1149
1150 1148 1149
1150 1151 1148
1152 1153 1154
1152 1154 1155
1154 1156 1155
1154 1157 1156
1158 1159 1160
1158 1160 1161
1162 1160 1159
1162 1159 1163
1164 1165 1166
1164 1166 1167
1166 1168 1169
1170 1169 1168
1166 1169 1171
1166 1171 1172
1166 1172 1173
1166 1173 1174
1166 1174 1175
1166 1175 1176
1177 1178 1179
1177 1179 1180
1181 1177 1180
1181 1182 1177
1177 1182 1183
1177 1183 1184
1177 1185 1186
1177 1186 1187
1177 1187 1188
1187 1189 1188
1190 1191 1192
1190 1192 1193
1192 1194 1193
1192 1195 1194
1195 1196 1194
1195 1197 1196
1197 1198 1196
1197 1199 1198
1198 1199 1200
1198 1200 1201
1200 1202 1201
1200 1203 1202
1203 1204 1202
1203 1205 1204
1205 1206 1204
1205 1207 1206
1208 1209 1210
1208 1210 1211
1212 1208 1211
1212 1213 1208
1214 1215 1216
1214 1216 1217
1218 1214 1217
1218 1217 1219
1214 1218 1220
1214 1220 1221
1222 1215 1214
1222 1214 1221
1221 1220 1223
1221 1223 1224
1225 1222 1221
1225 1221 1224
1218 1219 1226
1218 1226 1227
1220 1218 1227
1220 1227 1228
1223 1220 1228
1227 1229 1228
1227 1230 1229
1226 1230 1227
1228 1229 1231
1228 1231 1232
1223 1228 1232
1226 1233 1230
1234 1233 1226
1234 1226 1235
1226 1236 1235
1226 1237 1236
1238 1239 1236
1238 1240 1239
1240 1238 1241
1241 1238 1242
1238 1243 1242
1244 1243 1238
1244 1238 1245
1238 1246 1245
1238 1247 1246
1238 1248 1247
1248 1238 1249
1249 1238 1250
1219 1250 1238
1236 1219 1238
1219 1251 1250
1219 1252 1251
1252 1253 1251
1252 1216 1253
1254 1255 1256
1254 1256 1257
1256 1258 1257
1256 1259 1258
1258 1260 1261
1258 1261 1262
1261 1263 1262
1261 1264 1263
1265 1266 1267
1265 1267 1268
1267 1269 1270
1267 1270 1271
1272 1269 1273
1272 1273 1274
1275 1276 1277
1275 1277 1278
1279 1280 1281
1281 1282 1279
1279 1282 1283
1283 1284 1285
1285 1284 1286
1287 1288 1285
1287 1289 1288
1290 1291 1292
1290 1292 1293
1292 1291 1294
1292 1294 1295
1296 1297 1292
1298 1292 1297
1298 1297 1299
1299 1297 1300
1297 1296 1300
1299 1300 1301
1296 1302 1300
1301 1300 1302
1302 1296 1303
1301 1302 1304
1302 1305 1304
1302 1306 1305
1302 1307 1306
1308 1307 1302
1308 1309 1307
1310 1311 1312
1310 1312 1313
1312 1311 1314
1312 1314 1315
1316 1317 1311
1316 1311 1318
1311 1317 1319
1311 1319 1320
1321 1322 1323
1321 1323 1324
1325 1322 1321
1325 1326 1322
1327 1328 1329
1327 1329 1330
1331 1327 1330
1331 1332 1327
1333 1334 1335
1333 1335 1336
1337 1333 1336
1337 1338 1333
1339 1338 1337
1339 1337 1340
1341 1342 1340
1341 1340 1343
1344 1341 1343
1344 1345 1341
1346 1345 1344
1346 1344 1347
