byte offset: 0
first index: 0
index count: 8364
topology: trianglelist
format: DXGI_FORMAT_R16_UINT

0 1 2
0 2 3
4 2 1
4 5 2
6 0 3
7 8 9
7 9 10
7 10 11
7 11 12
12 11 13
12 13 14
15 16 17
15 17 18
19 18 17
20 21 22
20 22 23
22 24 23
22 25 24
26 27 28
29 30 31
29 31 32
33 29 32
33 32 34
35 33 34
35 34 36
37 35 36
37 36 38
39 37 38
39 38 40
41 39 40
41 40 42
43 44 45
46 45 44
43 45 47
48 49 50
48 50 51
49 52 50
49 53 52
54 52 53
54 53 55
56 54 55
56 55 57
58 59 60
58 60 61
59 62 60
59 63 62
63 64 62
63 65 64
65 66 64
65 67 66
68 69 70
71 70 69
71 69 72
73 72 69
72 74 71
71 74 75
71 75 76
76 75 77
78 79 80
79 78 81
79 81 82
82 81 83
81 84 83
85 83 84
85 84 86
85 86 87
88 85 87
88 87 89
88 89 90
89 91 90
91 92 90
93 90 92
93 92 94
95 92 91
95 96 92
95 97 96
97 98 96
97 99 98
99 100 98
94 101 93
94 102 101
103 101 102
104 103 102
105 103 104
103 105 106
103 106 107
103 107 108
107 109 108
110 109 107
111 107 106
104 112 105
104 113 112
104 114 113
104 115 114
114 115 116
114 116 117
116 118 117
118 119 117
119 118 120
121 119 120
121 122 119
122 121 123
121 124 123
124 125 123
126 123 125
123 126 127
128 123 127
123 128 122
127 129 128
129 130 128
129 131 130
129 132 131
129 133 132
133 134 132
133 135 134
125 136 126
136 125 137
137 125 138
139 137 138
139 140 137
139 141 140
142 140 141
142 143 140
142 144 143
137 140 145
145 146 137
147 145 140
148 147 140
148 149 147
147 150 145
147 151 150
152 150 151
147 149 153
147 153 154
153 155 154
140 156 148
157 145 158
157 158 159
159 158 160
161 160 158
161 162 160
162 161 163
159 164 157
157 164 165
157 165 166
166 165 167
155 168 169
168 158 145
168 145 169
145 157 170
170 171 145
172 173 174
172 174 175
173 176 174
173 177 176
177 178 176
179 172 175
175 180 179
180 181 179
180 182 181
175 183 180
180 184 182
183 185 180
186 179 181
186 187 179
188 187 186
188 104 187
183 189 184
190 189 183
191 189 190
191 192 189
189 192 193
191 194 192
191 195 194
191 196 195
195 196 197
195 197 188
198 188 197
104 188 115
190 199 191
199 190 200
199 200 201
201 200 202
201 202 203
203 202 100
198 197 204
198 204 205
198 205 206
207 206 205
207 205 208
209 207 208
197 210 204
197 211 210
212 209 208
212 208 213
214 212 213
213 215 214
215 216 210
215 213 216
217 214 215
215 218 217
217 219 214
220 214 219
220 221 214
214 221 212
215 222 218
222 223 218
224 218 223
224 223 225
224 225 226
224 226 227
219 228 220
229 220 228
230 220 229
229 231 230
229 232 231
232 233 231
232 234 233
232 235 234
234 235 236
237 238 239
238 240 239
238 241 240
241 242 240
241 243 242
243 244 242
245 242 244
244 246 245
247 248 249
248 250 249
248 251 250
251 103 250
251 252 103
247 253 254
255 254 253
255 253 256
257 255 256
258 259 260
261 260 259
261 262 260
261 263 262
258 264 265
265 264 266
265 266 267
266 268 267
266 269 268
270 269 197
269 271 197
197 271 211
272 269 270
273 272 270
273 274 272
273 275 274
273 276 275
275 276 277
278 277 276
278 276 279
278 279 280
280 279 281
280 281 282
282 281 283
284 275 277
285 275 284
284 286 285
284 287 286
287 288 286
286 288 289
290 286 289
290 289 291
292 290 291
293 292 291
293 291 294
294 295 293
296 128 113
128 296 122
128 297 113
298 299 127
298 127 300
298 301 299
302 301 298
303 302 298
303 298 304
305 303 304
303 305 306
303 306 307
303 307 308
302 309 301
307 310 308
311 310 307
311 307 312
311 312 313
310 314 308
313 315 316
317 316 315
315 318 317
319 317 318
320 317 319
316 321 313
316 322 321
322 323 321
323 324 321
324 325 321
324 326 325
325 326 327
325 327 328
329 322 316
317 330 316
329 331 322
316 332 329
333 329 332
322 331 334
335 322 334
332 316 330
336 333 332
336 337 333
337 338 333
337 339 338
339 340 338
339 341 340
341 342 340
342 334 340
342 343 334
342 344 343
342 345 344
346 345 342
347 344 345
347 348 344
349 348 347
350 345 346
351 350 346
351 352 350
351 353 352
351 354 353
353 354 355
356 355 354
356 354 357
356 357 358
358 357 359
358 359 360
360 359 361
362 353 355
363 353 362
364 363 362
364 362 365
364 365 366
364 366 367
368 364 367
368 367 369
370 368 369
371 370 369
371 369 372
372 373 371
374 361 375
376 374 375
376 375 377
378 376 377
378 377 379
380 378 379
379 381 380
381 382 380
381 383 382
379 384 381
381 385 383
384 386 381
387 380 382
387 388 380
389 388 387
389 390 388
390 389 391
390 391 392
390 392 393
392 391 394
392 394 395
394 396 395
396 397 395
397 396 398
398 399 397
390 393 400
390 400 401
401 402 390
390 402 403
402 404 403
405 403 404
405 404 406
406 407 405
406 408 407
409 407 408
410 407 409
410 411 407
410 412 411
412 413 411
412 414 413
414 415 413
416 409 408
417 416 408
416 417 418
416 418 419
418 420 419
418 421 420
418 422 421
423 421 422
424 423 422
425 423 424
425 426 423
426 425 427
428 429 430
428 430 140
428 431 429
432 433 434
434 433 435
434 435 436
436 435 437
436 437 438
438 437 439
440 439 437
439 440 441
442 443 444
443 445 444
269 445 443
269 443 446
447 446 443
269 446 271
448 449 450
448 450 217
448 451 449
451 452 449
453 449 452
453 454 449
453 455 454
453 456 455
453 457 456
453 458 457
451 459 452
457 458 460
458 461 460
457 460 462
457 462 463
457 463 464
465 466 463
463 467 465
467 468 465
466 465 469
469 470 466
470 469 471
471 469 472
467 473 468
467 474 473
467 475 474
467 476 475
476 477 475
476 478 477
479 469 465
399 479 465
465 468 480
468 481 480
481 468 393
468 482 393
483 471 472
483 484 471
483 485 484
486 484 485
486 485 487
487 488 486
480 399 465
399 480 397
484 489 490
490 491 484
490 492 491
493 491 492
493 494 491
493 495 494
491 496 484
491 497 496
491 498 497
499 497 498
500 501 499
501 500 502
501 502 503
504 503 502
505 503 504
504 506 505
507 505 506
507 506 508
507 508 509
505 510 503
510 505 511
512 503 510
512 510 513
514 512 513
511 515 510
516 517 518
516 518 519
520 521 522
520 522 523
524 525 526
524 526 527
528 525 524
525 528 529
529 528 530
529 530 531
532 533 534
534 533 535
535 536 534
535 537 536
533 532 538
533 538 539
540 541 542
540 542 543
544 545 546
544 546 547
548 549 550
548 550 551
552 553 554
552 554 555
556 557 558
556 558 559
560 561 562
560 562 563
564 565 566
564 566 567
568 569 570
568 570 571
572 573 574
572 574 575
576 577 578
576 578 579
580 581 582
580 582 583
584 585 586
584 586 587
588 589 590
588 590 591
592 593 594
592 594 595
596 597 598
596 598 599
600 601 602
600 602 603
604 605 606
606 605 607
604 606 608
604 608 609
609 608 610
609 610 611
612 611 610
612 613 611
611 613 614
612 610 615
612 615 616
612 616 617
614 613 618
614 618 619
620 619 618
620 621 619
620 618 622
620 622 623
620 623 624
622 618 625
626 627 628
628 627 629
628 629 630
630 629 631
630 631 632
633 632 631
633 634 632
634 633 635
634 635 636
633 631 637
637 631 638
637 638 639
637 639 640
641 640 639
641 642 640
640 642 643
644 642 641
644 645 642
641 639 646
647 648 649
647 649 650
651 652 653
651 653 654
655 656 657
655 657 658
659 660 661
659 661 662
663 664 665
663 665 666
667 668 669
667 669 670
671 672 673
671 673 674
675 676 677
675 677 678
679 680 681
679 681 682
683 684 685
683 685 686
687 688 689
687 689 690
691 692 693
691 693 694
695 696 697
695 697 698
699 700 701
699 701 702
703 701 700
703 700 626
626 628 703
704 705 706
704 706 707
707 605 704
707 607 605
708 709 710
708 710 711
712 713 714
712 714 715
716 717 718
716 718 719
720 721 722
720 722 723
723 722 724
725 726 727
726 725 728
729 728 730
730 731 729
732 733 734
732 734 735
736 737 738
736 738 739
736 740 737
736 741 740
742 743 744
742 744 745
746 747 748
746 748 749
747 746 750
751 752 749
751 749 753
752 751 754
755 756 749
755 757 756
757 755 758
759 760 749
759 749 761
760 759 762
763 764 765
763 766 764
767 768 769
767 769 770
768 771 769
772 773 774
772 774 775
776 777 778
776 778 779
780 781 782
780 782 783
784 785 786
784 786 787
787 786 788
789 790 791
790 789 792
793 792 794
794 795 793
796 797 798
796 798 799
800 801 802
800 802 803
800 804 801
800 805 804
806 807 808
806 808 809
810 811 812
810 812 813
811 810 814
815 816 813
815 813 817
816 815 818
819 820 821
819 821 822
820 823 821
824 825 826
826 827 824
828 829 827
829 828 830
831 832 833
831 833 834
835 836 837
835 837 838
835 838 839
835 839 840
841 842 843
841 843 844
845 846 847
845 847 848
848 847 849
850 851 852
851 850 853
854 853 855
855 856 854
857 858 859
857 859 860
861 862 863
861 863 864
861 865 862
861 866 865
867 868 869
867 869 870
871 872 873
871 874 872
875 876 877
875 877 878
876 879 877
880 881 882
880 882 883
884 885 886
884 886 887
888 889 890
888 890 891
892 893 894
892 894 895
895 894 896
897 898 899
897 899 900
901 902 903
901 903 904
905 906 907
905 907 908
906 905 909
910 911 908
910 908 912
913 914 915
913 915 916
914 917 915
918 919 920
918 920 921
922 923 924
922 924 925
926 927 928
929 930 931
932 933 934
934 935 932
936 932 935
932 936 937
937 938 932
939 932 938
932 940 941
941 942 932
943 932 942
932 943 944
944 945 932
946 932 945
947 948 949
950 951 952
953 954 955
956 957 958
956 958 959
957 960 958
961 962 963
961 963 964
961 964 965
961 965 966
963 967 968
963 968 969
965 970 971
965 971 972
973 972 971
973 971 974
975 976 977
975 977 978
975 978 979
975 979 980
981 982 978
981 983 982
981 978 984
981 984 985
986 987 988
989 990 991
989 991 992
992 991 993
989 994 995
989 995 996
996 995 997
989 998 999
989 999 1000
998 1001 999
989 1002 1003
989 1003 1004
1002 1005 1003
1006 1007 1008
1006 1008 1009
1007 1010 1008
1011 1012 1013
1011 1013 1014
1011 1014 1015
1011 1015 1016
1017 1018 1019
1017 1019 1020
1021 1019 1018
1021 1022 1019
1023 1024 1021
1023 1025 1024
1023 1026 1025
1023 1021 1027
1025 1028 1029
1025 1029 1030
1031 1032 1033
1031 1033 1034
1031 1034 1035
1031 1035 1036
1037 1038 1034
1037 1039 1038
1037 1034 1040
1037 1040 1041
1042 1043 1044
1045 1046 1047
1045 1047 1048
1048 1047 1049
1045 1050 1051
1045 1051 1052
1050 1053 1051
1045 1054 1055
1045 1055 1056
1056 1055 1057
1045 1058 1059
1045 1059 1060
1058 1061 1059
1062 1063 1064
1062 1064 1065
1065 1064 1066
1067 1068 1069
1067 1069 1070
1071 1072 1073
1071 1073 1074
1075 1076 1077
1078 1079 1080
1078 1080 1081
1079 1082 1080
1083 1084 1085
1086 1087 1088
1086 1088 1089
1087 1090 1088
1091 1092 1093
1091 1093 1094
1091 1094 1095
1091 1095 1096
1097 1098 1099
1100 1101 1102
1100 1102 1103
1103 1102 1104
1105 1106 1107
1105 1107 1108
1109 1110 1111
1112 1113 1114
1112 1114 1115
1115 1114 1116
1117 1118 1119
1117 1119 1120
1121 1122 1123
1124 1125 1126
1124 1126 1127
1127 1126 1128
1129 1130 1131
1129 1131 1132
1133 1134 1135
1133 1135 1136
1137 1138 1139
1140 1141 1142
1140 1142 1143
1144 1145 1146
1144 1146 1147
1148 1149 1150
1148 1150 1151
1152 1153 1154
1152 1154 1155
1156 1157 1158
1156 1158 1159
1160 1161 1162
1160 1162 1163
1164 1165 1166
1164 1166 1167
1168 1169 1170
1168 1170 1171
1172 1173 1174
1172 1174 1175
1176 1177 1178
1176 1178 1179
1180 1181 1182
1180 1182 1183
1184 1185 1186
1184 1186 1187
1188 1189 1190
1188 1190 1191
1192 1193 1194
1192 1194 1195
1196 1197 1198
1196 1198 1199
1200 1201 1202
1200 1202 1203
1204 1205 1206
1204 1206 1207
1208 1209 1210
1208 1210 1211
1212 1213 1214
1212 1214 1215
1216 1217 1218
1216 1218 1219
1220 1221 1222
1223 1224 1225
1226 1227 1228
1229 1230 1231
1232 1233 1234
1232 1234 1235
1236 1237 1238
1236 1238 1239
1240 1241 1242
1240 1242 1243
1244 1245 1246
1244 1246 1247
1248 1249 1250
1248 1250 1251
1252 1253 1254
1252 1254 1255
1256 1257 1258
1256 1258 1259
1260 1261 1262
1260 1262 1263
1264 1265 1266
1264 1266 1267
1268 1269 1270
1268 1270 1271
1272 1273 1274
1272 1274 1275
1276 1277 1278
1276 1278 1279
1280 1281 1282
1280 1282 1283
1284 1285 1286
1284 1286 1287
1288 1289 1290
1288 1290 1291
1292 1293 1294
1292 1294 1295
1296 1297 1298
1296 1298 1299
1300 1301 1302
1300 1302 1303
1304 1305 1306
1304 1306 1307
1308 1309 1310
1308 1310 1311
1312 1313 1314
1315 1316 1317
1318 1319 1320
1321 1322 1323
1324 1325 1326
1324 1326 1327
1325 1324 1328
1325 1328 1329
1329 1328 1330
1329 1330 1331
1331 1330 1332
1331 1332 1333
1327 1326 1334
1327 1334 1335
1336 1337 1338
1336 1338 1339
1337 1336 1340
1337 1340 1341
1341 1340 1342
1341 1342 1343
1344 1339 1338
1344 1338 1345
1346 1347 1348
1346 1348 1349
1346 1349 1350
1346 1350 1351
1351 1350 1352
1351 1352 1353
1347 1354 1348
1355 1354 1347
1356 1357 1358
1359 1357 1356
1357 1360 1358
1357 1361 1360
1360 1361 1362
1360 1362 1363
1363 1362 1364
1363 1364 1365
1366 1367 1368
1366 1368 1369
1370 1371 1372
1370 1372 1373
1374 1375 1376
1374 1376 1377
1378 1379 1380
1378 1380 1381
1382 1383 1384
1382 1384 1385
1386 1384 1383
1386 1383 1387
1388 1389 1390
1388 1390 1391
1392 1393 1394
1392 1394 1395
1393 1396 1394
1393 1397 1396
1395 1394 1398
1398 1394 1399
1398 1399 1400
1400 1401 1398
1401 1400 1402
1402 1400 1403
1404 1402 1403
1404 1403 1405
1403 1400 1406
1400 1399 1407
1408 1400 1407
1408 1407 1409
1405 1410 1404
1404 1410 1411
1409 1412 1408
1408 1412 1413
1408 1413 1414
1415 1414 1413
1415 1413 1416
1416 1417 1415
1416 1418 1417
1419 1420 1421
1419 1421 1422
1423 1419 1422
1423 1422 1424
1425 1422 1421
1422 1425 1426
1427 1426 1425
1426 1427 1428
1426 1428 1429
1429 1428 1430
1429 1430 1431
1426 1429 1432
1422 1426 1433
1433 1426 1434
1435 1434 1426
1435 1426 1436
1435 1436 1437
1431 1430 1438
1438 1430 1439
1437 1436 1440
1437 1440 1441
1441 1440 1442
1441 1442 1443
1443 1442 1444
1443 1444 1445
1446 1447 1448
1446 1448 1449
1450 1451 1452
1450 1452 1453
1454 1455 1456
1454 1456 1457
1458 1459 1460
1458 1460 1461
1462 1463 1464
1462 1464 1465
1466 1467 1468
1466 1468 1469
1468 1467 1470
1468 1470 1471
1472 1473 1474
1472 1474 1475
1476 1477 1478
1476 1478 1479
1480 1481 1482
1480 1482 1483
1484 1485 1486
1484 1486 1487
1488 1489 1490
1488 1490 1491
1492 1493 1494
1492 1494 1495
1496 1497 1498
1496 1498 1499
1500 1501 1502
1500 1502 1503
1504 1505 1506
1504 1506 1507
1506 1505 1508
1506 1508 1509
1510 1509 1508
1510 1508 1511
1512 1510 1511
1512 1513 1510
1512 1514 1513
1512 1515 1514
1516 1514 1515
1516 1515 1517
1518 1516 1517
1518 1519 1516
1520 1504 1507
1521 1504 1520
1521 1520 1522
1521 1522 1523
1520 1524 1522
1520 1525 1524
1526 1524 1525
1526 1525 1527
1527 1528 1526
1527 1529 1528
1530 1528 1529
1530 1529 1531
1530 1531 1532
1530 1532 1533
1533 1532 1534
1534 1535 1533
1535 1534 1536
1535 1536 1537
1535 1537 1538
1538 1537 1539
1538 1539 1540
1540 1539 1541
1540 1541 1542
1543 1544 1545
1543 1545 1546
1546 1547 1543
1546 1548 1547
1548 1549 1547
1548 1550 1549
1551 1549 1550
1551 1550 1552
1553 1551 1552
1553 1552 1554
1554 1555 1553
1554 1556 1555
1545 1544 1557
1545 1557 1558
1557 1559 1558
1557 1560 1559
1557 1561 1560
1562 1559 1560
1562 1563 1559
1562 1564 1563
1562 1565 1564
1566 1560 1561
1565 1567 1564
1565 1568 1567
1569 1567 1568
1569 1568 1570
1569 1570 1571
1569 1571 1572
1572 1571 1573
1573 1571 1574
1573 1574 1575
1575 1574 1576
1575 1576 1577
1577 1576 1578
1577 1578 1579
1579 1578 1580
1579 1580 1581
1582 1583 1584
1582 1584 1585
1586 1587 1588
1586 1588 1589
1590 1591 1592
1590 1592 1593
1594 1595 1596
1594 1596 1597
1598 1599 1600
1598 1600 1601
1602 1600 1599
1602 1599 1603
1604 1605 1606
1604 1606 1607
1608 1609 1610
1608 1610 1611
1612 1613 1614
1612 1614 1615
1616 1617 1618
1616 1618 1619
1620 1621 1622
1620 1622 1623
1624 1625 1626
1624 1626 1627
1628 1629 1630
1628 1630 1631
1632 1633 1634
1632 1634 1635
1636 1637 1638
1636 1638 1639
1640 1641 1642
1640 1642 1643
1644 1645 1646
1644 1646 1647
1648 1649 1650
1648 1650 1651
1652 1653 1654
1652 1654 1655
1656 1657 1658
1656 1658 1659
1660 1659 1658
1660 1658 1661
1662 1663 1664
1662 1664 1665
1666 1662 1665
1666 1667 1662
1668 1669 1670
1668 1670 1671
1672 1673 1674
1672 1674 1675
1676 1677 1678
1676 1678 1679
1680 1681 1682
1680 1682 1683
1684 1685 1686
1684 1686 1687
1688 1689 1690
1688 1690 1691
1692 1690 1689
1692 1693 1690
1694 1695 1696
1694 1696 1697
1698 1695 1694
1698 1694 1699
1700 1701 1702
1700 1702 1703
1704 1705 1706
1704 1706 1707
1708 1709 1710
1708 1710 1711
1712 1713 1714
1712 1714 1715
1716 1717 1718
1716 1718 1719
1720 1717 1716
1716 1721 1720
1716 1722 1721
1723 1724 1725
1723 1725 1726
1723 1727 1724
1724 1727 1728
1724 1728 1729
1730 1731 1732
1730 1732 1733
1734 1735 1736
1734 1736 1737
1738 1739 1740
1738 1740 1741
1738 1741 1742
1743 1744 1745
1743 1745 1746
1743 1746 1747
1748 1749 1750
1748 1750 1751
1752 1753 1754
1752 1754 1755
1756 1757 1758
1756 1758 1759
1760 1761 1762
1760 1762 1763
1764 1765 1766
1764 1766 1767
1768 1769 1770
1768 1770 1771
1772 1773 1774
1772 1774 1775
1776 1777 1778
1776 1778 1779
1780 1781 1782
1780 1782 1783
1784 1785 1786
1784 1786 1787
1788 1789 1790
1788 1790 1791
1792 1793 1794
1792 1794 1795
1796 1797 1798
1796 1798 1799
1800 1801 1802
1800 1802 1803
1804 1805 1806
1804 1806 1807
1808 1809 1810
1808 1810 1811
1812 1813 1814
1812 1814 1815
1816 1817 1818
1816 1818 1819
1820 1821 1822
1820 1822 1823
1824 1825 1826
1824 1826 1827
1828 1829 1830
1828 1830 1831
1832 1833 1834
1832 1834 1835
1836 1837 1838
1836 1838 1839
1840 1841 1842
1840 1842 1843
1844 1845 1846
1844 1846 1847
1848 1849 1850
1848 1850 1851
1852 1849 1848
1852 1853 1849
1854 1855 1856
1854 1856 1857
1855 1858 1856
1855 1859 1858
1859 1860 1858
1859 1861 1860
1861 1862 1860
1861 1863 1862
1864 1865 1866
1864 1866 1867
1867 1866 1868
1867 1868 1869
1868 1870 1869
1868 1871 1870
1872 1870 1871
1872 1871 1873
1874 1875 1876
1874 1876 1877
1878 1879 1880
1878 1880 1881
1878 1882 1879
1878 1883 1882
1884 1885 1886
1884 1886 1887
1888 1889 1890
1888 1890 1891
1888 1891 1892
1889 1893 1890
1894 1895 1896
1897 1898 1899
1897 1899 1900
1901 1902 1903
1901 1903 1904
1901 1905 1902
1901 1906 1905
1907 1908 1902
1907 1909 1908
1907 1902 1910
1907 1910 1911
1912 1913 1914
1912 1914 1915
1916 1917 1918
1916 1918 1919
1920 1921 1922
1920 1922 1923
1924 1925 1926
1924 1926 1927
1928 1926 1925
1928 1925 1929
1930 1928 1929
1930 1931 1928
1932 1931 1930
1932 1933 1931
1934 1935 1936
1934 1936 1937
1938 1939 1940
1938 1940 1941
1938 1941 1942
1938 1942 1943
1944 1945 1946
1944 1946 1947
1948 1949 1950
1948 1950 1951
1952 1953 1954
1952 1954 1955
1956 1957 1958
1956 1958 1959
1960 1961 1962
1960 1962 1963
1964 1965 1966
1964 1966 1967
1964 1968 1965
1967 1966 1969
1970 1971 1972
1973 1974 1975
1973 1975 1976
1977 1978 1979
1977 1979 1980
1981 1982 1983
1981 1983 1984
1985 1986 1987
1985 1987 1988
1989 1990 1991
1989 1991 1992
1993 1994 1995
1993 1995 1996
1997 1998 1999
1997 1999 2000
2001 2002 2003
2001 2003 2004
2005 2006 2007
2005 2007 2008
2009 2010 2011
2009 2011 2012
2013 2014 2015
2013 2015 2016
2017 2018 2019
2017 2019 2020
2021 2022 2023
2021 2023 2024
2025 2026 2027
2025 2027 2028
2029 2030 2031
2029 2031 2032
2033 2034 2035
2033 2035 2036
2037 2038 2039
2037 2039 2040
2041 2042 2043
2041 2043 2044
2045 2046 2047
2045 2047 2048
2049 2050 2051
2049 2051 2052
2053 2054 2055
2053 2055 2056
2057 2058 2059
2057 2059 2060
2061 2062 2063
2061 2063 2064
2065 2066 2067
2065 2067 2068
2069 2070 2071
2069 2071 2072
2073 2069 2072
2072 2074 2073
2074 2075 2073
2074 2076 2075
2077 2078 2079
2078 2080 2079
2080 2078 2081
2080 2081 2082
2079 2083 2077
2079 2084 2083
2085 2086 2087
2085 2087 2088
2089 2090 2091
2089 2091 2092
2093 2094 2095
2093 2095 2096
2097 2098 2099
2097 2099 2100
2101 2102 2103
2101 2103 2104
2105 2106 2107
2105 2107 2108
2109 2110 2111
2109 2111 2112
2110 2113 2111
2110 2114 2113
2114 2115 2113
2114 2116 2115
2117 2115 2116
2117 2116 2118
2119 2117 2118
2119 2120 2117
2119 2121 2120
2119 2122 2121
2123 2121 2122
2109 2112 2124
2125 2126 2127
2125 2127 2128
2126 2129 2127
2126 2130 2129
2130 2131 2129
2130 2132 2131
2132 2133 2131
2132 2134 2133
2135 2133 2134
2135 2134 2136
2137 2135 2136
2137 2138 2135
2139 2138 2137
2139 2137 2140
2141 2139 2140
2141 2140 2142
2143 2144 2145
2143 2145 2146
2144 2147 2145
2144 2148 2147
2148 2149 2147
2148 2150 2149
2151 2143 2146
2151 2152 2143
2153 2149 2150
2153 2150 2154
2155 2153 2154
2155 2156 2153
2155 2157 2156
2155 2158 2157
2159 2157 2158
2159 2158 2160
2161 2162 2163
2163 2164 2161
2163 2165 2164
2165 2166 2164
2165 2167 2166
2167 2168 2166
2167 2169 2168
2170 2168 2169
2170 2169 2171
2172 2170 2171
2172 2173 2170
2174 2173 2172
2174 2175 2173
2176 2175 2174
2177 2178 2179
2177 2179 2180
2181 2182 2183
2181 2183 2184
2181 2184 2185
2186 2181 2185
2186 2187 2181
2187 2186 2188
2189 2190 2191
2189 2191 2192
2193 2194 2195
2193 2195 2196
2193 2197 2194
2193 2198 2197
2193 2199 2198
2198 2199 2200
2201 2202 2203
2201 2203 2204
2205 2206 2207
2205 2207 2208
2209 2210 2211
2209 2211 2212
2213 2214 2215
2213 2215 2216
2217 2218 2219
2217 2219 2220
2221 2222 2223
2221 2223 2224
2225 2226 2227
2225 2227 2228
2229 2230 2231
2229 2231 2232
2233 2234 2235
2233 2235 2236
2237 2238 2239
2237 2239 2240
2241 2242 2243
2241 2243 2244
2242 2245 2243
2242 2246 2245
2247 2245 2246
2247 2246 2248
2244 2249 2241
2244 2250 2249
2251 2249 2250
2251 2252 2249
2253 2254 2255
2253 2255 2256
2257 2255 2254
2257 2254 2258
2259 2260 2261
2259 2261 2262
2263 2261 2260
2263 2260 2264
2262 2265 2259
2262 2266 2265
2266 2267 2265
2266 2268 2267
2268 2269 2267
2268 2270 2269
2271 2272 2273
2271 2273 2274
2272 2275 2273
2272 2276 2275
2277 2278 2279
2277 2279 2280
2281 2278 2277
2281 2282 2278
2283 2284 2285
2283 2285 2286
2287 2288 2289
2287 2289 2290
2287 2291 2288
2287 2292 2291
2293 2294 2295
2295 2296 2293
2295 2297 2296
2296 2297 2298
2295 2299 2297
2295 2300 2299
2301 2302 2303
2303 2304 2301
2304 2305 2301
2304 2306 2305
2301 2305 2307
2301 2307 2308
2309 2310 2311
2309 2311 2312
2313 2314 2315
2313 2315 2316
2317 2318 2319
2317 2319 2320
2321 2322 2323
2321 2323 2324
2325 2326 2327
2325 2327 2328
2329 2330 2331
2329 2331 2332
2333 2334 2335
2333 2335 2336
2337 2338 2339
2337 2339 2340
2341 2340 2339
2341 2339 2342
2343 2338 2337
2344 2345 2346
2344 2346 2347
2347 2348 2344
2347 2349 2348
2349 2350 2348
2349 2351 2350
2352 2353 2354
2355 2352 2354
2352 2356 2353
2357 2358 2359
2357 2359 2360
2359 2358 2361
2359 2361 2362
2363 2364 2365
2366 2367 2368
2366 2368 2369
2370 2366 2369
2370 2371 2366
2372 2371 2370
2372 2373 2371
2374 2373 2372
2374 2375 2373
2376 2375 2374
2376 2377 2375
2378 2377 2376
2378 2376 2379
2380 2381 2382
2380 2382 2383
2384 2383 2382
2385 2386 2387
2385 2387 2388
2388 2387 2389
2388 2389 2390
2390 2389 2391
2390 2391 2392
2391 2393 2392
2391 2394 2393
2395 2396 2397
2397 2396 2398
2399 2397 2398
2400 2397 2399
2398 2401 2399
2398 2402 2401
2398 2403 2402
2403 2404 2402
2405 2406 2407
2405 2407 2408
2406 2405 2409
2408 2407 2410
2408 2410 2411
2411 2410 2412
2409 2413 2406
2406 2413 384
384 2413 2414
2409 2415 2413
2413 2415 386
2409 2416 2415
2409 2417 2416
2409 2418 2417
2417 2418 342
2417 342 389
341 389 342
2419 2420 2421
2421 2420 2422
2421 2422 2423
2423 2422 2424
2423 2424 2425
2425 2424 2426
2427 2426 2424
2426 2427 2428
2429 347 2430
347 2431 2430
2431 347 345
2432 345 2433
2432 2433 2434
2435 2432 2434
2435 2436 2432
2437 2436 2435
2437 2438 2439
2440 2439 2438
2440 2441 2439
2441 2440 2442
2443 2444 2445
2446 2445 2444
2446 2444 2447
2446 2447 2448
2443 2449 2450
2449 2451 2450
2449 2452 2451
2453 2451 2452
2453 402 2451
401 2454 402
401 2455 2454
2456 2454 2455
2454 2457 402
2454 2458 2457
2459 2458 2454
2460 2461 2462
2460 2462 2463
2460 2463 2464
2462 2461 2465
319 2462 2465
319 2465 320
2466 2467 2468
2467 2469 2468
2467 2470 2469
2470 2471 2469
2470 2472 2471
2472 2473 2471
2474 2471 2473
2473 2475 2474
2476 2477 2478
2476 2478 2479
2476 2479 484
471 484 496
496 2480 471
2481 2482 2483
2481 2483 2484
2485 2486 2487
2485 2487 2488
2489 2490 2491
2489 2491 2492
2493 2489 2492
2492 2494 2493
2494 2495 2493
2494 2496 2495
2497 2498 2499
2498 2500 2499
2500 2498 2501
2500 2501 2502
2499 2503 2497
2499 2504 2503
2505 2506 2507
2505 2507 2508
2509 2510 2511
2509 2511 2512
2513 2514 2515
2513 2515 2516
2517 2518 2519
2517 2519 2520
2521 2522 2523
2521 2523 2524
2525 2526 2527
2525 2527 2528
2529 2530 2531
2529 2531 2532
2533 2534 2535
2533 2535 2536
2537 2538 2539
2537 2539 2540
2541 2542 2543
2541 2543 2544
2545 2546 2547
2545 2547 2548
2549 2550 2551
2549 2551 2552
2553 2554 2555
2553 2555 2556
2557 2558 2559
2557 2559 2560
2561 2562 2563
2561 2563 2564
2565 2566 2567
2565 2567 2568
2569 2570 2571
2570 2572 2571
2569 2573 2570
2569 2574 2573
2574 2575 2573
2574 2576 2575
2577 2575 2576
2577 2576 2578
2576 2579 2578
2577 2580 2575
2577 2581 2580
2577 2582 2581
2579 2583 2578
2579 2584 2583
2585 2583 2584
2585 2584 2586
2585 2587 2583
2585 2588 2587
2585 2589 2588
2587 2590 2583
2591 2592 2593
2592 2594 2593
2592 2595 2594
2595 2596 2594
2595 2597 2596
2598 2596 2597
2598 2597 2599
2599 2600 2598
2599 2601 2600
2598 2602 2596
2602 2603 2596
2602 2604 2603
2602 2605 2604
2606 2604 2605
2606 2605 2607
2605 2608 2607
2609 2606 2607
2609 2607 2610
2606 2611 2604
2612 2613 2614
2612 2614 2615
2616 2617 2618
2616 2618 2619
2620 2621 2622
2620 2622 2623
2624 2625 2626
2624 2626 2627
2628 2629 2630
2628 2630 2631
2632 2633 2634
2632 2634 2635
2636 2637 2638
2636 2638 2639
2640 2641 2642
2640 2642 2643
2644 2645 2646
2644 2646 2647
2648 2649 2650
2648 2650 2651
2652 2653 2654
2652 2654 2655
2656 2657 2658
2656 2658 2659
2660 2661 2662
2660 2662 2663
2664 2665 2666
2664 2666 2667
2668 2667 2666
2668 2591 2667
2591 2668 2592
2669 2670 2671
2669 2671 2672
2670 2669 2571
2670 2571 2572
2673 2674 2675
2673 2675 2676
2677 2678 2679
2677 2679 2680
2681 2682 2683
2681 2683 2684
2685 2686 2687
2685 2687 2688
2686 2689 2687
2690 2691 2692
2692 2693 2690
2694 2695 2693
2695 2694 2696
2697 2698 2699
2697 2699 2700
2701 2702 2703
2701 2703 2704
2701 2704 2705
2701 2705 2706
2707 2708 2709
2707 2709 2710
2711 2712 2713
2711 2713 2714
2714 2715 2711
2716 2717 2712
2716 2712 2718
2718 2719 2716
2720 2712 2721
2720 2721 2722
2722 2723 2720
2724 2725 2712
2724 2712 2726
2726 2727 2724
2728 2729 2730
2728 2730 2731
2732 2733 2734
2732 2734 2735
2735 2734 2736
2737 2738 2739
2737 2739 2740
2741 2742 2743
2741 2743 2744
2745 2746 2747
2745 2748 2746
2749 2750 2751
2749 2751 2752
2750 2753 2751
2754 2755 2756
2756 2757 2754
2758 2759 2757
2759 2758 2760
2761 2762 2763
2761 2763 2764
2765 2766 2767
2765 2767 2768
2765 2768 2769
2765 2769 2770
2771 2772 2773
2771 2773 2774
2775 2776 2777
2775 2777 2778
2778 2779 2775
2780 2781 2776
2780 2776 2782
2782 2783 2780
2784 2785 2786
2784 2786 2787
2787 2786 2788
2789 2790 2791
2790 2789 2792
2793 2792 2794
2794 2795 2793
2796 2797 2798
2796 2798 2799
2800 2801 2802
2800 2802 2803
2800 2804 2801
2800 2805 2804
2806 2807 2808
2806 2808 2809
2810 2811 2812
2810 2812 2813
2811 2814 2812
2815 2816 2817
2817 2818 2815
2819 2820 2818
2820 2819 2821
2822 2823 2824
2822 2824 2825
2826 2827 2828
2826 2828 2829
2826 2829 2830
2826 2830 2831
2832 2833 2834
2832 2834 2835
2836 2837 2838
2836 2838 2839
2840 2841 2842
2840 2842 2843
2843 2842 2844
2845 2846 2847
2845 2847 2848
2849 2850 2851
2849 2851 2852
2853 2854 2855
2853 2856 2854
2857 2858 2859
2857 2859 2860
2858 2861 2859
2862 2863 2864
2862 2864 2865
2866 2867 2868
2866 2868 2869
2870 2871 2872
2870 2872 2873
2873 2874 2870
2875 2876 2871
2875 2871 2877
2878 2879 2880
2878 2880 2881
2881 2880 2882
2883 2884 2885
2883 2885 2886
2887 2888 2889
2887 2889 2890
2891 2892 2893
2894 2895 2896
2897 2898 2899
2898 2897 2900
2901 2900 2897
2897 2902 2901
2902 2897 2903
2904 2903 2897
2897 2905 2906
2905 2897 2907
2908 2907 2897
2897 2909 2908
2909 2897 2910
2911 2910 2897
2912 2913 2914
2915 2916 2917
2918 2919 2920
2921 2922 2923
2921 2923 2924
2924 2923 2925
2926 2927 2928
2926 2928 2929
2926 2930 2927
2926 2931 2930
2928 2932 2933
2928 2933 2934
2930 2935 2936
2937 2936 2935
2937 2938 2936
2930 2936 2939
2940 2941 2942
2940 2942 2943
2940 2944 2941
2940 2945 2944
2946 2941 2947
2946 2947 2948
2946 2949 2941
2946 2950 2949
2951 2952 2953
2954 2955 2956
2954 2956 2957
2955 2958 2956
2954 2959 2960
2954 2960 2961
2959 2962 2960
2954 2963 2964
2954 2964 2965
2965 2964 2966
2954 2967 2968
2954 2968 2969
2969 2968 2970
2971 2972 2973
2971 2973 2974
2974 2973 2975
2976 2977 2978
2976 2978 2979
2976 2980 2977
2976 2981 2980
2982 2983 2984
2982 2984 2985
2986 2985 2984
2986 2984 2987
2988 2989 2986
2988 2986 2990
2988 2990 2991
2988 2991 2992
2991 2993 2994
2991 2994 2995
2996 2997 2998
2996 2998 2999
2996 3000 2997
2996 3001 3000
3002 2997 3003
3002 3003 3004
3002 3005 2997
3002 3006 3005
3007 3008 3009
3010 3011 3012
3010 3012 3013
3011 3014 3012
3010 3015 3016
3010 3016 3017
3017 3016 3018
3010 3019 3020
3010 3020 3021
3019 3022 3020
3010 3023 3024
3010 3024 3025
3025 3024 3026
3027 3028 3029
3027 3029 3030
3028 3031 3029
3032 3033 3034
3032 3034 3035
3036 3037 3038
3036 3038 3039
3040 3041 3042
3043 3044 3045
3043 3045 3046
3046 3045 3047
3048 3049 3050
3051 3052 3053
3051 3053 3054
3054 3053 3055
3056 3057 3058
3056 3058 3059
3056 3060 3057
3056 3061 3060
3062 3063 3064
3065 3066 3067
3065 3067 3068
3066 3069 3067
3070 3071 3072
3070 3072 3073
3074 3075 3076
3077 3078 3079
3077 3079 3080
3078 3081 3079
3082 3083 3084
3082 3084 3085
3086 3087 3088
3089 3090 3091
3089 3091 3092
3090 3093 3091
3094 3095 3096
3094 3096 3097
3098 3099 3100
3098 3100 3101
3102 3103 3104
3105 3106 3107
3105 3107 3108
3109 3110 3111
3109 3111 3112
3113 3114 3115
3113 3115 3116
3117 3118 3119
3117 3119 3120
3121 3122 3123
3121 3123 3124
3125 3126 3127
3125 3127 3128
3129 3130 3131
3129 3131 3132
3133 3134 3135
3133 3135 3136
3137 3138 3139
3137 3139 3140
3141 3142 3143
3141 3143 3144
3145 3146 3147
3145 3147 3148
3149 3150 3151
3149 3151 3152
3153 3154 3155
3153 3155 3156
3157 3158 3159
3157 3159 3160
3161 3162 3163
3161 3163 3164
3165 3166 3167
3165 3167 3168
3169 3170 3171
3169 3171 3172
3173 3174 3175
3173 3175 3176
3177 3178 3179
3177 3179 3180
3181 3182 3183
3181 3183 3184
3185 3186 3187
3188 3189 3190
3191 3192 3193
3194 3195 3196
3197 3198 3199
3197 3199 3200
3201 3202 3203
3201 3203 3204
3205 3206 3207
3205 3207 3208
3209 3210 3211
3209 3211 3212
3213 3214 3215
3213 3215 3216
3217 3218 3219
3217 3219 3220
3221 3222 3223
3221 3223 3224
3225 3226 3227
3225 3227 3228
3229 3230 3231
3229 3231 3232
3233 3234 3235
3233 3235 3236
3237 3238 3239
3237 3239 3240
3241 3242 3243
3241 3243 3244
3245 3246 3247
3245 3247 3248
3249 3250 3251
3249 3251 3252
3253 3254 3255
3253 3255 3256
3257 3258 3259
3257 3259 3260
3261 3262 3263
3261 3263 3264
3265 3266 3267
3265 3267 3268
3269 3270 3271
3269 3271 3272
3273 3274 3275
3273 3275 3276
3277 3278 3279
3280 3281 3282
3283 3284 3285
3286 3287 3288
3289 3290 3291
3290 3289 3292
3290 3292 3293
3292 3294 3293
3292 3295 3294
3295 3296 3294
3295 3297 3296
3289 3291 3298
3299 3300 3301
3299 3301 3302
3300 3303 3301
3300 3304 3303
3304 3305 3303
3304 3306 3305
3306 3307 3305
3306 3308 3307
3308 3309 3307
3308 3310 3309
3311 3312 3313
3311 3313 3314
3312 3315 3313
3312 3316 3315
3316 3317 3315
3316 3318 3317
3319 3311 3314
3319 3320 3311
3321 3322 3323
3323 3324 3321
3324 3325 3321
3324 3326 3325
3326 3327 3325
3326 3328 3327
3328 3329 3327
3328 3330 3329
3331 3332 3333
3331 3333 3334
3335 3336 3337
3335 3337 3338
3339 3340 3341
3339 3341 3342
3343 3344 3345
3343 3345 3346
3347 3345 3344
3347 3344 3348
3349 3350 3351
3349 3351 3352
3353 3354 3355
3353 3355 3356
3357 3358 3359
3357 3359 3360
3360 3359 3361
3360 3361 3362
3363 3359 3358
3363 3364 3359
3363 3365 3364
3366 3365 3363
3365 3366 3367
3367 3368 3365
3369 3368 3367
3369 3370 3368
3368 3371 3365
3365 3372 3364
3373 3372 3365
3373 3374 3372
3370 3369 3375
3369 3376 3375
3374 3373 3377
3373 3378 3377
3373 3379 3378
3380 3378 3379
3380 3381 3378
3381 3380 3382
3381 3382 3383
3384 3385 3386
3384 3386 3387
3388 3385 3384
3388 3389 3385
3386 3385 3390
3385 3391 3390
3391 3392 3390
3392 3391 3393
3391 3394 3393
3394 3395 3393
3394 3396 3395
3391 3397 3394
3385 3398 3391
3398 3399 3391
3400 3391 3399
3400 3401 3391
3400 3402 3401
3396 3403 3395
3403 3404 3395
3402 3405 3401
3402 3406 3405
3406 3407 3405
3406 3408 3407
3408 3409 3407
3408 3410 3409
3411 3412 3413
3411 3413 3414
3415 3416 3417
3415 3417 3418
3419 3420 3421
3419 3421 3422
3423 3424 3425
3423 3425 3426
3427 3428 3429
3427 3429 3430
3431 3432 3433
3431 3433 3434
3433 3435 3434
3433 3436 3435
3437 3438 3439
3437 3439 3440
3441 3442 3443
3441 3443 3444
3445 3446 3447
3445 3447 3448
3449 3450 3451
3449 3451 3452
3453 3454 3455
3453 3455 3456
3457 3458 3459
3457 3459 3460
3461 3462 3463
3461 3463 3464
3465 3466 3467
3465 3467 3468
3469 3470 3471
3469 3471 3472
3471 3473 3472
3471 3474 3473
3475 3473 3474
3475 3476 3473
3477 3476 3475
3477 3475 3478
3477 3478 3479
3477 3479 3480
3481 3480 3479
3481 3482 3480
3483 3482 3481
3483 3481 3484
3485 3470 3469
3486 3485 3469
3486 3487 3485
3486 3488 3487
3485 3487 3489
3485 3489 3490
3491 3490 3489
3491 3492 3490
3491 3493 3492
3491 3494 3493
3495 3493 3494
3495 3494 3496
3496 3497 3495
3496 3498 3497
3498 3499 3497
3498 3500 3499
3500 3501 3499
3500 3502 3501
3500 3503 3502
3503 3504 3502
3503 3505 3504
3505 3506 3504
3505 3507 3506
3508 3509 3510
3508 3510 3511
3509 3508 3512
3509 3512 3513
3513 3512 3514
3513 3514 3515
3516 3515 3514
3516 3517 3515
3518 3517 3516
3518 3519 3517
3519 3518 3520
3519 3520 3521
3510 3522 3511
3510 3523 3522
3522 3523 3524
3522 3524 3525
3522 3525 3526
3527 3525 3524
3527 3524 3528
3527 3528 3529
3527 3529 3530
3531 3526 3525
3529 3532 3530
3529 3533 3532
3534 3532 3533
3534 3533 3535
3535 3536 3534
3535 3537 3536
3537 3538 3536
3536 3538 3539
3538 3540 3539
3540 3541 3539
3540 3542 3541
3542 3543 3541
3542 3544 3543
3544 3545 3543
3544 3546 3545
3547 3548 3549
3547 3549 3550
3551 3552 3553
3551 3553 3554
3555 3556 3557
3555 3557 3558
3559 3560 3561
3559 3561 3562
3563 3564 3565
3563 3565 3566
3567 3565 3564
3567 3564 3568
3569 3570 3571
3569 3571 3572
3573 3574 3575
3573 3575 3576
3577 3578 3579
3577 3579 3580
3581 3582 3583
3581 3583 3584
3585 3586 3587
3585 3587 3588
3589 3590 3591
3589 3591 3592
3593 3594 3595
3593 3595 3596
3597 3598 3599
3597 3599 3600
3601 3602 3603
3601 3603 3604
3605 3606 3607
3605 3607 3608
3609 3610 3611
3609 3611 3612
3613 3614 3615
3613 3615 3616
3617 3618 3619
3617 3619 3620
3621 3622 3623
3621 3623 3624
3625 3623 3622
3625 3626 3623
3627 3628 3629
3627 3629 3630
3631 3628 3627
3631 3627 3632
3633 3634 3635
3633 3635 3636
3637 3638 3639
3637 3639 3640
3641 3642 3643
3641 3643 3644
3645 3646 3647
3645 3647 3648
3649 3650 3651
3649 3651 3652
3653 3654 3655
3653 3655 3656
3657 3656 3655
3657 3655 3658
3659 3660 3661
3659 3661 3662
3663 3659 3662
3663 3664 3659
3665 3666 3667
3665 3667 3668
3669 3670 3671
3669 3671 3672
3673 3674 3675
3673 3675 3676
3677 3678 3679
3677 3679 3680
3681 3682 3683
3681 3683 3684
3685 3681 3684
3681 3685 3686
3681 3686 3687
3688 3689 3690
3688 3690 3691
3688 3691 3692
3691 3693 3692
3691 3694 3693
3695 3696 3697
3695 3697 3698
3699 3700 3701
3699 3701 3702
3703 3704 3705
3703 3705 3706
3703 3707 3704
3708 3709 3710
3708 3710 3711
3708 3712 3709
3713 3714 3715
3713 3715 3716
3717 3718 3719
3717 3719 3720
3721 3722 3723
3721 3723 3724
3725 3726 3727
3725 3727 3728
3729 3730 3731
3729 3731 3732
3733 3734 3735
3733 3735 3736
3737 3738 3739
3737 3739 3740
3741 3742 3743
3741 3743 3744
3745 3746 3747
3745 3747 3748
3749 3750 3751
3749 3751 3752
3753 3754 3755
3753 3755 3756
3757 3758 3759
3757 3759 3760
3761 3762 3763
3761 3763 3764
3765 3766 3767
3765 3767 3768
3769 3770 3771
3769 3771 3772
3773 3774 3775
3773 3775 3776
3777 3778 3779
3777 3779 3780
3781 3782 3783
3781 3783 3784
3785 3786 3787
3785 3787 3788
3789 3790 3791
3789 3791 3792
3793 3794 3795
3793 3795 3796
3797 3798 3799
3797 3799 3800
3801 3802 3803
3801 3803 3804
3805 3806 3807
3805 3807 3808
3809 3810 3811
3809 3811 3812
3813 3814 3815
3813 3815 3816
3817 3814 3813
3817 3818 3814
3819 3820 3821
3819 3821 3822
3822 3821 3823
3822 3823 3824
3824 3823 3825
3824 3825 3826
3826 3825 3827
3826 3827 3828
3829 3830 3831
3829 3831 3832
3833 3831 3830
3833 3830 3834
3835 3833 3834
3835 3836 3833
3837 3836 3835
3837 3838 3836
3839 3840 3841
3839 3841 3842
3843 3844 3845
3843 3845 3846
3843 3846 3847
3843 3847 3848
3849 3850 3851
3849 3851 3852
3853 3854 3855
3853 3855 3856
3853 3857 3854
3856 3855 3858
3859 3860 3861
3862 3863 3864
3862 3864 3865
3866 3867 3868
3866 3868 3869
3866 3869 3870
3866 3870 3871
3872 3869 3873
3872 3873 3874
3872 3875 3869
3872 3876 3875
3877 3878 3879
3877 3879 3880
3881 3882 3883
3881 3883 3884
3885 3886 3887
3885 3887 3888
3889 3890 3891
3889 3891 3892
3892 3891 3893
3892 3893 3894
3893 3895 3894
3893 3896 3895
3897 3895 3896
3897 3896 3898
3899 3900 3901
3899 3901 3902
3903 3904 3905
3903 3905 3906
3903 3907 3904
3903 3908 3907
3909 3910 3911
3909 3911 3912
3913 3914 3915
3913 3915 3916
3917 3918 3919
3917 3919 3920
3921 3922 3923
3921 3923 3924
3925 3926 3927
3925 3927 3928
3929 3930 3931
3929 3931 3932
3929 3932 3933
3930 3934 3931
3935 3936 3937
3938 3939 3940
3938 3940 3941
3942 3943 3944
3942 3944 3945
3946 3947 3948
3946 3948 3949
3950 3951 3952
3950 3952 3953
3954 3955 3956
3954 3956 3957
3958 3959 3960
3958 3960 3961
3962 3963 3964
3962 3964 3965
3966 3967 3968
3966 3968 3969
3970 3971 3972
3970 3972 3973
3974 3975 3976
3974 3976 3977
3978 3979 3980
3978 3980 3981
3982 3983 3984
3982 3984 3985
3986 3987 3988
3986 3988 3989
3990 3991 3992
3990 3992 3993
3994 3995 3996
3994 3996 3997
3998 3999 4000
3998 4000 4001
4002 4003 4004
4002 4004 4005
4006 4007 4008
4006 4008 4009
4010 4011 4012
4010 4012 4013
4014 4015 4016
4014 4016 4017
4018 4019 4020
4018 4020 4021
4022 4023 4024
4022 4024 4025
4026 4027 4028
4026 4028 4029
4030 4031 4032
4030 4032 4033
4034 4035 4036
4034 4036 4037
4038 4035 4034
4035 4038 4039
4039 4038 4040
4039 4040 4041
4042 4043 4044
4044 4043 4045
4045 4046 4044
4045 4047 4046
4043 4042 4048
4043 4048 4049
4050 4051 4052
4050 4052 4053
4054 4055 4056
4054 4056 4057
4058 4059 4060
4058 4060 4061
4062 4063 4064
4062 4064 4065
4066 4067 4068
4066 4068 4069
4070 4071 4072
4070 4072 4073
4074 4075 4076
4074 4076 4077
4078 4079 4080
4078 4080 4081
4078 4082 4079
4083 4082 4078
4083 4078 4084
4084 4085 4083
4086 4087 4088
4086 4088 4089
4090 4091 4092
4090 4092 4093
4090 4093 4094
4090 4094 4095
4090 4095 4096
4095 4097 4096
4098 4099 4100
4098 4100 4101
4102 4103 4104
4102 4104 4105
4106 4107 4108
4106 4108 4109
4110 4111 4112
4110 4112 4113
4114 4115 4116
4114 4116 4117
4118 4119 4120
4118 4120 4121
4122 4123 4124
4122 4124 4125
4126 4127 4128
4126 4128 4129
4130 4131 4132
4130 4132 4133
4134 4135 4136
4134 4136 4137
4138 4139 4140
4138 4140 4141
4140 4142 4141
4140 4143 4142
4144 4142 4143
4144 4143 4145
4138 4146 4139
4138 4147 4146
4148 4146 4147
4148 4147 4149
4150 4151 4152
4150 4152 4153
4154 4152 4151
4154 4151 4155
4156 4157 4158
4156 4158 4159
4160 4158 4157
4160 4157 4161
4156 4159 4162
4156 4162 4163
4162 4164 4163
4162 4165 4164
4166 4164 4165
4166 4165 4167
4168 4169 4170
4168 4170 4171
4172 4170 4169
4172 4169 4173
4174 4175 4176
4174 4176 4177
4175 4174 4178
4175 4178 4179
4180 4181 4182
4180 4182 4183
4184 4181 4180
4184 4185 4181
4186 4187 4188
4186 4188 4189
4190 4191 4192
4192 4193 4190
4193 4194 4190
4191 4195 4192
4193 4192 4196
4193 4196 4197
4198 4199 4200
4200 4201 4198
4200 4202 4201
4199 4198 4203
4201 4204 4198
4201 4205 4204
4206 4207 4208
4206 4208 4209
4210 4211 4212
4210 4212 4213
4214 4215 4216
4214 4216 4217
4218 4219 4220
4218 4220 4221
4222 4223 4224
4222 4224 4225
4226 4227 4228
4226 4228 4229
4230 4231 4232
4230 4232 4233
4234 215 210
