byte offset: 0
first index: 0
index count: 5826
topology: trianglelist
format: DXGI_FORMAT_R16_UINT

0 1 2
2 1 3
2 3 4
5 2 4
6 2 5
6 0 2
7 0 6
8 7 6
9 6 5
8 6 9
4 3 10
7 8 11
7 11 12
13 7 12
7 13 0
14 13 12
15 9 5
15 5 16
5 4 16
16 4 17
4 10 17
18 13 14
18 0 13
19 15 16
19 16 20
16 17 20
20 17 21
22 21 17
10 22 17
21 23 20
23 21 24
21 25 24
21 22 25
25 22 26
27 23 24
27 28 23
28 20 23
28 29 20
29 19 20
0 18 1
30 31 32
31 33 32
33 31 34
34 35 33
35 34 36
36 37 35
37 36 38
38 39 37
39 38 40
40 41 39
41 40 42
42 43 41
43 42 44
44 45 43
45 44 46
47 45 46
45 47 48
49 48 47
48 49 50
51 50 49
50 51 52
52 51 53
53 54 52
55 54 53
53 56 55
57 55 56
56 58 57
58 56 59
59 60 58
60 59 61
61 62 60
62 61 63
63 64 62
64 63 65
65 66 64
66 65 67
55 57 68
55 69 54
68 69 55
66 67 70
67 71 70
71 72 70
71 73 72
74 72 73
72 74 75
76 75 74
75 76 77
78 77 76
77 78 79
80 79 78
68 81 69
81 82 69
69 82 83
82 84 83
69 83 85
69 85 54
86 87 88
87 89 88
89 87 90
90 91 89
91 90 92
92 93 91
93 92 94
93 94 95
95 96 93
96 95 97
97 98 96
99 98 97
97 100 99
101 99 100
100 102 101
103 101 102
102 104 103
103 104 105
105 106 103
106 105 107
107 108 106
107 109 108
108 109 110
111 108 110
112 111 110
109 112 110
113 111 112
113 112 114
115 113 114
115 114 116
117 115 116
115 117 118
117 119 118
119 117 120
120 121 119
121 120 122
122 123 121
123 122 124
124 125 123
125 124 126
126 127 125
127 126 128
128 129 127
129 128 130
130 131 129
131 130 132
132 133 131
133 132 134
134 135 133
136 137 138
138 139 136
138 137 140
138 140 141
141 142 138
142 141 143
143 144 142
144 143 145
145 146 144
146 145 147
147 148 146
148 147 149
150 148 149
151 150 149
150 151 152
153 152 151
152 153 154
155 154 153
154 155 156
157 156 155
156 157 158
159 158 157
158 159 160
159 161 160
162 163 164
163 162 165
166 164 163
164 166 167
168 167 166
167 168 169
170 169 168
169 170 171
172 171 170
171 172 173
174 173 172
173 174 175
176 175 174
175 176 177
178 177 176
177 178 179
180 179 178
179 180 181
182 181 180
181 182 183
184 183 182
183 184 185
184 186 185
187 188 189
188 187 190
191 189 188
189 191 192
193 192 191
192 193 194
193 195 194
194 195 196
195 197 196
196 198 194
199 198 196
196 200 199
200 201 199
202 199 201
201 203 202
203 204 202
202 205 206
207 208 209
208 207 210
210 207 211
208 212 209
213 209 212
213 214 209
213 215 214
215 213 216
216 217 215
217 216 218
218 219 217
219 218 220
220 221 219
221 220 222
222 223 221
223 222 224
224 225 223
225 224 226
226 227 225
227 226 228
229 227 228
227 229 230
231 232 233
232 231 234
234 235 232
235 234 236
237 235 236
237 236 238
239 237 238
238 240 239
240 238 241
241 242 240
242 241 243
243 244 242
244 243 245
244 245 246
247 231 233
231 247 248
249 244 246
250 249 246
246 251 250
252 253 254
255 253 252
252 254 256
254 257 256
257 258 256
258 257 259
258 259 260
260 259 261
260 261 262
261 263 262
264 262 263
262 264 265
266 265 264
265 266 267
268 267 266
267 268 269
270 269 268
269 270 271
272 271 270
271 272 273
272 274 273
275 276 277
276 275 278
279 278 275
278 279 280
275 281 279
281 275 282
283 277 276
277 283 284
285 284 283
284 285 286
287 286 285
286 287 288
289 288 287
290 291 292
290 293 291
293 290 294
292 295 290
294 296 293
292 297 295
298 295 297
298 297 299
300 298 299
300 299 301
302 300 301
300 302 303
303 302 304
303 304 305
305 304 306
307 305 306
308 307 306
308 309 307
309 308 310
311 309 310
312 311 310
311 312 313
314 313 312
313 314 315
314 316 315
317 318 319
318 317 320
321 318 320
317 319 322
323 322 319
322 323 324
325 324 323
324 325 326
327 326 325
326 327 328
329 328 327
328 329 330
331 330 329
330 331 332
333 334 335
336 334 333
336 337 334
334 337 338
337 339 338
337 336 340
337 340 341
337 341 339
341 340 342
342 343 341
343 342 344
345 343 344
346 343 345
346 347 343
341 343 347
347 348 341
341 348 339
347 346 349
344 350 345
350 344 351
344 352 351
352 353 351
353 352 354
355 353 354
349 346 356
345 356 346
348 347 357
349 357 347
358 357 349
359 358 349
358 359 360
358 360 361
361 360 362
360 363 362
363 360 359
364 362 363
362 364 365
366 362 365
362 366 367
367 361 362
365 368 366
368 365 369
370 365 364
365 370 369
369 371 368
371 369 372
370 372 369
372 373 371
373 372 374
372 375 374
375 372 376
372 370 376
377 373 374
373 377 378
379 378 377
377 380 379
380 377 381
374 381 377
381 374 375
378 379 382
383 382 379
380 383 379
382 383 384
383 380 385
386 387 388
388 389 386
389 388 390
391 387 386
392 390 388
388 387 393
392 388 393
392 393 394
395 390 392
395 396 390
396 389 390
397 389 396
395 392 398
398 392 394
398 394 399
398 400 395
395 400 401
395 401 402
395 402 396
402 403 396
403 397 396
403 402 404
402 401 404
403 404 405
403 405 406
407 403 406
407 397 403
408 397 407
409 408 407
409 407 406
408 409 410
411 410 409
411 412 410
410 412 413
408 410 413
413 414 408
404 415 405
416 415 404
415 416 417
404 418 416
419 418 404
417 416 420
421 408 414
414 422 421
422 391 421
421 397 408
421 391 386
421 386 389
389 397 421
420 423 417
424 423 420
425 426 427
426 425 428
427 429 425
429 427 430
430 431 429
431 430 432
428 433 426
433 428 434
434 435 433
435 434 436
436 437 435
437 436 438
439 437 438
440 439 438
441 439 440
442 431 432
431 442 443
444 443 442
445 446 447
446 445 448
448 445 449
446 450 447
450 446 451
451 452 450
452 451 453
454 452 453
452 454 455
454 456 455
457 455 456
456 458 457
457 458 459
459 460 457
459 461 460
460 461 462
461 463 462
460 462 464
464 462 465
465 462 463
463 466 465
465 466 467
467 468 465
468 469 465
470 465 469
470 469 471
465 470 472
464 465 472
472 470 473
470 474 473
470 471 474
474 471 475
471 476 475
471 477 476
469 477 471
469 478 477
469 468 478
479 477 478
479 480 477
477 480 476
476 480 481
472 473 482
483 472 482
483 482 484
485 483 484
486 485 484
484 487 486
488 486 487
478 489 479
490 479 489
479 490 491
479 492 480
492 479 493
493 479 491
492 493 494
495 492 494
496 492 495
492 496 497
495 498 496
499 496 498
500 496 499
501 500 499
502 496 500
503 502 500
492 497 504
492 504 480
498 495 505
505 506 498
498 506 507
506 508 507
509 508 506
509 506 505
510 507 508
508 511 510
509 512 508
511 508 513
511 513 514
510 515 507
515 498 507
510 516 515
510 517 516
518 516 517
516 499 515
498 515 499
499 516 519
499 519 520
516 521 519
521 516 518
518 522 521
522 518 523
524 523 518
524 518 517
523 524 525
525 526 523
526 525 527
527 528 526
528 527 529
529 530 528
530 529 531
531 532 530
530 532 533
533 528 530
533 532 534
526 535 523
535 522 523
528 533 536
526 536 535
536 526 528
534 536 533
522 537 521
537 519 521
519 537 520
536 534 538
538 535 536
535 538 539
540 535 539
537 522 540
535 540 522
499 520 501
541 542 543
542 541 544
543 545 541
545 543 546
546 547 545
547 546 548
544 549 542
549 544 550
551 549 550
549 551 552
553 552 551
552 553 554
555 554 553
554 555 556
557 556 555
556 557 558
559 558 557
558 559 560
548 561 547
561 548 562
563 561 562
564 560 559
560 564 565
566 565 564
565 566 567
566 568 567
568 566 569
569 570 568
570 569 571
571 572 570
572 571 573
574 572 573
575 576 577
576 575 578
577 579 575
579 577 580
578 581 576
581 578 582
582 583 581
583 582 584
584 585 583
585 584 586
586 587 585
587 586 588
588 589 587
589 588 590
580 591 579
591 580 592
592 593 591
593 592 594
594 595 593
595 594 596
596 597 595
597 596 598
598 599 597
599 598 600
601 599 600
590 602 589
602 590 603
603 604 602
604 603 605
605 606 604
606 605 607
607 608 606
608 607 609
608 609 610
611 612 613
614 612 611
614 615 612
615 614 616
616 617 615
616 618 617
617 618 619
619 618 620
621 619 620
620 488 621
621 488 622
488 487 622
623 624 625
624 623 626
627 624 626
627 626 628
628 629 627
623 625 630
631 630 625
625 632 631
633 631 632
634 633 632
632 635 634
635 636 634
635 637 636
637 635 638
639 636 637
637 640 639
641 640 637
641 637 638
642 640 641
640 642 643
644 640 643
645 644 643
646 645 643
642 646 643
640 644 647
647 639 640
648 645 646
645 648 649
650 649 648
649 650 651
652 651 650
651 652 653
654 653 652
653 654 655
654 656 655
656 654 657
656 657 658
657 659 658
658 660 656
658 661 660
639 647 662
639 662 663
664 639 663
636 639 664
636 664 665
665 634 636
664 663 666
664 666 667
665 664 667
668 667 666
667 668 669
669 665 667
669 668 670
668 671 670
671 672 670
673 672 671
672 673 674
674 673 675
676 674 675
673 677 675
675 677 678
677 679 678
675 678 680
675 680 681
675 681 676
676 681 682
683 684 685
684 683 686
685 684 687
688 686 683
686 688 689
690 689 688
689 690 691
692 691 690
691 692 693
694 693 692
695 696 697
696 695 698
699 698 695
698 699 700
701 700 699
700 701 702
703 702 701
702 703 704
703 705 704
705 703 706
706 707 705
707 706 708
709 710 711
710 709 712
713 712 709
712 713 714
715 714 713
714 715 716
716 715 717
716 717 718
719 720 721
719 722 720
722 719 723
723 724 722
724 723 725
726 724 725
724 726 727
728 727 726
727 728 729
728 730 729
730 728 731
731 732 730
733 734 735
734 733 736
737 735 734
735 737 738
739 738 737
738 739 740
741 740 739
740 741 742
743 742 741
742 743 744
743 745 744
745 743 746
747 736 733
736 747 748
749 748 747
748 749 750
751 750 749
750 751 752
753 752 751
754 755 756
756 757 754
758 757 756
758 759 757
760 759 758
759 760 761
762 761 760
761 762 763
764 763 762
765 764 762
765 766 764
767 764 766
768 767 766
767 768 769
768 770 769
770 768 771
771 772 770
773 774 775
776 773 775
777 776 778
779 777 778
780 781 782
780 783 781
783 780 784
785 783 784
784 786 785
784 787 786
787 784 788
780 788 784
781 783 789
783 790 789
783 785 790
785 791 790
790 791 792
793 790 792
793 789 790
793 794 789
794 793 795
794 795 796
797 789 794
798 794 796
798 797 794
798 799 797
781 797 799
797 781 789
799 798 800
800 801 799
801 802 799
798 796 803
798 803 804
798 804 800
802 805 799
782 781 799
805 782 799
805 806 782
782 806 807
806 808 807
809 807 808
807 809 810
811 810 809
810 811 812
812 813 810
813 812 814
815 813 814
813 815 788
810 780 807
780 810 813
788 780 813
780 782 807
787 788 815
816 787 815
811 817 812
817 814 812
814 817 818
819 818 817
819 820 818
814 820 815
820 814 818
820 816 815
821 822 823
821 824 822
825 821 823
821 825 826
826 825 827
828 826 827
828 827 829
828 830 826
830 821 826
821 830 831
827 825 832
827 832 833
834 833 832
835 833 834
835 827 833
827 835 829
834 832 836
832 837 836
836 837 838
825 823 839
832 839 837
825 839 832
829 840 828
834 841 835
834 842 841
842 843 841
843 842 844
845 844 842
834 845 842
834 846 845
834 836 846
845 846 847
844 845 848
847 848 845
848 849 844
846 836 850
848 847 851
849 848 851
849 851 852
852 851 853
851 854 853
851 847 854
855 853 854
856 855 854
855 856 857
858 856 854
859 858 854
859 854 847
860 849 852
849 860 861
850 859 862
862 859 847
850 862 846
846 862 847
849 861 844
861 843 844
863 864 512
512 864 865
864 866 865
867 866 864
864 868 867
869 866 867
866 869 870
871 866 870
872 868 864
864 863 872
869 867 873
868 873 867
868 874 873
875 874 868
874 876 873
873 876 877
868 878 875
875 879 874
879 876 874
875 880 879
880 875 881
881 875 882
875 878 882
873 883 869
883 873 877
884 879 880
879 884 885
879 885 876
886 884 880
887 886 880
887 880 881
886 887 888
889 886 888
886 889 884
890 889 888
890 888 891
883 877 892
892 893 883
893 892 894
893 869 883
869 893 895
894 896 893
896 895 893
896 894 897
895 896 898
899 898 896
899 896 897
900 899 897
901 899 900
899 901 902
903 902 901
902 903 904
905 904 903
904 905 906
905 907 906
906 907 908
908 907 909
898 899 910
902 910 899
910 902 911
904 911 902
912 906 908
906 912 904
911 904 912
913 898 910
911 913 910
898 913 914
913 911 915
912 915 911
916 908 909
908 916 912
915 912 916
917 907 918
919 917 918
917 919 920
921 920 919
920 921 922
923 922 921
922 923 924
923 925 924
925 923 926
925 926 927
926 928 927
929 927 928
927 929 930
931 930 929
932 931 929
932 933 931
934 932 475
475 476 934
476 481 934
935 936 931
937 938 939
938 937 940
939 938 941
942 939 941
941 938 943
940 943 938
943 940 944
945 944 940
945 940 937
946 947 948
949 948 947
948 949 950
949 951 950
952 946 953
954 952 953
955 956 957
956 955 958
957 956 959
956 960 959
956 961 960
961 956 958
962 961 958
962 958 955
959 960 963
964 965 966
967 966 965
966 967 968
969 968 967
968 969 970
971 970 969
970 971 972
973 972 971
972 973 974
975 974 973
974 975 976
976 975 977
975 978 977
978 979 977
979 978 980
979 981 977
981 976 977
981 979 982
983 979 980
984 983 980
983 985 979
985 986 979
986 982 979
986 987 982
988 989 990
989 988 991
991 992 989
992 991 993
992 994 989
994 992 995
996 995 992
990 997 988
997 990 998
998 999 997
999 998 1000
1001 999 1000
998 1002 1000
1000 1002 1001
1002 998 1003
990 1003 998
1003 990 1004
989 1004 990
1004 989 994
1005 992 993
996 992 1005
1006 1005 993
1006 1007 1005
1007 996 1005
1007 1006 1008
1008 1009 1007
1009 1008 1010
996 1011 995
1009 1012 1007
1012 1011 996
996 1007 1012
1011 1012 1013
1014 1013 1012
1012 1009 1014
1013 1014 1015
1016 1015 1014
1015 1016 1017
1018 1016 1014
1014 1009 1018
1019 1018 1009
1020 1019 1009
1019 1020 1021
1022 1023 1024
1025 1022 1024
1026 1022 1025
1027 1026 1025
1028 1026 1027
1026 1028 1029
1030 1029 1028
1029 1030 1031
1032 1031 1030
1031 1032 1033
1034 1033 1032
1033 1034 1035
1036 1035 1034
1035 1036 1037
1038 1037 1036
1037 1038 1039
1040 1039 1038
1039 1040 1041
1042 1041 1040
1041 1042 1043
1042 1044 1043
1044 1042 1045
1045 1046 1044
1046 1045 1047
1047 1048 1046
1048 1047 1049
1049 1050 1048
1050 1049 1051
1052 1050 1051
1052 1053 1050
1054 1053 1052
1055 1054 1052
1054 1056 1053
1057 1054 1055
1058 1059 1060
1058 1061 1059
1061 1058 1062
1062 1063 1061
1063 1062 1064
1064 1065 1063
1065 1064 1066
1066 1067 1065
1067 1066 1068
1068 1069 1067
1069 1068 1070
1070 1071 1069
1071 1072 1069
1073 1072 1071
1074 1073 1071
1074 1075 1073
1075 1076 1073
1076 1077 1073
1077 1076 1078
1075 1074 1079
1080 1079 1074
1081 1080 1074
1081 1074 1082
1070 1082 1071
1074 1071 1082
1080 1081 1083
1073 1077 1084
1085 1086 1087
1085 1088 1086
1089 1085 1087
1088 1090 1086
1091 1086 1090
1091 1092 1086
1092 1087 1086
1093 1091 1090
1091 1093 1094
1088 1095 1090
1095 1096 1090
1093 1090 1096
1089 1087 1097
1098 1097 1087
1092 1098 1087
1099 1089 1097
1098 1092 1100
1100 1092 1091
1091 1094 1100
1100 1094 1101
1094 1102 1101
1102 1103 1101
1104 1103 1102
1103 1104 1105
1106 1105 1104
1105 1106 1107
1106 1108 1107
1095 1109 1096
1110 1111 1112
1111 1110 1113
1114 1110 1112
1113 1115 1111
1115 1113 1116
1116 1117 1115
1117 1116 1118
1119 1117 1118
1117 1119 1120
1121 1120 1119
1120 1121 1122
1121 1123 1122
1123 1121 1124
1124 1125 1123
1125 1124 1126
1126 1127 1125
1127 1126 1128
1128 1129 1127
1129 1128 1130
1130 1131 1129
1131 1130 1132
1132 1133 1131
1133 1132 1134
1135 1133 1134
1133 1135 1136
1137 1136 1135
1136 1137 1138
1139 1138 1137
1138 1139 1140
1140 1139 1141
1139 1142 1141
1143 1141 1142
1144 1145 1146
1144 1147 1145
1147 1144 1148
1148 1149 1147
1149 1148 1150
1150 1151 1149
1151 1150 1152
1152 1153 1151
1153 1152 1154
1155 1156 1157
1156 1155 1158
1158 1159 1156
1159 1158 1160
1157 1161 1155
1161 1157 1162
1162 1163 1161
1163 1162 1164
1164 1165 1163
1165 1164 1166
1166 1167 1165
1167 1166 1168
1169 1170 1171
1170 1169 1172
1171 1173 1169
1173 1171 1174
1174 1175 1173
1175 1174 1176
1176 1177 1175
1176 1178 1177
865 1179 514
865 866 1179
513 865 514
508 865 513
512 865 508
1179 1180 514
866 1180 1179
1181 1182 824
821 1181 824
1181 821 831
1183 1184 1185
1184 1183 1186
1187 1186 1183
1186 1187 1188
1189 1188 1187
1188 1189 1190
1191 1190 1189
1190 1191 1192
1193 1192 1191
1192 1193 1194
1194 1193 1195
1194 1195 1196
1197 1196 1195
1196 1197 1198
1199 1198 1197
1198 1199 1200
1201 1200 1199
1200 1201 1202
1203 1202 1201
1202 1203 1204
1205 1204 1203
1204 1205 1206
1207 1206 1205
1206 1207 1208
1209 1208 1207
1210 1211 1194
1212 1194 1211
1194 1212 1213
1213 1212 1214
1215 1213 1214
1215 1214 1216
1194 1217 1210
1218 1210 1217
1210 1218 1219
1220 1219 1218
1219 1220 1221
1222 1221 1220
1221 1222 1223
1224 1223 1222
1223 1224 1225
1226 1225 1224
1225 1226 1227
1226 1228 1227
1228 1226 1229
1230 1228 1229
1231 1215 1216
1215 1231 1232
1233 1232 1231
1232 1233 1234
1235 1234 1233
1234 1235 1236
1237 1236 1235
1236 1237 1238
1239 1238 1237
1238 1239 1240
1241 1240 1239
1242 1243 1244
1243 1242 1245
1243 1246 1244
1246 1243 1247
1248 1245 1242
1245 1248 1249
1250 1249 1248
1249 1250 1251
1252 1251 1250
1251 1252 1253
1252 1254 1253
1255 1256 1257
1258 1259 1260
1259 1258 1261
1261 1258 1262
1263 1260 1259
1260 1263 1264
1264 1263 398
1264 398 399
1265 1266 1267
1268 1267 1266
1267 1268 1269
1270 1269 1268
1269 1270 1271
1272 1271 1270
1271 1272 1273
1274 1273 1272
1273 1274 1275
1276 1275 1274
1275 1276 1277
1276 1278 1277
1265 1279 1266
1280 1265 1267
1281 1282 1283
1284 1285 1286
1287 1288 1289
1288 1287 1290
1291 1292 1293
1294 1295 1296
1295 1294 1297
1298 1296 1295
1297 1294 1299
1299 1300 1297
1300 1299 1301
1300 1301 1302
1302 1301 1303
1304 1303 1301
1304 1305 1303
1305 1304 1306
1306 1307 1305
1307 1306 1308
1308 1309 1307
1309 1308 1310
1310 1311 1309
1311 1310 1312
1312 1313 1311
1313 1312 1314
1314 1315 1313
1315 1314 1316
1316 1317 1315
1318 1319 1320
1319 1318 1321
1320 1322 1318
1322 1320 1323
1323 1324 1322
1324 1323 1325
1325 1326 1324
1326 1325 1327
1327 1328 1326
1328 1327 1329
1330 1319 1321
1330 1321 1331
1332 1330 1331
1333 1330 1332
1330 1333 1334
1335 1334 1333
1334 1335 1336
1337 1336 1335
1336 1337 1338
1339 1338 1337
1338 1339 1340
1329 1341 1328
1341 1329 1342
1342 1343 1341
1343 1342 1344
1344 1345 1343
1345 1344 1346
1347 1345 1346
1348 1349 1350
1351 1348 1350
1348 1351 1352
1353 1352 1351
1352 1353 1354
1355 1354 1353
1354 1355 1356
1357 1356 1355
1356 1357 1358
1359 1358 1357
1358 1359 1360
1360 1359 1361
1362 1360 1361
1362 1361 1363
1364 1362 1363
1365 1366 1367
1366 1368 1367
1368 1366 1369
1369 1370 1368
1370 1369 1371
1371 1372 1370
1372 1371 1373
1373 1374 1372
1374 1373 1375
1376 1374 1375
1374 1376 1377
1378 1377 1376
1377 1378 1379
1380 1379 1378
1379 1380 1381
1382 1381 1380
1381 1382 1383
1384 1383 1382
1383 1384 1385
1386 1385 1384
1385 1386 1387
1388 1387 1386
1389 1390 1391
1392 1391 1390
1391 1392 1393
1394 1393 1392
1393 1394 1395
1394 1396 1395
1396 1394 1397
1398 1396 1397
1396 1398 1399
1400 1399 1398
1399 1400 1401
1402 1401 1400
1401 1402 1403
1404 1403 1402
1403 1404 1405
1404 1406 1405
1406 1404 1407
1407 1408 1406
1408 1407 1409
1409 1410 1408
1409 1411 1410
1412 1413 1414
1415 1412 1414
1415 1414 1416
1417 1416 1414
1416 1417 1418
1419 1418 1417
1418 1419 1420
1421 1420 1419
1420 1421 1422
1423 1422 1421
1422 1423 1424
1425 1424 1423
1424 1425 1426
1427 1426 1425
1426 1427 1428
1428 1427 1429
1430 1431 1432
1431 1430 1433
1434 1432 1431
1432 1434 1435
1436 1435 1434
1435 1436 1437
1438 1437 1436
1437 1438 1439
1440 1439 1438
1439 1440 1441
1440 1442 1441
1442 1440 1443
1444 1442 1443
1445 1446 1447
1448 1449 1447
1450 1448 1447
1448 1451 1449
1451 1448 1452
1452 1453 1451
1453 1452 1454
1454 1455 1453
1455 1454 1456
1457 1455 1456
1455 1457 1458
1457 1459 1458
1460 1459 1457
1459 1460 1461
1460 1462 1461
1463 1464 1465
1464 1463 1466
1466 1467 1464
1467 1466 1468
1468 1469 1467
1469 1468 1470
1470 1471 1469
1465 1472 1463
1472 1465 1473
1473 1474 1472
1474 1473 1475
1475 1476 1474
1477 1476 1475
1478 1479 1480
1479 1478 1481
1482 1480 1479
1480 1482 1483
1484 1483 1482
1483 1484 1485
1481 1478 1486
1485 1484 1487
1487 1488 1485
1487 1489 1488
1489 1487 1490
1490 1491 1489
1491 1490 1492
1493 1491 1492
1494 1495 1496
1494 1497 1495
1497 1494 1498
1498 1499 1497
1499 1498 1500
1501 1499 1500
1499 1501 1502
1503 1502 1501
1502 1503 1504
1503 1505 1504
1505 1503 1506
1506 1507 1505
1506 1508 1507
1509 1507 1508
1509 1508 1510
1511 1509 1510
1512 1511 1510
1513 1511 1512
1513 1512 1514
1515 1516 1517
1515 1517 1518
1519 1515 1518
1519 1520 1515
1520 1519 1521
1521 1522 1520
1522 1521 1523
1523 1524 1522
1524 1523 1525
1525 1526 1524
1526 1525 1527
1528 1526 1527
1527 1529 1528
1529 1530 1528
1530 1529 1531
1531 1532 1530
1532 1531 1533
1533 1534 1532
1534 1533 1535
1536 1534 1535
1535 1537 1536
1538 1539 1540
1539 1538 1541
1540 1542 1538
1542 1543 1538
1542 1540 1544
1545 1542 1544
1545 1544 1546
1546 1547 1545
1547 1546 1548
1548 1549 1547
1550 1549 1548
1550 1551 1549
1552 1551 1550
1552 1553 1551
1554 1553 1552
1553 1554 1555
1556 1555 1554
1555 1556 1557
1538 1543 1558
1538 1558 1541
1558 1559 1541
1559 1560 1541
1560 1559 1561
1560 1539 1541
1562 868 872
878 868 1562
495 1563 1564
495 1564 1565
505 495 1565
495 494 1563
493 1563 494
895 1566 870
895 914 1566
914 895 898
870 869 895
1567 1568 1569
1570 1571 1572
1025 1573 1574
1025 1024 1573
1575 1025 1574
1027 1025 1575
1575 1574 1576
1577 1578 1579
1578 1577 1580
1580 1581 1578
1581 1580 1582
1579 1583 1577
1583 1579 1584
1585 1583 1584
1586 1587 1588
1589 1590 1591
1592 1593 1594
1593 1592 1595
1185 1594 1593
1594 1185 1184
1596 1595 1592
1595 1596 1597
1598 1597 1596
1597 1598 1599
1599 1598 1600
1601 1602 1603
836 838 1604
836 1604 850
1605 1606 1607
1606 1605 1608
1606 1609 1607
1610 1608 1605
1608 1610 1611
1609 1612 1607
1609 1613 1612
1613 1614 1612
1613 1615 1614
1615 1616 1614
1615 1617 1616
1615 1618 1617
1617 1618 1619
1619 1620 1617
1621 1620 1619
1622 1620 1621
1620 1622 1623
1624 1623 1622
1623 1624 1625
1625 1624 1626
1621 1619 1627
1618 1627 1619
1618 1628 1627
1629 1630 1631
1632 1630 1629
1633 1631 1630
1630 1634 1633
1633 1635 1631
1629 1631 1635
1635 1636 1629
1635 1637 1636
1637 1638 1636
1639 1629 1636
1639 1632 1629
1639 1640 1632
1640 1639 1641
1641 1642 1640
1642 1641 1643
1643 1644 1642
1644 1643 1645
1645 1646 1644
1646 1645 1647
1647 1648 1646
1648 1647 1649
1649 1650 1648
1650 1649 1651
1652 1650 1651
1650 1652 1653
1654 1653 1652
1655 1656 1657
1656 1655 1658
1659 1656 1658
1656 1659 1660
1657 1661 1655
1661 1657 1662
1662 1663 1661
1663 1662 1664
1664 1665 1663
1665 1664 1666
1666 1667 1665
1659 1668 1660
1668 1659 1669
1669 1670 1668
1670 1669 1671
1671 1672 1670
1672 1671 1673
1674 1672 1673
1675 1674 1673
1676 1675 1673
1677 1678 1679
1678 1677 1680
1680 1681 1678
1681 1680 1682
1682 1683 1681
1683 1682 1684
1684 1685 1683
1685 1684 1686
1686 1687 1685
1688 1677 1679
1679 1689 1688
1690 1688 1689
1688 1690 1691
1692 1691 1690
1691 1692 1693
1694 1693 1692
1694 1695 1693
1695 1694 1696
1697 1695 1696
1698 1699 1700
1699 1698 1701
1702 1698 1700
1698 1702 1703
1704 1703 1702
1703 1704 1705
1701 1706 1699
1706 1701 1707
1707 1708 1706
1708 1707 1709
1709 1710 1708
1710 1709 1711
1712 1710 1711
1713 1714 1715
1714 1713 1716
1717 1718 1713
1718 1717 1719
1718 1720 1721
1720 1718 1722
1723 1721 1720
1720 1724 1723
1725 1723 1724
1726 1725 1724
1727 1725 1726
1726 1728 1727
1729 1730 1731
1730 1729 1732
1729 1733 1732
1733 1729 1734
1735 1731 1730
1731 1735 1736
1737 1736 1735
1736 1737 1738
1739 1738 1737
1738 1739 1740
1739 1741 1740
1742 1743 1744
1743 1742 1745
1745 1746 1743
1746 1745 1747
1748 1746 1747
1746 1748 1749
1750 1742 1744
1742 1750 1751
1752 1751 1750
1751 1752 1753
1754 1753 1752
1753 1754 1755
1756 1755 1754
1757 1758 1759
1760 1758 1757
1761 1760 1757
1762 1760 1761
1760 1762 1763
1764 1763 1762
1763 1764 1765
1766 1765 1764
1765 1766 1767
1766 1768 1767
1768 1766 1769
1759 1770 1757
1771 1772 1773
1772 1771 1774
1773 1775 1771
1775 1773 1776
1774 1777 1772
1777 1774 1778
1779 1777 1778
1777 1779 1780
1781 1780 1779
1780 1781 1782
1781 1783 1782
1784 1785 1786
1785 1784 1787
1785 1788 1786
1634 1786 1788
1633 1634 1788
1789 1790 1791
1790 1789 1792
1793 1791 1790
1611 1792 1789
1792 1611 1610
1794 1795 1796
1795 1794 1797
1796 1795 1798
1799 1797 1794
1797 1799 1800
1801 1802 1803
1802 1801 1804
1801 1805 1804
1802 1806 1803
1806 1802 1807
1808 1809 1810
1809 1808 1811
1812 1809 1811
1809 1812 1813
1814 1808 1810
1815 1816 1817
1816 1815 1818
1819 1816 1818
1817 1820 1815
1820 1817 1821
1822 1823 1824
1823 1822 1825
1822 1826 1825
1827 1824 1823
1824 1827 1828
1829 1830 1831
1830 1829 1832
1830 1833 1831
1829 1834 1832
1834 1829 1835
1836 1837 1838
1837 1836 1839
1840 1838 1837
1841 1839 1836
1839 1841 1842
1843 1844 1845
1844 1843 1846
1847 1843 1845
1846 1848 1844
1848 1846 1849
1850 1851 1852
1851 1850 1853
1854 1853 1850
1850 1855 1854
1855 1850 1856
1852 1856 1850
1857 1855 1856
1856 1858 1857
1858 1856 1859
1856 1852 1859
1855 1857 1860
1858 1861 1857
1861 1862 1857
1862 1863 1857
1863 1860 1857
1863 1864 1860
1858 1865 1861
1853 1854 1866
1864 1867 1860
1868 1869 1870
1869 1868 1871
1869 1872 1870
1873 1874 1875
1874 1873 1876
1875 1874 1877
1878 1874 1876
1874 1878 1877
1878 1879 1877
1878 1880 1879
1880 1878 1881
1881 1882 1880
1882 1883 1880
1883 1879 1880
1883 1884 1879
1877 1879 1884
1885 1884 1883
1886 1885 1883
1886 1883 1887
1885 1888 1884
1889 1884 1888
1877 1884 1889
1890 1877 1889
1875 1877 1890
1887 1883 1891
1883 1882 1891
1882 1881 1892
1893 1892 1881
1881 1894 1893
1888 1895 1889
1895 1896 1889
1890 1889 1896
1895 1897 1896
1881 1878 1894
1894 1878 1876
1898 1899 1900
1901 1902 1903
1902 1904 1903
1904 1902 1905
1906 1904 1905
1904 1906 1907
1908 1909 1910
1911 1912 1913
1914 1915 1916
1917 1918 1919
1920 1919 1918
1918 1917 1921
1921 1917 1922
1919 1920 1923
1923 1920 1924
1922 1917 1925
1924 1920 1926
1924 1926 1927
1925 1928 1929
1928 1925 1930
1928 1930 1931
1932 1933 1934
1935 1934 1933
1934 1936 1932
1933 1937 1935
1937 1938 1935
1938 1939 1935
1938 1940 1939
1941 1932 1936
1942 1932 1943
1944 1942 1943
1942 1944 1945
1944 1946 1945
1947 1948 1949
1948 1947 1950
1947 1951 1952
1951 1947 1953
1953 1954 1951
1954 1953 1955
1956 1954 1955
1949 1957 1958
1957 1949 1959
1960 1961 1962
1962 1963 1964
1963 1962 1965
