byte offset: 0
first index: 0
index count: 4926
topology: trianglelist
format: DXGI_FORMAT_R16_UINT

0 1 2
1 0 3
4 3 0
3 4 5
3 6 1
6 3 7
8 3 5
3 8 7
7 9 6
9 7 10
8 10 7
10 8 11
4 12 5
12 8 5
12 4 13
13 14 12
14 13 15
8 12 16
16 11 8
17 12 14
12 17 16
11 16 18
17 18 16
18 17 19
20 21 22
21 20 23
22 24 20
24 22 25
26 22 21
22 26 27
28 22 27
22 28 25
29 27 26
27 29 30
30 28 27
28 30 31
32 24 25
28 32 25
24 32 33
34 33 32
33 34 35
32 28 36
31 36 28
37 32 36
32 37 34
36 31 38
38 37 36
37 38 39
40 41 42
41 40 43
44 43 40
43 44 45
44 46 45
46 44 47
47 48 46
48 47 49
49 50 48
50 49 51
52 53 54
53 52 55
54 56 52
56 54 57
57 58 56
58 57 59
60 58 59
58 60 61
62 61 60
61 62 63
64 65 66
64 67 65
65 67 68
64 69 67
70 67 69
70 71 67
72 71 70
72 73 71
73 74 71
74 73 75
72 76 73
66 65 77
66 77 78
67 79 68
67 80 79
74 80 81
67 81 80
77 82 83
68 82 84
77 84 82
85 86 87
85 87 88
85 88 89
90 89 88
90 88 91
92 90 91
88 93 91
92 91 94
92 94 95
86 96 87
96 97 87
86 98 96
96 99 97
87 100 88
100 101 88
88 101 93
91 102 94
102 103 94
104 97 105
106 93 107
108 109 110
111 109 108
111 112 109
112 111 113
108 110 114
114 110 115
110 116 115
115 116 117
116 118 117
117 118 119
119 118 120
119 120 121
122 112 113
123 122 113
124 122 123
121 120 124
121 124 125
125 124 123
126 127 128
128 127 129
129 127 130
130 127 131
131 127 132
132 127 133
133 127 134
134 127 126
135 136 137
138 139 137
139 138 140
141 142 140
143 144 135
144 143 145
146 145 147
148 149 147
149 148 150
151 150 152
153 154 152
154 153 142
155 156 157
158 157 156
156 159 158
155 157 160
161 158 159
159 162 161
162 163 161
162 164 163
165 163 164
164 166 165
166 167 165
168 169 170
171 170 169
168 172 169
170 171 173
173 171 174
174 175 173
175 174 176
176 177 175
178 177 176
177 178 179
179 178 180
181 182 183
182 181 184
185 183 182
183 185 186
185 187 186
187 185 188
188 189 187
189 188 190
190 191 189
191 190 192
192 193 191
193 192 194
195 184 181
184 195 196
194 197 193
197 194 198
194 199 198
199 194 200
192 200 194
200 192 201
190 201 192
201 190 202
188 202 190
202 188 203
185 203 188
203 185 204
185 205 204
205 185 182
182 206 205
206 182 184
207 184 196
184 207 206
208 207 196
199 209 210
209 211 212
211 213 212
213 211 214
215 214 211
214 215 216
217 215 211
211 209 217
215 217 218
197 212 213
219 196 195
220 221 222
221 223 222
224 225 226
225 224 227
228 227 224
229 226 225
226 229 230
231 230 229
230 231 232
233 232 231
232 233 234
235 234 233
234 235 236
235 237 236
237 235 238
238 239 237
239 238 240
241 239 240
239 241 242
243 233 231
233 243 244
244 235 233
245 231 229
231 245 243
229 246 245
246 229 225
225 247 246
247 225 227
248 247 227
249 241 240
238 249 240
241 249 250
249 238 251
252 253 242
253 252 254
254 255 253
255 254 256
257 255 256
255 257 258
259 258 257
258 259 260
261 260 259
260 261 262
262 261 263
264 252 250
252 264 254
265 254 264
254 265 256
265 257 256
257 265 266
266 259 257
259 266 267
267 261 259
261 267 268
268 263 261
262 269 270
268 271 272
273 274 275
276 277 278
276 278 279
276 280 277
276 279 281
281 279 282
283 281 282
281 283 284
284 283 285
284 285 286
287 288 289
290 291 292
293 294 295
294 293 296
297 298 299
300 298 297
301 300 297
302 300 301
303 302 301
298 304 299
305 299 304
306 299 305
307 306 305
308 306 307
309 308 307
310 308 309
311 312 313
312 311 314
314 315 312
315 314 316
316 317 315
317 316 318
313 319 311
319 313 320
320 321 319
321 320 322
323 321 322
321 323 324
325 326 327
327 328 329
329 330 331
331 330 332
332 333 334
334 335 336
337 336 335
338 339 326
339 340 341
342 337 343
344 342 345
340 344 345
346 347 348
347 346 349
350 349 346
349 350 351
352 351 350
351 352 353
354 348 347
348 354 355
356 355 354
355 356 357
356 358 357
358 356 359
360 361 362
363 362 361
361 364 363
365 364 361
362 366 360
366 362 367
368 366 367
367 369 368
369 367 370
370 371 369
371 370 372
372 373 371
373 372 374
375 373 374
373 375 376
377 376 375
376 377 378
379 378 377
378 379 380
381 380 379
380 381 382
381 383 382
383 381 384
379 385 381
381 385 384
384 385 363
386 363 385
377 387 379
375 387 377
379 387 385
387 388 385
389 388 387
375 389 387
390 388 389
390 362 386
363 386 362
367 362 390
367 390 370
370 390 372
372 390 389
372 389 374
374 389 375
364 383 384
384 363 364
391 392 393
392 391 394
395 391 393
391 395 396
397 396 395
396 397 398
399 398 397
398 399 400
395 401 397
401 395 402
393 402 395
403 397 401
397 403 399
401 404 403
404 401 405
402 393 406
407 393 392
393 407 406
406 407 408
408 409 406
409 402 406
409 408 410
410 411 409
412 411 410
413 411 412
411 413 414
414 413 415
415 404 405
405 414 415
402 409 416
416 401 402
401 416 405
416 414 405
411 414 416
409 411 416
417 413 412
413 417 418
417 419 418
419 417 420
419 421 418
421 419 422
423 422 419
423 419 424
419 420 424
422 423 425
425 423 426
423 427 426
427 423 424
428 427 424
425 426 429
424 430 428
420 430 424
431 422 425
425 432 431
425 429 432
431 432 433
422 431 434
434 421 422
431 435 434
433 435 431
435 433 436
421 434 437
434 438 437
438 434 439
434 435 439
438 440 437
440 438 441
442 440 441
441 443 442
443 444 442
444 443 445
445 446 444
446 445 407
407 447 446
447 448 446
444 446 448
448 447 449
450 449 447
392 450 447
447 407 392
450 392 394
449 450 451
451 452 449
452 451 453
453 399 452
399 453 400
449 454 448
454 449 452
452 403 454
403 452 399
404 454 403
454 404 455
456 454 455
454 456 448
448 456 444
404 457 455
457 404 458
404 415 458
458 415 459
458 459 457
415 460 459
459 460 421
459 421 461
457 459 461
457 461 440
462 457 440
455 457 462
456 455 462
440 442 462
442 456 462
444 456 442
415 413 460
421 437 461
437 440 461
460 413 418
460 418 421
463 464 465
466 464 463
464 466 467
468 464 467
464 468 469
470 469 468
471 469 470
470 472 471
470 473 472
470 366 473
366 368 473
470 360 366
360 470 474
468 474 470
361 360 474
471 472 475
472 476 475
472 473 476
473 477 476
475 478 471
469 471 479
464 469 479
471 480 479
481 480 471
481 482 480
480 482 483
480 484 479
465 479 484
464 479 465
476 485 475
477 485 476
486 475 485
486 485 487
485 477 488
485 488 487
488 489 487
487 489 490
465 484 491
491 484 492
493 491 492
494 493 492
494 492 495
492 496 495
497 491 493
493 498 497
498 493 499
498 499 500
501 497 498
502 497 501
502 491 497
501 503 502
466 502 503
502 466 463
463 465 502
502 465 491
498 500 504
505 504 500
504 505 506
507 506 505
506 507 508
509 508 507
508 509 510
511 510 509
510 511 512
511 513 512
513 511 514
514 515 513
515 514 516
516 517 515
517 516 518
518 519 517
519 518 520
521 519 520
519 521 522
517 519 523
519 522 523
522 524 523
525 523 524
515 517 526
513 515 526
517 523 526
526 523 527
528 526 527
513 526 528
529 528 527
529 525 530
524 530 525
531 530 524
532 530 531
524 533 531
533 522 521
522 533 524
534 531 533
530 532 504
504 506 530
506 529 530
506 508 529
508 510 529
510 528 529
510 512 528
512 513 528
498 504 532
532 535 498
531 535 532
531 534 536
537 536 534
537 538 536
498 535 501
538 501 535
538 503 501
235 251 238
251 235 539
235 244 539
540 541 542
543 541 540
542 541 544
544 541 545
545 541 546
546 541 547
541 548 481
486 549 547
486 550 549
550 486 551
552 550 551
475 486 547
553 549 550
553 554 549
555 554 553
556 554 555
557 556 555
558 556 557
558 559 556
560 559 558
561 559 560
562 561 560
563 561 562
563 564 561
483 564 563
490 552 565
361 566 365
567 365 566
567 566 568
568 474 468
568 468 467
569 570 571
570 569 572
573 569 571
569 573 574
574 573 575
576 428 577
578 576 577
428 579 577
576 578 580
576 580 581
580 582 581
583 581 582
582 584 583
583 584 585
585 586 583
587 586 585
588 586 587
588 587 589
589 590 588
588 590 436
436 590 591
436 592 435
439 435 592
593 594 595
595 594 596
596 594 597
597 594 598
598 594 599
599 594 600
601 594 593
600 594 601
602 603 604
603 602 605
602 606 605
606 602 607
603 608 604
608 603 609
609 610 608
610 609 611
607 612 606
612 607 613
614 612 613
612 614 615
616 617 618
619 617 616
619 616 620
616 621 620
621 622 620
620 622 623
622 621 624
621 616 625
616 626 625
626 616 627
618 627 616
628 626 627
626 628 629
625 626 630
621 625 630
630 626 631
626 632 631
626 629 632
633 630 631
632 633 631
630 633 634
633 632 635
634 633 636
633 635 636
624 621 637
638 630 634
638 634 636
638 637 639
630 638 639
621 630 639
637 621 639
637 638 640
640 638 636
641 628 627
642 641 627
627 618 642
643 636 644
644 645 643
645 644 646
644 647 646
648 646 647
645 646 648
649 645 648
648 650 649
650 648 651
648 652 651
652 648 653
648 647 653
647 644 654
644 636 654
650 655 649
655 645 649
655 650 656
657 655 656
655 657 658
658 659 655
655 660 645
659 660 655
659 661 660
661 645 660
661 659 662
662 636 661
645 661 643
661 636 643
663 651 652
664 651 663
651 664 665
665 650 651
650 665 666
667 656 650
667 650 666
656 667 668
656 668 669
669 657 656
670 671 672
671 670 673
671 674 672
671 675 674
675 671 676
671 677 676
671 678 677
678 671 679
671 673 680
681 671 680
671 681 682
671 682 679
620 683 619
623 683 620
684 685 686
685 684 687
688 687 684
687 688 689
688 690 689
690 688 691
692 690 691
690 692 693
692 694 693
694 692 695
695 696 694
696 695 697
698 699 700
699 698 701
701 698 702
703 702 698
698 704 703
705 704 698
698 700 705
703 706 702
707 701 702
708 707 702
702 706 708
709 707 708
707 709 710
706 711 708
711 709 708
709 711 712
710 709 713
713 714 710
713 715 714
716 709 712
709 716 713
717 713 716
715 713 717
718 715 717
719 715 718
720 715 719
714 715 720
719 721 720
721 719 722
718 723 719
719 723 724
724 722 719
725 726 717
726 725 727
728 727 725
727 728 729
728 730 729
730 728 731
731 732 730
732 731 733
734 732 733
732 734 735
736 735 734
736 734 737
736 737 738
738 737 739
738 739 740
726 741 742
743 742 741
743 744 742
743 745 744
745 746 744
746 745 747
742 717 726
748 749 750
751 748 750
750 752 751
750 753 752
754 753 750
749 748 755
748 751 756
755 748 756
755 756 757
757 758 755
757 759 758
754 750 760
750 761 760
750 762 761
762 750 763
763 750 764
764 765 763
763 766 762
765 766 763
767 766 765
765 768 767
767 768 769
758 759 770
755 758 770
770 771 755
755 771 772
749 755 772
772 750 749
773 750 772
772 771 773
750 773 774
750 774 775
776 750 775
777 764 750
776 778 750
779 777 750
750 780 779
750 778 780
764 777 765
777 779 781
765 777 781
765 781 782
782 768 765
782 769 768
783 784 705
705 785 783
786 787 783
788 789 790
791 792 793
792 791 794
795 791 793
791 795 796
797 796 795
796 797 798
797 799 798
799 797 800
800 801 799
801 800 802
803 801 802
801 803 804
805 792 794
792 805 806
805 807 806
807 805 808
808 809 807
809 808 810
803 811 804
811 803 812
813 809 810
809 813 814
811 814 813
814 811 812
815 816 817
818 817 816
819 820 815
821 822 819
821 823 822
823 824 825
824 826 827
828 827 826
829 818 830
831 829 832
831 832 833
833 834 828
835 836 837
836 838 724
724 839 836
840 841 842
841 840 843
840 842 844
845 844 842
844 845 846
845 847 846
847 845 848
849 847 848
844 850 840
850 844 851
852 851 844
852 846 847
852 844 846
853 847 849
847 853 854
852 847 854
855 841 843
841 855 856
855 857 856
858 857 855
857 858 859
860 857 859
860 861 857
860 862 861
860 863 862
862 864 861
864 857 861
857 864 856
864 862 865
866 865 862
867 865 866
865 867 868
862 869 866
869 862 863
870 858 855
870 855 843
870 843 840
870 840 850
867 848 868
848 867 849
865 868 871
871 868 848
864 865 871
856 864 871
856 871 841
871 842 841
871 845 842
871 848 845
866 872 867
872 849 867
866 869 872
872 853 849
870 873 874
875 874 873
873 876 875
874 875 877
878 877 875
878 875 879
878 879 880
878 880 881
882 880 879
875 882 879
882 875 876
880 882 883
884 880 883
883 885 884
884 885 872
885 883 886
887 880 884
880 887 881
873 888 876
888 873 889
890 888 889
888 890 891
890 892 891
892 893 891
893 892 894
895 893 894
893 895 896
896 885 886
897 896 895
885 896 897
898 892 890
892 898 899
900 892 899
900 895 894
900 894 892
895 901 897
901 895 902
900 902 895
870 898 890
870 890 889
870 889 873
903 891 893
903 893 896
903 896 886
883 903 886
882 903 883
876 903 882
876 888 903
903 888 891
872 897 901
872 885 897
884 872 887
904 905 906
905 904 907
907 908 905
908 907 909
910 908 909
908 910 911
910 912 911
912 910 913
914 912 913
912 914 915
916 915 914
915 916 917
918 919 920
919 918 921
921 922 919
919 922 923
923 924 919
919 924 925
925 920 919
923 922 926
927 922 921
928 922 927
922 928 926
929 928 927
927 930 929
926 928 931
929 931 928
931 929 932
933 929 930
930 934 933
933 934 935
936 929 933
929 936 932
937 936 933
935 937 933
938 937 935
938 935 939
940 939 935
934 940 935
941 939 940
939 941 942
939 943 938
944 943 939
939 942 944
944 945 946
946 947 944
948 949 946
950 951 952
925 953 951
951 954 925
955 956 957
958 957 956
958 959 957
958 960 959
960 961 959
957 926 955
962 955 926
955 962 963
964 963 962
963 964 965
964 966 965
966 964 967
967 968 966
968 967 969
970 968 969
968 970 971
972 971 970
972 970 973
972 973 974
974 973 975
976 974 975
977 978 979
980 981 982
983 980 982
981 984 982
984 985 982
985 986 982
986 987 982
982 494 988
989 987 990
989 990 991
991 992 989
993 992 991
994 987 989
989 995 994
989 996 995
997 991 990
997 990 998
999 997 998
1000 999 998
1001 999 1000
1002 1001 1000
1002 1000 1003
1004 1002 1003
1005 1004 1003
1006 1004 1005
1007 1006 1005
1007 1005 1008
496 1007 1008
995 996 1009
1009 996 1010
996 1011 1010
995 1009 1012
1012 1013 995
500 1013 1012
499 1013 500
499 994 1013
1013 994 995
994 499 493
493 1014 994
1015 993 1011
1016 1017 1018
1017 1016 1019
1017 1020 1018
1020 1017 1021
1021 1022 1020
1023 1024 1025
1024 1023 1026
1027 1024 1026
1024 1027 1028
1029 1023 1025
1023 1029 1030
1031 1030 1029
1030 1031 1032
1033 1028 1027
1028 1033 1034
1033 1035 1034
1035 1033 1036
1037 1038 1039
1040 1039 1038
1041 1040 1038
1042 1038 1037
1043 1038 1042
1043 1044 1038
1044 1045 1038
1038 1045 1046
1041 1038 1047
1047 1038 1046
960 1048 961
1049 1050 1051
1052 1053 1054
1055 1056 1057
1058 1056 1055
1059 1060 1061
1060 1059 1062
1062 1059 1063
1064 1061 1060
1060 1065 1064
1065 1066 1064
1063 1067 1062
1067 1063 1068
1067 1068 1069
1069 1068 1070
1070 1071 1069
1071 1070 1072
1073 1071 1072
1072 1074 1073
1075 1073 1074
1073 1075 1076
1076 1075 1077
1066 1065 1078
1078 1079 1066
1080 1079 1078
1080 1077 1079
1077 1080 1076
1081 1082 1083
1081 1084 1082
1084 1081 1085
1086 1082 1084
1082 1086 1087
1088 1082 1087
1082 1088 1083
1087 1089 1088
1089 1087 1090
1086 1090 1087
1090 1091 1089
1090 1086 1092
1091 1090 1092
1086 1084 1093
1091 1094 1089
1094 1091 1095
1094 1095 1096
1097 1095 1091
1095 1097 1098
1098 1097 1099
1100 1099 1097
1098 1101 1095
1095 1101 1096
1101 1098 1102
1103 1102 1098
1103 1098 1099
1102 1103 1104
1105 1097 1091
1097 1105 1100
1105 1091 1092
1106 1100 1105
1092 1106 1105
1107 1102 1104
1102 1107 1108
1108 1101 1102
1101 1108 1109
1109 1096 1101
1110 1096 1109
1110 1109 1111
1112 1109 1108
1109 1112 1111
1113 1112 1108
1107 1113 1108
1114 1112 1113
1115 1111 1112
1112 1114 1115
1111 1116 1110
1117 1116 1111
1118 1116 1117
1116 1118 1119
1119 1118 1120
1121 1120 1118
1117 1121 1118
1120 1121 1122
1122 1081 1120
1081 1083 1120
1120 1083 1119
1081 1122 1085
1111 1123 1117
1121 1117 1123
1111 1115 1123
1124 1115 1114
1123 1115 1124
1125 1119 1083
1119 1125 1126
1126 1116 1119
1127 1126 1125
1128 1127 1125
1127 1128 1129
1130 1129 1128
1129 1130 1131
1132 1131 1130
1131 1132 1133
1134 1133 1132
1133 1134 1135
1135 1136 1133
1136 1135 1137
1138 1131 1133
1133 1136 1138
1127 1129 1139
1137 1140 1136
1140 1137 1141
1129 1131 1142
1138 1142 1131
1139 1129 1142
1138 1143 1142
1143 1138 1144
1136 1144 1138
1144 1136 1140
1142 1145 1139
1145 1142 1143
1146 1139 1145
1147 1139 1146
1139 1147 1148
1134 1149 1135
1149 1134 1150
1150 1151 1149
1151 1150 1152
1153 1149 1151
1152 1154 1151
1154 1152 1126
1126 1127 1154
1127 1155 1154
1147 1155 1148
1127 1148 1155
1155 1156 1154
1153 1151 1156
1156 1151 1154
1155 1147 1157
1157 1158 1155
1158 1156 1155
1156 1158 1159
1159 1153 1156
1153 1159 1160
1160 1161 1153
1149 1153 1161
1161 1135 1149
1135 1161 1137
1161 1160 1162
1162 1137 1161
1137 1162 1141
1116 1126 1152
1150 1116 1152
1116 1150 1110
1134 1110 1150
1110 1134 1096
1134 1094 1096
1094 1134 1132
1132 1089 1094
1089 1132 1130
1128 1089 1130
1089 1128 1088
1125 1088 1128
1088 1125 1083
1163 1164 1165
1164 1163 1093
1163 1165 1166
1167 1166 1165
1167 1165 1168
1168 1169 1167
1169 1168 1121
1170 1093 1171
1092 1170 1171
1172 1173 1169
1123 1173 1172
1174 1175 1176
1175 1174 1177
1178 1176 1175
1176 1178 1179
1180 1177 1174
1177 1180 1181
1178 1182 1179
1182 1178 1183
1183 1184 1182
1184 1183 1185
1185 1186 1184
1186 1185 1187
1188 1189 1190
1189 1188 1191
1190 1192 1188
1192 1190 1193
1194 1188 1192
1188 1194 1195
1195 1191 1188
1196 1195 1194
1195 1196 1197
1197 1198 1195
1191 1195 1198
1198 1197 1199
1193 1190 1200
1200 1201 1193
1200 1202 1201
1203 1202 1200
1202 1203 1204
1203 1205 1204
1203 1206 1205
1207 1206 1203
1207 1203 1200
1206 1207 1208
1209 1208 1207
1208 1209 1210
1210 1211 1208
1211 1210 1212
1213 1208 1211
1208 1213 1206
1206 1213 1214
1205 1206 1214
1209 1207 1215
1200 1216 1207
1207 1216 1215
1215 1216 1189
1205 1214 1217
1204 1205 1218
1205 1217 1218
1216 1190 1189
1190 1216 1200
1209 1219 1210
1219 1209 1220
1209 1215 1220
1210 1221 1212
1221 1210 1219
1219 1222 1221
1222 1219 1223
1220 1223 1219
1223 1224 1222
1223 1220 1225
1215 1189 1226
1220 1215 1226
1227 1220 1226
1220 1227 1225
1225 1228 1223
1228 1224 1223
1228 1229 1224
1225 1230 1228
1231 1230 1225
1225 1227 1231
1227 1232 1231
1227 1233 1232
1230 1234 1228
1228 1234 1229
1233 1227 1235
1235 1227 1226
1235 1236 1233
1236 1235 1237
1189 1237 1235
1226 1189 1235
1237 1189 1191
1237 1238 1236
1238 1237 1239
1191 1239 1237
1239 1240 1238
1240 1239 1241
1198 1241 1239
1239 1191 1198
1241 1198 1199
1242 1241 1199
1197 1242 1199
1242 1197 1243
1242 1243 1244
1243 1197 1196
1242 1244 1245
1241 1242 1245
1245 1240 1241
1246 1247 1248
1248 1247 1249
1247 1250 1249
1250 1251 1249
1251 1250 1252
1248 1253 1246
1248 1254 1253
1255 1251 1252
1251 1255 1256
1257 1256 1255
1258 1256 1257
1258 1257 1259
1259 1260 1258
1258 1260 1261
1262 1263 1264
1264 1263 1265
1266 1264 1265
1267 1264 1266
1267 1266 1268
1269 1267 1268
1269 1268 1270
1270 1268 1271
1271 1272 1270
1272 1271 1273
1273 1271 1274
1269 1275 1267
1275 1264 1267
1275 1269 1276
1266 1265 1277
1277 1274 1271
1278 1277 1265
1279 1278 1265
1277 1278 1280
1271 1281 1277
1277 1281 1266
1282 1277 1280
1277 1282 1274
1282 1283 1274
1273 1274 1283
1283 1282 1284
1283 1285 1273
1272 1273 1285
1285 1283 1286
1284 1286 1283
1286 1284 1287
1286 1288 1285
1288 1286 1289
1290 1286 1287
1286 1290 1289
1291 1289 1290
1289 1291 1292
1292 1288 1289
1292 1293 1288
1293 1294 1288
1294 1295 1288
1285 1288 1295
1296 1294 1293
1294 1296 1297
1295 1298 1285
1298 1272 1285
1284 1299 1287
1299 1290 1287
1290 1299 1300
1300 1291 1290
1299 1301 1300
1301 1299 1302
1302 1303 1301
1304 1301 1303
1305 1301 1304
1303 1302 1306
1306 1302 1307
1308 1307 1302
1302 1299 1308
1309 1307 1308
1307 1309 1310
1308 1282 1309
1282 1311 1309
1309 1311 1312
1310 1309 1312
1311 1282 1280
1278 1311 1280
1311 1278 1313
1313 1278 1279
1282 1308 1284
1299 1284 1308
1314 1307 1310
1307 1314 1306
1311 1315 1312
1315 1311 1313
1315 1313 1316
1316 1313 1317
1317 1313 1279
1318 1315 1316
1318 1319 1315
1320 1310 1319
1314 1310 1320
1321 1319 1318
1321 1320 1319
1321 1318 1322
1322 1318 1316
1322 1323 1321
1316 1324 1322
1325 1324 1316
1325 1316 1317
1325 1326 1324
1326 1322 1324
1322 1327 1323
1327 1322 1328
1322 1326 1328
1328 1326 1329
1328 1329 1330
1327 1328 1330
1327 1330 1331
1331 1330 1332
1333 1331 1332
1329 1326 1334
1326 1335 1334
1325 1335 1326
1329 1334 1336
1337 1336 1334
1334 1338 1337
1335 1338 1334
1338 1339 1337
1340 1337 1339
1337 1340 1341
1336 1337 1341
1340 1342 1341
1342 1336 1341
1342 1340 1343
1344 1343 1340
1345 1342 1343
1346 1345 1343
1346 1343 1344
1342 1345 1347
1348 1345 1346
1345 1348 1349
1349 1347 1345
1347 1349 1350
1351 1349 1348
1349 1351 1352
1353 1349 1352
1349 1353 1350
1354 1351 1348
1355 1351 1354
1356 1351 1355
1355 1296 1356
1296 1355 1297
1348 1346 1357
1344 1357 1346
1357 1344 1358
1359 1351 1356
1359 1352 1351
1360 1352 1359
1352 1360 1353
1361 1347 1350
1353 1361 1350
1347 1361 1362
1362 1342 1347
1342 1362 1363
1336 1342 1363
1364 1363 1362
1363 1364 1332
1332 1365 1363
1365 1336 1363
1362 1361 1366
1366 1364 1362
1361 1367 1366
1367 1361 1368
1361 1353 1368
1360 1368 1353
1369 1366 1367
1370 1369 1367
1371 1370 1367
1372 1370 1371
1366 1369 1373
1364 1366 1373
1373 1333 1364
1333 1332 1364
1336 1365 1329
1374 1371 1367
1374 1367 1368
1368 1360 1374
1371 1375 1372
1372 1375 1305
1305 1304 1372
1376 1301 1305
1376 1300 1301
1291 1300 1376
1264 1275 1377
1262 1264 1377
1378 1377 1275
1262 1377 1378
1262 1378 1379
1378 1339 1379
1275 1380 1378
1380 1381 1378
1381 1339 1378
1380 1382 1381
1383 1382 1380
1383 1380 1275
1275 1276 1383
1383 1358 1382
1358 1344 1382
1381 1340 1339
1340 1381 1384
1340 1384 1344
1379 1339 1338
1263 1279 1265
1348 1385 1354
1385 1348 1357
1127 1139 1148
