byte offset: 0
first index: 0
index count: 2856
topology: trianglelist
format: DXGI_FORMAT_R16_UINT

0 1 2
0 3 1
0 2 4
5 0 4
5 4 6
7 8 9
7 9 10
11 10 9
11 9 12
11 12 13
14 15 16
15 17 16
17 15 18
14 16 19
20 17 18
21 22 23
22 24 23
24 25 23
21 26 22
21 27 26
28 29 30
31 32 33
33 34 31
33 35 34
34 35 36
37 34 36
36 38 37
39 40 41
42 43 44
42 45 43
42 44 46
47 42 46
47 46 48
49 50 51
49 51 52
53 52 51
53 51 54
53 54 55
56 57 58
57 59 58
59 57 60
56 58 61
62 59 60
63 64 65
64 66 65
66 67 65
63 68 64
63 69 68
70 71 72
73 74 75
75 76 73
75 77 76
76 77 78
79 76 78
78 80 79
81 82 83
84 85 86
84 86 87
88 87 86
86 89 88
89 90 88
87 91 84
92 93 94
95 94 93
95 96 94
97 96 95
97 98 96
99 97 95
100 101 102
101 100 103
100 102 104
105 101 103
101 105 106
107 106 105
108 109 110
111 108 110
111 112 108
111 113 112
108 114 109
108 115 114
116 117 118
116 118 119
116 120 117
120 121 117
116 119 122
123 116 122
124 125 126
124 126 127
126 128 127
129 130 131
130 132 131
130 133 132
134 135 136
135 134 137
134 138 137
138 134 139
140 138 139
138 140 141
142 141 140
141 142 143
144 143 142
143 144 145
144 146 145
146 144 147
147 148 146
148 147 149
135 149 136
149 135 148
150 134 136
134 150 151
152 134 151
134 152 139
153 139 152
139 153 140
153 142 140
142 153 154
154 144 142
144 154 155
156 144 155
144 156 147
157 147 156
147 157 149
136 157 150
157 136 149
146 158 145
148 158 146
145 158 143
143 158 141
141 158 138
138 158 137
137 158 135
135 158 148
154 159 155
155 159 156
154 160 159
161 160 154
153 161 154
159 162 156
156 162 163
156 163 157
157 163 150
163 164 150
150 164 165
150 165 151
151 165 152
165 166 152
152 166 161
152 161 153
167 168 169
168 167 170
171 169 168
169 171 172
168 173 171
174 171 173
171 174 175
176 175 174
175 176 177
173 168 178
170 178 168
178 170 179
170 180 179
180 170 181
167 181 170
181 182 180
182 181 183
183 184 182
184 183 185
185 183 186
185 187 184
187 185 188
189 183 181
183 189 190
183 190 186
181 167 189
191 188 185
191 185 186
192 190 189
190 192 193
193 192 194
194 195 193
195 194 196
197 196 194
198 197 194
192 198 194
199 197 198
199 200 197
200 199 201
201 202 200
202 203 200
202 204 203
200 203 205
200 205 197
197 205 196
205 206 196
196 206 207
196 207 195
206 208 207
209 199 198
209 198 210
210 198 192
211 201 199
199 209 211
212 201 211
189 210 192
210 189 167
210 169 209
169 210 167
209 172 211
172 209 169
212 211 172
172 213 212
172 171 213
171 175 213
213 175 214
175 177 214
215 216 217
216 215 218
218 219 216
219 218 220
220 221 219
221 220 222
222 223 221
223 222 224
224 225 223
225 224 226
226 227 225
227 226 228
228 229 227
229 228 230
217 231 215
231 217 232
233 234 235
234 233 236
236 237 234
237 236 238
238 239 237
239 238 240
240 241 239
241 240 242
242 243 241
243 242 244
244 245 243
245 244 246
246 247 245
247 246 248
248 249 247
249 248 250
251 252 253
252 254 253
254 255 253
256 255 254
257 255 256
253 255 258
255 259 258
258 259 260
260 261 258
260 262 261
263 262 260
262 264 261
261 264 265
260 259 266
257 266 255
255 266 259
263 260 267
266 267 260
267 268 263
256 269 257
261 265 270
270 271 261
261 272 258
271 272 261
253 258 272
253 272 273
253 273 274
251 253 274
275 276 277
278 276 275
276 278 279
278 275 280
279 281 276
282 281 279
282 283 281
283 284 281
285 286 287
286 288 287
289 288 286
288 290 287
286 291 289
292 289 291
293 292 291
291 294 293
190 193 295
195 295 193
295 186 190
296 297 298
298 297 299
300 296 298
300 298 301
299 301 298
302 300 301
302 301 303
304 303 301
304 301 299
304 305 303
306 302 303
306 303 307
305 307 303
308 306 307
308 307 309
310 309 307
307 305 310
310 311 309
312 308 309
312 309 313
311 313 309
314 312 313
314 313 315
316 315 313
313 311 316
316 317 315
317 316 318
319 315 317
317 320 319
317 318 320
321 319 320
320 322 321
322 320 318
318 323 322
324 314 315
325 324 315
326 318 316
323 318 326
316 327 326
328 323 326
326 327 329
326 329 330
328 326 330
328 330 331
330 329 332
330 332 333
331 330 333
331 333 334
332 335 333
335 336 333
336 334 333
336 337 334
335 338 336
338 339 336
339 337 336
338 340 339
339 341 337
340 341 339
342 343 344
345 342 344
342 345 346
347 346 345
347 345 324
348 347 324
348 324 349
350 348 349
351 350 349
324 352 349
351 349 352
319 351 315
351 325 315
353 354 355
354 356 355
355 357 353
357 355 358
356 358 355
358 356 359
360 357 358
359 360 358
357 360 361
362 361 360
361 362 363
364 362 360
360 359 364
362 364 365
366 363 362
363 366 367
367 366 368
362 369 366
369 362 365
369 370 366
370 368 366
370 369 371
372 367 368
370 371 373
373 371 374
370 373 375
368 370 375
375 376 368
373 374 377
378 377 374
377 378 379
377 379 380
381 373 377
373 381 375
382 375 381
382 376 375
383 374 371
374 383 384
384 378 374
385 384 383
384 385 386
378 384 387
378 387 379
383 388 385
388 389 385
385 390 386
391 376 382
391 392 376
392 368 376
392 372 368
384 386 393
384 393 387
388 383 394
394 383 371
395 388 394
396 395 394
369 394 371
369 397 394
397 396 394
398 388 395
399 398 395
395 400 399
400 395 401
396 401 395
402 399 400
399 402 403
402 404 403
404 402 405
406 403 404
403 406 407
403 407 408
408 398 399
403 408 399
405 409 404
409 405 410
404 411 406
411 404 409
412 411 409
410 413 409
412 409 413
414 412 413
415 414 413
414 416 412
417 415 413
410 417 413
418 414 415
416 414 418
415 419 418
420 416 418
419 421 418
421 422 418
421 423 422
423 424 422
422 424 425
422 425 418
425 420 418
426 427 428
428 427 429
426 428 430
430 428 429
431 426 430
431 430 432
432 433 431
430 434 432
430 429 434
433 432 435
434 436 432
435 432 436
436 390 435
435 437 433
385 435 390
437 435 385
385 389 437
377 438 381
380 438 377
439 440 441
442 440 439
443 440 442
444 443 442
443 444 445
446 445 444
445 446 447
448 447 446
447 448 449
449 448 450
450 448 451
451 448 452
449 450 453
454 449 453
452 455 451
456 455 452
457 455 456
458 459 460
461 458 460
462 458 461
463 462 461
463 464 462
463 465 464
465 466 464
466 465 467
467 468 466
469 468 467
465 470 467
467 470 471
472 473 474
475 473 472
476 475 472
477 475 476
477 476 478
477 478 479
479 478 480
480 481 479
481 480 482
483 481 482
479 481 484
481 485 484
486 487 488
489 486 488
490 489 488
490 491 489
491 490 492
492 493 491
493 492 494
494 495 493
495 494 496
496 497 495
497 498 495
498 499 495
496 500 497
501 500 496
499 498 502
503 499 502
504 503 502
505 506 507
505 507 508
508 509 505
505 509 510
505 510 511
505 511 512
513 505 512
505 513 506
512 511 514
512 514 515
516 512 515
513 512 516
507 506 517
507 517 518
507 518 519
507 519 520
508 507 520
519 518 521
522 520 519
520 522 523
524 523 522
523 524 525
525 524 526
515 514 527
515 527 528
515 528 529
518 530 521
530 518 531
530 531 532
518 533 531
533 518 534
535 531 533
531 535 536
537 536 535
536 537 538
539 538 537
538 539 540
541 538 540
542 538 541
536 538 542
543 536 542
536 543 544
532 531 544
531 536 544
540 545 541
545 540 546
547 540 539
540 547 546
548 546 547
546 548 549
549 545 546
545 549 550
551 549 548
549 551 552
552 551 553
554 552 553
554 549 552
549 554 550
555 556 515
516 515 556
515 557 555
557 515 558
559 557 558
558 560 559
560 561 559
560 562 561
562 560 563
563 564 562
564 563 565
564 565 566
567 565 563
565 567 568
565 568 566
563 529 567
529 563 560
529 560 558
515 529 558
517 534 518
569 520 523
520 569 570
523 571 569
571 523 525
572 520 570
571 525 526
572 508 520
508 572 509
573 574 575
573 576 574
573 577 576
573 578 577
573 579 578
573 580 579
581 580 573
573 575 581
580 582 579
580 583 582
584 583 580
581 584 580
574 585 575
574 586 585
574 587 586
587 588 586
583 589 582
583 590 589
583 591 590
591 583 592
586 588 593
593 594 586
593 595 594
596 586 594
586 596 597
585 586 597
594 598 596
598 594 599
599 600 598
600 599 601
601 602 600
602 601 603
604 603 601
605 604 601
599 605 601
606 605 599
599 607 606
595 607 594
594 607 599
608 603 604
603 608 609
610 603 609
603 610 602
609 611 610
611 609 612
608 612 609
612 608 613
612 614 611
614 612 615
615 616 614
617 616 615
612 617 615
617 612 613
618 619 620
621 618 620
622 621 620
619 622 620
621 622 623
623 624 621
624 623 587
618 621 625
624 625 621
625 624 626
627 626 624
574 624 587
574 576 624
576 627 624
577 627 576
628 629 583
583 630 628
584 630 583
583 629 592
592 629 631
631 632 592
632 591 592
632 633 591
633 634 591
635 634 633
634 635 636
635 637 636
638 639 640
641 639 638
642 639 641
643 642 641
642 643 644
645 644 643
644 645 646
647 646 645
646 647 648
648 647 649
649 647 650
650 647 651
648 649 652
653 648 652
651 654 650
655 654 651
656 654 655
657 658 659
660 657 659
661 657 660
662 661 660
662 663 661
662 664 663
664 665 663
665 664 666
666 667 665
668 667 666
664 669 666
666 669 670
671 672 673
672 674 673
675 672 671
675 676 672
674 672 676
677 676 675
677 678 676
679 676 678
679 674 676
679 678 680
681 678 677
681 682 678
680 678 682
683 682 681
683 684 682
685 682 684
682 685 680
685 684 686
687 684 683
687 688 684
686 684 688
689 688 687
689 690 688
691 688 690
688 691 686
691 690 692
692 693 691
694 692 690
692 694 695
692 695 693
695 694 696
696 697 695
697 693 695
693 697 698
699 690 689
690 699 700
694 690 700
701 691 693
698 701 693
691 701 702
703 701 698
701 704 702
701 705 704
703 705 701
703 706 705
705 707 704
705 708 707
706 708 705
706 709 708
707 708 710
710 708 711
711 708 709
711 709 712
710 711 713
713 711 714
714 711 712
713 714 715
714 712 716
715 714 716
717 718 719
720 718 717
718 721 719
722 721 718
723 722 718
720 723 718
724 723 720
723 699 722
723 725 699
724 725 723
726 725 724
725 727 699
726 727 725
726 728 727
728 700 727
699 727 700
729 730 731
731 730 732
733 730 729
730 733 734
734 732 730
732 734 735
733 736 734
736 735 734
736 733 737
737 738 736
738 737 739
738 740 736
735 736 740
740 738 741
739 742 738
742 739 743
743 744 742
745 738 742
738 745 741
745 742 746
746 742 744
746 747 745
748 744 743
746 749 747
749 750 747
746 751 749
744 751 746
751 744 752
749 753 750
754 750 753
753 755 754
756 753 749
749 751 756
757 756 751
757 751 752
758 747 750
750 759 758
759 750 754
760 758 759
759 761 760
754 762 759
754 755 762
763 747 758
758 760 764
764 763 758
765 763 764
766 763 765
764 760 767
760 761 768
745 747 763
745 763 769
769 763 766
759 770 761
759 762 770
771 765 764
772 765 771
772 773 765
766 765 773
773 772 774
775 774 772
774 775 776
777 776 775
776 777 778
775 779 777
779 775 780
775 781 780
781 772 771
775 772 781
782 778 777
778 782 783
777 784 782
784 777 779
785 782 784
783 782 786
785 786 782
787 786 785
788 786 787
787 785 789
790 786 788
783 786 790
791 788 787
789 791 787
788 791 792
793 791 789
792 791 794
794 791 795
794 795 796
796 795 797
795 798 797
795 791 798
798 791 793
799 752 800
799 757 752
800 752 744
800 744 748
801 802 803
802 804 803
801 805 802
805 804 802
806 805 801
806 807 805
807 806 808
805 807 809
805 809 804
808 810 807
809 807 811
810 811 807
811 810 768
810 808 812
760 768 810
812 760 810
760 812 767
753 813 814
753 756 813
814 755 753
815 816 817
818 815 817
819 818 817
819 820 818
820 819 821
821 822 820
822 821 823
823 824 822
824 823 825
825 826 824
826 827 824
827 828 824
825 829 826
830 829 825
828 827 831
832 828 831
833 832 831
834 835 836
837 835 834
838 837 834
839 837 838
839 838 840
839 840 841
841 840 842
842 843 841
843 842 844
845 843 844
841 843 846
843 847 846
