byte offset: 0
first index: 0
index count: 10170
topology: trianglelist
format: DXGI_FORMAT_R16_UINT

0 1 2
1 0 3
4 3 0
3 4 5
6 2 1
2 6 7
8 7 6
7 8 9
10 9 8
9 10 11
12 11 10
11 12 13
14 13 12
13 14 15
15 5 4
5 15 14
16 17 18
17 16 19
20 19 16
19 20 21
22 21 20
21 22 23
24 23 22
23 24 25
26 25 24
25 26 27
28 27 26
27 28 29
30 29 28
29 30 31
31 18 17
18 31 30
32 33 34
33 32 35
34 36 32
36 34 37
37 38 36
38 37 39
39 40 38
40 39 41
41 42 40
42 41 43
43 44 42
44 43 45
35 46 33
47 45 46
46 35 47
45 47 48
49 50 51
52 50 49
50 52 53
54 53 52
53 54 55
56 55 54
57 58 59
58 57 60
61 58 60
58 61 62
61 63 62
59 64 57
65 66 67
66 65 68
69 70 71
70 69 72
73 74 75
74 73 76
77 78 79
78 77 80
81 82 83
82 81 84
85 83 82
83 85 86
87 86 85
86 87 88
89 88 87
88 89 90
89 91 90
91 89 92
92 93 91
93 92 94
94 95 93
95 94 96
96 97 95
97 96 98
99 97 98
97 99 100
101 100 99
100 101 102
103 102 101
102 103 104
105 104 103
104 105 106
105 107 106
107 105 108
108 109 107
109 108 110
110 111 109
111 110 112
112 81 111
81 112 84
113 114 115
114 113 116
117 115 114
115 117 118
119 118 117
118 119 120
121 120 119
120 121 122
121 123 122
123 121 124
124 125 123
125 124 126
126 127 125
127 126 128
128 129 127
129 128 130
131 129 130
129 131 132
133 132 131
132 133 134
135 134 133
134 135 136
137 136 135
136 137 138
137 139 138
139 137 140
140 141 139
141 140 142
142 143 141
143 142 144
144 113 143
113 144 116
145 146 147
146 145 148
149 147 146
147 149 150
151 150 149
150 151 152
153 152 151
152 153 154
153 155 154
155 153 156
156 157 155
157 156 158
158 159 157
159 158 160
160 161 159
161 160 162
163 161 162
161 163 164
165 164 163
164 165 166
167 166 165
166 167 168
169 168 167
168 169 170
169 171 170
171 169 172
172 173 171
173 172 174
174 175 173
175 174 176
176 145 175
145 176 148
177 178 179
178 177 180
181 182 183
182 181 184
185 186 187
186 185 188
189 190 191
190 189 192
193 194 195
196 193 195
193 196 197
198 197 196
197 198 199
198 200 199
200 198 201
202 200 201
200 202 203
204 203 202
203 204 205
206 205 204
205 206 207
206 208 207
209 210 211
210 209 212
213 214 215
214 213 216
217 218 219
218 217 220
221 222 223
222 221 224
225 226 227
226 225 228
229 230 231
230 229 232
233 234 235
234 233 236
237 238 239
238 237 240
241 242 243
242 241 244
241 245 244
245 241 246
247 245 246
245 247 248
249 248 247
248 249 250
249 251 250
252 243 242
243 252 253
254 253 252
253 254 255
254 256 255
257 258 259
258 257 260
259 261 257
261 259 262
262 263 261
263 262 264
264 265 263
265 264 266
266 267 265
267 266 268
268 269 267
269 268 270
270 271 269
271 270 272
272 273 271
273 272 274
274 275 273
275 274 276
276 260 275
260 276 258
277 278 279
278 277 280
279 281 277
281 279 282
282 283 281
283 282 284
284 285 283
285 284 286
286 287 285
287 286 288
288 289 287
289 288 290
290 291 289
291 290 292
292 293 291
293 292 294
294 295 293
295 294 296
296 280 295
280 296 278
297 298 299
298 297 300
301 300 297
300 301 302
301 303 302
303 301 304
305 303 304
303 305 306
307 308 309
308 307 310
310 311 308
311 310 312
312 313 311
313 312 314
314 315 313
315 314 316
316 317 315
317 316 318
318 319 317
319 318 320
320 321 319
321 320 322
322 323 321
323 322 324
324 325 323
325 324 326
326 309 325
309 326 307
327 328 329
328 327 330
328 331 329
331 328 332
332 333 331
333 332 334
334 335 333
335 334 336
336 337 335
337 336 338
338 339 337
339 338 340
340 341 339
341 340 342
342 343 341
343 342 344
344 345 343
345 344 346
346 347 345
347 346 348
349 350 351
352 351 350
351 352 353
354 353 352
353 354 355
356 355 354
355 356 357
356 358 357
358 356 359
359 360 358
360 359 361
361 362 360
362 361 363
363 364 362
364 363 365
365 366 364
367 368 369
368 367 370
368 370 371
372 371 370
373 374 375
374 373 376
377 378 379
377 380 378
381 382 383
382 381 384
385 386 387
385 388 386
385 389 388
389 390 388
389 391 390
391 389 392
393 394 395
394 393 396
395 394 397
394 398 397
398 394 399
394 400 399
400 394 401
400 401 402
403 402 401
402 403 404
403 405 404
405 403 406
407 397 398
398 408 407
408 398 409
398 410 409
397 407 411
411 412 397
412 413 397
412 411 414
415 416 417
416 415 418
419 420 421
420 419 422
422 419 423
419 424 423
424 425 423
426 423 425
423 426 427
428 427 426
429 430 431
430 429 432
431 433 429
433 431 434
435 436 437
435 437 438
435 438 439
439 440 435
441 435 440
442 441 440
441 442 443
443 442 444
445 446 447
448 449 450
449 448 451
452 453 454
453 452 455
456 457 458
457 456 459
456 460 459
460 456 461
462 463 464
463 462 465
466 465 462
465 466 467
463 468 464
469 467 466
467 469 470
471 470 469
470 471 472
473 474 475
476 475 474
477 478 479
478 477 480
481 480 477
482 480 481
482 481 483
482 483 484
483 485 484
485 483 486
486 487 485
487 486 488
488 489 487
489 490 487
485 487 490
490 489 491
492 490 491
490 492 493
489 494 491
494 489 495
488 495 489
496 491 494
491 496 492
497 492 496
492 497 498
492 498 493
499 498 497
495 488 500
501 498 499
499 502 501
493 498 503
501 503 498
493 503 504
503 505 504
503 501 505
506 504 505
504 506 507
507 506 508
508 506 509
509 510 508
510 509 511
512 513 514
513 512 515
516 517 518
517 516 519
520 521 522
521 523 522
522 523 524
524 525 522
525 524 526
526 527 525
526 528 527
528 526 529
528 530 527
530 531 527
532 531 530
531 532 533
533 532 534
532 535 534
536 537 538
539 538 537
538 539 540
541 540 539
541 539 542
542 543 541
543 542 544
544 545 543
545 544 546
547 545 546
546 548 547
548 546 549
550 551 552
550 553 551
553 550 554
555 552 556
552 555 557
558 559 560
559 558 561
562 559 561
561 563 562
564 563 561
564 565 563
565 564 566
560 567 558
568 569 570
571 572 573
572 571 574
575 576 577
578 579 580
579 578 581
582 583 584
583 582 585
586 587 588
587 586 589
590 589 586
589 590 591
592 591 590
591 592 593
594 595 596
595 594 597
598 599 600
601 602 603
602 601 604
605 601 603
601 605 606
601 606 607
608 609 610
609 608 611
612 613 614
615 613 612
613 615 616
617 618 619
617 620 618
621 622 623
622 621 624
625 626 627
628 629 630
631 632 633
634 635 636
637 638 639
638 637 640
637 641 640
641 637 642
643 639 638
639 643 644
642 645 641
645 642 646
647 645 646
645 647 648
649 648 647
648 649 650
651 650 649
650 651 652
651 653 652
653 651 654
654 655 653
655 644 643
655 654 656
644 655 656
657 658 659
660 661 662
661 660 663
664 665 666
665 664 667
668 669 670
669 668 671
672 673 674
675 672 674
675 674 676
677 675 676
676 678 677
678 679 677
679 680 677
680 679 681
682 681 679
681 682 683
681 684 680
685 680 684
684 686 685
680 685 687
686 684 688
688 689 686
689 688 690
676 691 678
692 693 694
695 693 692
695 696 693
697 696 695
696 697 698
698 697 699
700 699 697
699 700 701
701 702 699
702 701 703
701 700 704
700 705 704
704 705 706
705 700 707
706 708 704
709 708 706
708 709 710
696 698 711
712 713 714
713 712 715
716 717 718
717 716 719
720 721 722
721 720 723
724 725 726
725 724 727
728 729 730
729 728 731
732 733 734
733 732 735
736 737 738
737 736 739
740 741 742
741 740 743
744 745 746
745 744 747
748 749 750
749 748 751
752 753 754
753 752 755
756 757 758
757 756 759
760 761 762
761 760 763
764 765 766
765 764 767
768 769 770
769 768 771
772 773 774
773 772 775
776 777 778
777 776 779
780 781 782
781 780 783
784 785 786
785 784 787
788 789 790
789 788 791
792 793 794
793 792 795
796 797 798
797 796 799
800 801 802
801 800 803
804 801 803
803 805 804
801 804 806
807 801 806
802 808 800
808 809 800
808 802 810
810 802 811
812 813 814
813 812 815
816 817 818
819 818 817
818 819 820
816 818 821
821 822 816
823 816 822
816 823 824
825 826 827
826 828 827
828 826 829
830 826 825
831 830 825
825 832 831
832 825 833
834 835 836
835 834 837
838 839 840
839 838 841
842 843 844
843 842 845
846 847 848
847 846 849
850 851 852
851 850 853
854 855 856
855 857 856
857 855 858
859 855 854
859 854 860
854 861 860
861 854 862
863 864 865
866 865 864
865 866 867
863 865 868
868 869 863
870 863 869
863 870 871
872 873 874
873 872 875
876 877 878
877 876 879
880 881 882
881 880 883
884 885 886
885 884 887
888 889 890
889 888 891
892 893 894
893 892 895
896 894 893
894 896 897
898 897 896
897 898 899
900 899 898
899 900 901
902 901 900
901 902 903
904 903 902
903 904 905
906 905 904
905 906 907
907 895 892
895 907 906
908 909 910
909 911 910
911 912 910
912 913 910
913 914 910
914 915 910
916 917 918
917 916 919
918 920 916
920 918 921
921 922 920
922 921 923
923 924 922
924 923 925
925 926 924
926 925 927
927 928 926
928 927 929
929 930 928
930 929 931
919 931 917
931 919 930
932 933 934
934 933 935
935 933 936
936 933 937
937 933 938
938 933 939
940 941 942
941 940 943
943 944 941
944 943 945
945 946 944
946 945 947
947 948 946
948 947 949
950 951 952
951 950 953
952 954 950
954 952 955
955 956 954
956 955 957
957 958 956
958 957 959
960 961 962
961 960 963
964 965 966
965 964 967
968 969 970
969 968 971
972 973 974
975 973 972
975 976 973
977 976 975
976 977 978
978 977 979
980 979 977
979 980 981
981 982 979
982 981 983
981 980 984
980 985 984
984 985 986
985 980 987
986 988 984
989 988 986
988 989 990
976 978 991
992 993 994
995 992 994
995 994 996
997 995 996
996 998 997
998 999 997
999 1000 997
1000 999 1001
1002 1001 999
1001 1002 1003
1001 1004 1000
1005 1000 1004
1004 1006 1005
1000 1005 1007
1006 1004 1008
1008 1009 1006
1009 1008 1010
996 1011 998
1012 1013 1014
1013 1012 1015
1016 1017 1018
1017 1016 1019
1020 1021 1022
1021 1020 1023
1024 1025 1026
1025 1024 1027
1028 1029 1030
1029 1028 1031
1032 1033 1034
1033 1032 1035
1036 1037 1038
1037 1036 1039
1040 1041 1042
1041 1040 1043
1044 1045 1046
1045 1044 1047
1048 1049 1050
1049 1048 1051
1052 1053 1054
1053 1052 1055
1056 1057 1058
1057 1056 1059
1060 1061 1062
1061 1060 1063
1064 1065 1066
1065 1064 1067
1068 1069 1070
1069 1068 1071
1072 1073 1074
1073 1072 1075
1076 1077 1078
1077 1076 1079
1080 1081 1082
1081 1080 1083
1084 1085 1086
1085 1084 1087
1088 1089 1090
1089 1088 1091
1092 1093 1094
1093 1092 1095
1096 1097 1098
1097 1096 1099
1100 1101 1102
1101 1100 1103
1100 1104 1103
1103 1104 1105
1104 1100 1106
1107 1106 1100
1108 1102 1101
1108 1101 1109
1102 1108 1110
1110 1111 1102
1112 1113 1114
1113 1112 1115
1116 1117 1118
1117 1119 1118
1119 1117 1120
1116 1121 1117
1121 1116 1122
1116 1123 1122
1123 1116 1124
1125 1126 1127
1128 1127 1126
1127 1128 1129
1130 1125 1127
1131 1125 1130
1132 1125 1131
1125 1132 1133
1134 1135 1136
1135 1134 1137
1138 1139 1140
1139 1138 1141
1142 1143 1144
1143 1142 1145
1146 1147 1148
1147 1146 1149
1150 1151 1152
1151 1150 1153
1154 1155 1156
1157 1156 1155
1156 1157 1158
1159 1154 1156
1159 1160 1154
1161 1154 1160
1154 1161 1162
1163 1164 1165
1164 1166 1165
1166 1164 1167
1163 1168 1164
1168 1163 1169
1163 1170 1169
1170 1163 1171
1172 1173 1174
1173 1172 1175
1176 1177 1178
1177 1176 1179
1180 1181 1182
1181 1180 1183
1184 1185 1186
1185 1184 1187
1188 1189 1190
1189 1188 1191
1192 1193 1194
1193 1192 1195
1194 1196 1192
1196 1194 1197
1197 1198 1196
1198 1197 1199
1199 1200 1198
1200 1199 1201
1201 1202 1200
1202 1201 1203
1203 1204 1202
1204 1203 1205
1205 1206 1204
1206 1205 1207
1195 1207 1193
1207 1195 1206
1208 1209 1210
1210 1209 1211
1211 1209 1212
1212 1209 1213
1213 1209 1214
1214 1209 1215
1216 1217 1218
1217 1216 1219
1220 1218 1217
1218 1220 1221
1222 1221 1220
1221 1222 1223
1224 1223 1222
1223 1224 1225
1226 1225 1224
1225 1226 1227
1228 1227 1226
1227 1228 1229
1230 1229 1228
1229 1230 1231
1231 1219 1216
1219 1231 1230
1232 1233 1234
1233 1235 1234
1235 1236 1234
1236 1237 1234
1237 1238 1234
1238 1239 1234
1240 1241 1242
1241 1240 1243
1244 1243 1240
1243 1244 1245
1246 1245 1244
1245 1246 1247
1248 1247 1246
1247 1248 1249
1250 1251 1252
1251 1250 1253
1254 1252 1251
1252 1254 1255
1256 1255 1254
1255 1256 1257
1258 1257 1256
1257 1258 1259
1260 1261 1262
1261 1260 1263
1264 1262 1261
1262 1264 1265
1266 1265 1264
1265 1266 1267
1268 1267 1266
1267 1268 1269
1270 1269 1268
1269 1270 1271
1272 1271 1270
1271 1272 1273
1274 1273 1272
1273 1274 1275
1276 1275 1274
1275 1276 1277
1278 1277 1276
1277 1278 1279
1263 1279 1278
1279 1263 1260
1280 1281 1282
1281 1280 1283
1284 1282 1281
1282 1284 1285
1286 1285 1284
1285 1286 1287
1288 1287 1286
1287 1288 1289
1290 1289 1288
1289 1290 1291
1292 1291 1290
1291 1292 1293
1294 1293 1292
1293 1294 1295
1296 1295 1294
1295 1296 1297
1298 1297 1296
1297 1298 1299
1283 1299 1298
1299 1283 1280
1300 1301 1302
1301 1300 1303
1303 1304 1301
1304 1303 1305
1306 1304 1305
1304 1306 1307
1306 1308 1307
1308 1306 1309
1310 1311 1312
1311 1310 1313
1314 1313 1310
1313 1314 1315
1316 1315 1314
1315 1316 1317
1318 1317 1316
1317 1318 1319
1320 1319 1318
1319 1320 1321
1322 1321 1320
1321 1322 1323
1324 1323 1322
1323 1324 1325
1326 1325 1324
1325 1326 1327
1328 1327 1326
1327 1328 1329
1312 1329 1328
1329 1312 1311
1330 1331 1332
1331 1330 1333
1334 1331 1333
1331 1334 1335
1336 1335 1334
1335 1336 1337
1338 1337 1336
1337 1338 1339
1340 1339 1338
1339 1340 1341
1342 1341 1340
1341 1342 1343
1344 1343 1342
1343 1344 1345
1346 1345 1344
1345 1346 1347
1348 1347 1346
1347 1348 1349
1350 1349 1348
1349 1350 1351
1352 1353 1354
1353 1355 1354
1355 1353 1356
1356 1357 1355
1357 1356 1358
1358 1359 1357
1359 1358 1360
1361 1359 1360
1359 1361 1362
1363 1362 1361
1362 1363 1364
1365 1364 1363
1364 1365 1366
1367 1366 1365
1366 1367 1368
1368 1367 1369
1370 1371 1372
1371 1373 1372
1371 1374 1373
1375 1373 1374
1376 1377 1378
1377 1376 1379
1380 1381 1382
1380 1382 1383
1384 1385 1386
1385 1384 1387
1388 1389 1390
1388 1390 1391
1388 1391 1392
1392 1391 1393
1394 1392 1393
1392 1394 1395
1396 1397 1398
1397 1396 1399
1398 1400 1396
1400 1401 1396
1400 1402 1401
1402 1400 1403
1401 1404 1396
1405 1396 1404
1396 1405 1406
1405 1407 1406
1407 1408 1406
1408 1407 1409
1410 1408 1409
1408 1410 1411
1401 1402 1412
1412 1413 1401
1401 1413 1414
1400 1415 1403
1415 1416 1403
1415 1400 1417
1418 1419 1420
1419 1418 1421
1422 1423 1424
1423 1422 1425
1424 1426 1422
1422 1426 1427
1427 1426 1428
1429 1428 1426
1426 1430 1429
1431 1429 1430
1432 1433 1434
1433 1432 1435
1436 1435 1432
1435 1436 1437
1438 1439 1440
1438 1441 1439
1438 1442 1441
1442 1438 1443
1444 1443 1438
1445 1443 1444
1444 1446 1445
1446 1447 1445
1448 1449 1450
1451 1452 1453
1452 1451 1454
1455 1456 1457
1456 1455 1458
1459 1460 1461
1460 1459 1462
1463 1459 1461
1459 1463 1464
1465 1466 1467
1466 1465 1468
1467 1469 1465
1469 1467 1470
1466 1468 1471
1470 1472 1469
1472 1470 1473
1473 1474 1472
1474 1473 1475
1476 1477 1478
1479 1478 1477
1480 1481 1482
1481 1480 1483
1484 1480 1482
1485 1484 1482
1485 1486 1484
1485 1487 1486
1488 1486 1487
1486 1488 1489
1489 1488 1490
1490 1491 1489
1491 1490 1492
1493 1492 1490
1488 1493 1490
1492 1493 1494
1493 1495 1494
1495 1493 1496
1497 1492 1494
1492 1497 1498
1498 1491 1492
1494 1499 1497
1499 1494 1495
1495 1500 1499
1500 1495 1501
1495 1496 1501
1502 1500 1501
1491 1498 1503
1502 1501 1504
1504 1505 1502
1496 1506 1501
1504 1501 1506
1496 1507 1506
1506 1507 1508
1506 1508 1504
1509 1508 1507
1507 1510 1509
1510 1511 1509
1511 1512 1509
1512 1511 1513
1513 1514 1512
1515 1516 1517
1516 1515 1518
1519 1520 1521
1520 1519 1522
1523 1524 1525
1525 1524 1526
1524 1527 1526
1527 1524 1528
1528 1529 1527
1529 1528 1530
1531 1529 1530
1529 1531 1532
1531 1530 1533
1533 1530 1534
1534 1535 1533
1535 1534 1536
1536 1537 1535
1535 1537 1538
1539 1540 1541
1540 1542 1541
1542 1540 1543
1542 1543 1544
1544 1545 1542
1545 1544 1546
1546 1547 1545
1548 1547 1546
1547 1548 1549
1550 1549 1548
1549 1550 1551
1551 1552 1549
1553 1554 1555
1556 1553 1555
1553 1556 1557
1558 1554 1553
1554 1558 1559
1560 1561 1562
1562 1563 1560
1564 1563 1562
1563 1564 1565
1566 1563 1565
1567 1566 1565
1566 1567 1568
1561 1560 1569
1570 1571 1572
1573 1574 1575
1574 1573 1576
1577 1578 1579
1580 1581 1582
1581 1580 1583
1584 1585 1586
1585 1584 1587
1588 1589 1590
1589 1588 1591
1590 1592 1588
1592 1590 1593
1593 1594 1592
1594 1593 1595
1596 1597 1598
1597 1596 1599
1600 1601 1602
1603 1604 1605
1604 1603 1606
1607 1605 1604
1604 1608 1607
1604 1609 1608
1610 1611 1612
1611 1610 1613
1614 1615 1616
1617 1614 1616
1616 1618 1617
1619 1620 1621
1619 1621 1622
1623 1624 1625
1624 1623 1626
1627 1628 1629
1630 1631 1632
1633 1634 1635
1636 1637 1638
1637 1636 1639
1640 1637 1639
1637 1640 1641
1638 1642 1636
1642 1638 1643
1644 1641 1640
1641 1644 1645
1644 1646 1645
1646 1644 1647
1647 1648 1646
1648 1647 1649
1649 1650 1648
1650 1649 1651
1652 1650 1651
1650 1652 1653
1654 1653 1652
1643 1654 1642
1653 1654 1655
1654 1643 1655
1656 1657 1658
1659 1660 1661
1662 1663 1664
1663 1662 1665
1666 1664 1663
1664 1666 1667
1668 1669 1670
1669 1668 1671
1672 1673 1674
1673 1672 1675
1676 1677 1678
1677 1676 1679
1680 1676 1678
1676 1680 1681
1682 1683 1684
1683 1682 1685
1686 1685 1682
1687 1688 1689
1688 1690 1689
1690 1688 1691
1692 1693 1694
1693 1692 1695
1692 1696 1695
1696 1692 1697
1698 1699 1700
1699 1698 1701
1702 1703 1704
1703 1702 1705
1706 1707 1708
1709 1710 1711
1712 1713 1714
1713 1712 1715
1715 1716 1713
1716 1715 1717
1718 1712 1714
1712 1718 1719
1720 1719 1718
1719 1720 1721
1722 1723 1724
1723 1722 1725
1723 1726 1724
1726 1723 1727
1728 1729 1730
1729 1728 1731
1729 1732 1730
1732 1729 1733
1734 1735 1736
1736 1737 1734
1738 1739 1740
1741 1742 1743
1744 1745 1746
1746 1747 1744
1748 1749 1750
1749 1748 1751
1752 1753 1754
1753 1752 1755
1756 1757 1758
1757 1756 1759
1760 1756 1758
1756 1760 1761
1762 1763 1764
1763 1762 1765
1766 1765 1762
1765 1766 1767
1768 1767 1766
1767 1768 1769
1770 1769 1768
1769 1770 1771
1772 1771 1770
1771 1772 1773
1774 1773 1772
1773 1774 1775
1776 1775 1774
1775 1776 1777
1778 1777 1776
1777 1778 1779
1780 1779 1778
1779 1780 1781
1782 1781 1780
1781 1782 1783
1784 1785 1786
1785 1784 1787
1764 1786 1785
1786 1764 1763
1788 1789 1790
1789 1788 1791
1790 1792 1788
1792 1790 1793
1793 1794 1792
1794 1793 1795
1795 1796 1794
1796 1795 1797
1797 1798 1796
1798 1797 1799
1799 1800 1798
1800 1799 1801
1801 1802 1800
1802 1801 1803
1803 1804 1802
1804 1803 1805
1805 1806 1804
1806 1805 1807
1808 1809 1810
1809 1808 1811
1810 1812 1808
1812 1810 1813
1813 1791 1812
1791 1813 1789
1814 1815 1816
1815 1814 1817
1818 1815 1817
1815 1818 1819
1820 1819 1818
1819 1820 1821
1822 1814 1816
1814 1822 1823
1824 1823 1822
1823 1824 1825
1824 1826 1825
1820 1827 1821
1827 1820 1828
1829 1830 1831
1830 1829 1832
1833 1834 1835
1834 1833 1836
1837 1838 1839
1838 1837 1840
1841 1842 1843
1842 1841 1844
1841 1845 1844
1845 1841 1846
1842 1847 1843
1847 1842 1848
1849 1847 1848
1847 1849 1850
1849 1851 1850
1851 1849 1852
1853 1851 1852
1851 1853 1854
1855 1856 1857
1856 1855 1858
1859 1860 1861
1860 1859 1862
1862 1863 1860
1863 1862 1864
1864 1865 1863
1865 1864 1866
1866 1867 1865
1867 1866 1868
1868 1869 1867
1869 1868 1870
1870 1871 1869
1871 1870 1872
1872 1873 1871
1873 1872 1874
1874 1875 1873
1875 1874 1876
1876 1877 1875
1877 1876 1878
1878 1879 1877
1879 1878 1880
1881 1882 1883
1882 1881 1884
1883 1861 1881
1861 1883 1859
1885 1886 1887
1886 1885 1888
1889 1887 1886
1887 1889 1890
1891 1890 1889
1890 1891 1892
1893 1892 1891
1892 1893 1894
1895 1894 1893
1894 1895 1896
1897 1896 1895
1896 1897 1898
1899 1898 1897
1898 1899 1900
1901 1900 1899
1900 1901 1902
1903 1902 1901
1902 1903 1904
1905 1906 1907
1906 1905 1908
1909 1907 1906
1907 1909 1910
1888 1910 1909
1910 1888 1885
1911 1912 1913
1912 1911 1914
1911 1915 1914
1915 1911 1916
1916 1917 1915
1917 1916 1918
1919 1917 1918
1917 1919 1920
1912 1921 1913
1921 1912 1922
1922 1923 1921
1923 1922 1924
1923 1924 1925
1926 1927 1928
1927 1926 1929
1930 1926 1928
1926 1930 1931
1932 1931 1930
1931 1932 1933
1934 1933 1932
1933 1934 1935
1936 1935 1934
1935 1936 1937
1936 1938 1937
1938 1936 1939
1939 1940 1938
1941 1942 1943
1942 1941 1944
1945 1946 1947
1946 1945 1948
1949 1950 1951
1950 1949 1952
1953 1952 1949
1952 1953 1954
1955 1954 1953
1954 1955 1956
1955 1957 1956
1957 1955 1958
1959 1957 1958
1957 1959 1960
1959 1961 1960
1962 1951 1950
1951 1962 1963
1964 1965 1966
1965 1964 1967
1968 1965 1967
1965 1968 1969
1966 1970 1964
1970 1966 1971
1972 1970 1971
1970 1972 1973
1974 1973 1972
1973 1974 1975
1974 1976 1975
1976 1974 1977
1978 1979 1980
1979 1978 1981
1982 1978 1980
1978 1982 1983
1984 1985 1986
1985 1984 1987
1984 1988 1987
1988 1984 1989
1990 1991 1992
1991 1990 1993
1990 1994 1993
1994 1990 1995
1996 1997 1998
1997 1996 1999
1996 2000 1999
2000 1996 2001
2002 2003 2004
2003 2002 2005
2006 2007 2008
2007 2006 2009
2010 2011 2012
2011 2010 2013
2014 2015 2016
2015 2014 2017
2018 2019 2020
2019 2018 2021
2022 2023 2024
2023 2022 2025
2026 2027 2028
2027 2026 2029
2030 2028 2027
2028 2030 2031
2032 2031 2030
2031 2032 2033
2034 2033 2032
2033 2034 2035
2036 2035 2034
2035 2036 2037
2038 2037 2036
2037 2038 2039
2040 2039 2038
2039 2040 2041
2042 2041 2040
2041 2042 2043
2044 2043 2042
2043 2044 2045
2029 2045 2044
2045 2029 2026
2046 2047 2048
2046 2049 2047
2049 2046 2050
2050 2051 2049
2051 2050 2052
2052 2053 2051
2053 2052 2054
2055 2053 2054
2056 2057 2058
2056 2059 2057
2059 2056 2060
2060 2061 2059
2061 2060 2062
2063 2061 2062
2061 2063 2064
2064 2063 2065
2066 2067 2068
2067 2066 2069
2068 2070 2066
2070 2068 2071
2071 2072 2070
2072 2071 2073
2073 2074 2072
2074 2073 2075
2075 2076 2074
2076 2075 2077
2077 2078 2076
2078 2077 2079
2079 2080 2078
2080 2079 2081
2081 2082 2080
2082 2081 2083
2083 2084 2082
2084 2083 2085
2085 2069 2084
2069 2085 2067
2086 2087 2088
2089 2086 2088
2086 2089 2090
2091 2090 2089
2090 2091 2092
2093 2092 2091
2092 2093 2094
2095 2094 2093
2096 2097 2098
2099 2096 2098
2096 2099 2100
2101 2100 2099
2100 2101 2102
2101 2103 2102
2103 2101 2104
2104 2105 2103
2106 2107 2108
2107 2106 2109
2110 2109 2106
2109 2110 2111
2112 2111 2110
2111 2112 2113
2114 2113 2112
2113 2114 2115
2116 2115 2114
2115 2116 2117
2118 2117 2116
2117 2118 2119
2120 2121 2122
2123 2120 2122
2121 2124 2122
2124 2125 2122
2126 2127 2128
2127 2126 2129
2130 2129 2126
2129 2130 2131
2132 2131 2130
2131 2132 2133
2134 2133 2132
2133 2134 2135
2136 2135 2134
2135 2136 2137
2138 2137 2136
2137 2138 2139
2140 2141 2142
2141 2143 2142
2143 2144 2142
2144 2145 2142
2146 2147 2148
2147 2146 2149
2150 2149 2146
2149 2150 2151
2152 2151 2150
2151 2152 2153
2154 2153 2152
2153 2154 2155
2156 2155 2154
2155 2156 2157
2158 2157 2156
2157 2158 2159
2160 2161 2162
2160 2163 2161
2164 2163 2160
2161 2163 2165
2166 2167 2168
2167 2166 2169
2170 2171 2172
2171 2170 2173
2172 2174 2175
2174 2172 2176
2177 2178 2179
2178 2177 2180
2181 2182 2183
2182 2181 2184
2185 2186 2187
2186 2185 2188
2186 2189 2187
2189 2186 2190
2191 2192 2189
2192 2191 2193
2194 2195 2196
2197 2198 2199
2198 2197 2200
2201 2198 2200
2202 2201 2200
2201 2202 2203
2204 2205 2206
2205 2204 2207
2208 2209 2210
2209 2208 2211
2212 2213 2214
2213 2212 2215
2216 2217 2218
2217 2216 2219
2220 2221 2222
2220 2223 2221
2224 2220 2222
2225 2226 2227
2228 2229 2230
2231 2232 2233
2232 2231 2234
2232 2235 2233
2235 2232 2236
2237 2235 2236
2236 2238 2237
2239 2240 2241
2240 2239 2242
2243 2244 2245
2244 2243 2246
2247 2248 2249
2248 2247 2250
2251 2252 2253
2252 2251 2254
2255 2256 2257
2256 2255 2258
2259 2260 2261
2260 2259 2262
2263 2264 2265
2264 2263 2266
2267 2268 2269
2268 2267 2270
2271 2272 2273
2271 2274 2272
2274 2271 2275
2275 2276 2274
2277 2278 2279
2278 2277 2280
2280 2281 2278
2281 2280 2282
2282 2283 2281
2283 2282 2284
2284 2285 2283
2285 2284 2286
2286 2287 2285
2288 2279 2287
2287 2286 2288
2279 2288 2289
2290 2291 2292
2293 2291 2290
2292 2291 2294
2294 2291 2295
2296 2297 2298
2297 2296 2299
2299 2300 2297
2300 2299 2301
2301 2302 2300
2302 2301 2303
2303 2304 2302
2304 2303 2305
2305 2306 2304
2306 2305 2307
2307 2308 2306
2308 2307 2309
2310 2311 2312
2312 2311 2313
2313 2311 2314
2314 2311 2315
2316 2317 2318
2317 2316 2319
2319 2320 2317
2320 2319 2321
2321 2322 2320
2322 2321 2323
2323 2324 2322
2324 2323 2325
2325 2326 2324
2326 2325 2327
2327 2328 2326
2328 2327 2329
2330 2331 2332
2330 2332 2333
2334 2330 2333
2332 2335 2333
2336 2337 2338
2337 2336 2339
2340 2341 2342
2341 2340 2343
2344 2345 2346
2347 2348 2349
2348 2347 2350
2351 2352 2353
2352 2351 2354
2355 2356 2357
2356 2355 2358
2359 2360 2361
2360 2359 2362
2363 2364 2365
2365 2366 2363
2367 2368 2369
2368 2367 2370
2371 2372 2373
2372 2371 2374
2375 2376 2377
2376 2375 2378
2379 2380 2381
2380 2379 2382
2383 2384 2385
2383 2385 2386
2387 2384 2383
2388 2389 2390
2391 2392 2393
2392 2391 2394
2395 2396 2397
2398 2399 2400
2399 2398 2401
2402 2403 2404
2404 2405 2402
2406 2407 2408
2407 2406 2409
2410 2411 2412
2411 2410 2413
2414 2415 2416
2415 2414 2417
2418 2419 2420
2419 2418 2421
2422 2423 2424
2422 2425 2423
2425 2422 2426
2427 2428 2429
2428 2427 2430
2431 2432 2433
2432 2431 2434
2435 2434 2431
2431 2436 2435
2434 2435 2437
2437 2438 2434
2439 2440 2441
2442 2440 2439
2443 2440 2442
2441 2440 2444
2444 2440 2445
2445 2440 2443
2446 2447 2448
2447 2446 2449
2450 2449 2446
2449 2450 2451
2452 2451 2450
2451 2452 2453
2454 2453 2452
2453 2454 2455
2456 2454 2452
2454 2456 2457
2448 2458 2446
2458 2448 2459
2454 2460 2455
2460 2454 2461
2461 2462 2460
2462 2461 2463
2463 2464 2462
2464 2463 2465
2465 2466 2464
2466 2465 2467
2454 2468 2461
2468 2454 2457
2469 2467 2465
2467 2469 2470
2471 2466 2467
2466 2471 2472
2473 2472 2471
2472 2473 2474
2475 2474 2473
2474 2475 2476
2477 2476 2475
2476 2477 2478
2477 2479 2478
2479 2477 2480
2480 2481 2479
2481 2480 2482
2482 2483 2481
2483 2482 2484
2484 2447 2483
2447 2484 2448
2477 2485 2480
2485 2477 2486
2487 2448 2484
2448 2487 2459
2488 2477 2475
2477 2488 2486
2489 2490 2491
2490 2489 2492
2493 2494 2495
2494 2493 2496
2497 2498 2499
2498 2497 2500
2501 2502 2503
2502 2501 2504
2503 2505 2501
2503 2506 2505
2507 2506 2503
2506 2507 2508
2508 2509 2506
2510 2509 2508
2509 2510 2511
2509 2511 2512
2512 2511 2513
2514 2513 2511
2513 2514 2515
2516 2502 2504
2502 2516 2517
2517 2516 2518
2517 2518 2519
2520 2517 2519
2519 2521 2520
2521 2519 2522
2523 2521 2522
2522 2524 2523
2522 2525 2524
2525 2526 2524
2526 2527 2524
2527 2526 2528
2514 2529 2515
2529 2514 2530
2531 2529 2530
2532 2531 2530
2532 2530 2533
2533 2534 2532
2534 2535 2532
2535 2534 2536
2536 2537 2535
2537 2538 2535
2537 2539 2538
2540 2539 2537
2539 2540 2541
2540 2542 2541
2542 2540 2543
2543 2544 2542
2543 2545 2544
2546 2545 2543
2545 2546 2547
2547 2548 2545
2549 2548 2547
2548 2549 2550
2548 2550 2551
2551 2550 2552
2527 2552 2550
2552 2527 2528
2553 2554 2555
2554 2553 2556
2557 2555 2554
2555 2557 2558
2559 2560 2561
2560 2562 2561
2563 2564 2565
2564 2563 2566
2567 2564 2566
2564 2567 2568
2569 2570 2571
2570 2572 2571
2573 2574 2575
2574 2573 2576
2574 2577 2575
2577 2574 2578
2579 2580 2581
2580 2579 2582
2583 2584 2585
2584 2583 2586
2587 2588 2589
2588 2587 2590
2591 2592 2593
2592 2591 2594
2595 2596 2597
2596 2595 2598
2597 2599 2595
2599 2597 2600
2601 2602 2603
2603 2602 2604
2605 2606 2607
2607 2606 2608
2609 2610 2611
2610 2609 2612
2613 2609 2611
2609 2613 2614
2615 2616 2617
2616 2615 2618
2619 2620 2621
2620 2619 2622
2623 2624 2625
2624 2623 2626
2627 2628 2629
2628 2627 2630
2631 2632 2633
2632 2631 2634
2633 2635 2631
2635 2633 2636
2637 2638 2639
2639 2638 2640
2641 2642 2643
2642 2641 2644
2641 2645 2644
2645 2641 2646
2647 2648 2649
2649 2648 2650
2651 2652 2653
2652 2651 2654
2655 2656 2657
2656 2655 2658
2659 2660 2661
2660 2659 2662
2663 2664 2665
2664 2663 2666
2667 2668 2669
2668 2667 2670
2671 2669 2668
2669 2671 2672
2673 2674 2675
2674 2676 2675
2677 2678 2679
2678 2680 2679
2467 2681 2471
2681 2467 2470
2682 2683 2684
2683 2682 2685
2686 2687 2688
2687 2686 2689
2686 2690 2689
2691 2689 2690
2689 2691 2692
2693 2692 2691
2692 2693 2694
2695 2694 2693
2694 2695 2696
2695 2697 2696
2697 2695 2698
2699 2690 2686
2699 2700 2690
2700 2699 2701
2702 2699 2686
2699 2702 2703
2704 2697 2698
2704 2698 2705
2706 2697 2704
2697 2706 2707
2708 2705 2698
2705 2708 2709
2710 2704 2705
2704 2710 2711
2710 2712 2711
2702 2713 2703
2714 2715 2716
2717 2714 2716
2718 2719 2720
2718 2720 2721
2722 2723 2724
2723 2722 2725
2726 2727 2728
2727 2726 2729
2730 2731 2732
2731 2730 2733
2734 2735 2736
2735 2734 2737
2738 2739 2740
2739 2738 2741
2742 2743 2744
2743 2742 2745
2746 2747 2748
2747 2746 2749
2750 2751 2752
2751 2750 2753
2754 2755 2756
2755 2754 2757
2758 2759 2760
2759 2758 2761
2762 2763 2764
2763 2762 2765
2766 2767 2768
2767 2766 2769
2770 2771 2772
2771 2770 2773
2774 2775 2776
2775 2774 2777
2778 2779 2780
2779 2778 2781
2782 2783 2784
2783 2782 2785
2786 2787 2788
2787 2786 2789
2790 2791 2792
2791 2790 2793
2794 2795 2796
2795 2794 2797
2798 2799 2800
2799 2798 2801
2801 2802 2799
2802 2801 2803
2804 2805 2806
2804 2806 2807
2808 2809 2810
2809 2811 2810
2812 2813 2814
2815 2816 2817
2816 2815 2818
2819 2820 2821
2820 2819 2822
2823 2824 2825
2824 2823 2826
2827 2828 2829
2828 2827 2830
2831 2832 2833
2832 2831 2834
2835 2836 2837
2836 2835 2838
2839 2840 2841
2840 2839 2842
2843 2844 2845
2844 2843 2846
2843 2847 2846
2847 2843 2848
2849 2850 2851
2850 2849 2852
2853 2854 2855
2854 2853 2856
2857 2858 2859
2858 2857 2860
2861 2862 2863
2862 2861 2864
2865 2866 2867
2866 2865 2868
2869 2870 2871
2870 2869 2872
2873 2874 2875
2874 2873 2876
2877 2878 2879
2878 2877 2880
2881 2882 2883
2882 2881 2884
2885 2886 2887
2886 2885 2888
2889 2890 2891
2890 2889 2892
2893 2894 2895
2894 2893 2896
2897 2898 2899
2898 2897 2900
2901 2902 2903
2902 2901 2904
2905 2906 2907
2906 2905 2908
2909 2910 2911
2910 2909 2912
2913 2914 2915
2914 2913 2916
2917 2918 2919
2918 2917 2920
2921 2918 2920
2922 2923 2924
2925 2922 2924
2922 2925 2926
2927 2926 2925
2926 2927 2928
2927 2929 2928
2930 2931 2932
2931 2930 2933
2934 2935 2936
2935 2934 2937
2938 2939 2940
2939 2938 2941
2942 2943 2944
2943 2942 2945
2946 2947 2948
2947 2946 2949
2950 2951 2952
2951 2950 2953
2954 2955 2956
2955 2954 2957
2958 2959 2960
2959 2958 2961
2962 2963 2964
2963 2962 2965
2966 2967 2968
2967 2966 2969
2970 2971 2972
2973 2972 2971
2974 2975 2976
2975 2974 2977
2978 2979 2980
2979 2978 2981
2982 2983 2984
2983 2985 2984
2986 2984 2985
2984 2987 2982
2985 2983 2988
2989 2990 2991
2989 2992 2990
2992 2989 2993
2993 2994 2992
2995 2994 2993
2996 2997 2998
2999 3000 3001
3000 2999 3002
3002 2999 3003
3002 3004 3000
3005 2999 3001
2999 3005 3006
2999 3006 3007
3008 2999 3007
3008 3007 3009
3009 3010 3008
3008 3010 3011
3012 3008 3011
3013 3008 3012
3013 3014 3008
3012 3015 3013
3016 3017 3018
3019 3018 3017
3020 3021 3022
3023 3021 3020
3024 3023 3020
3021 3025 3022
3021 3026 3025
3025 3026 3027
3026 3028 3027
3026 3029 3028
3030 3031 3032
3033 3031 3030
3031 3033 3034
3035 3036 3037
3036 3035 3038
3039 3040 3041
3040 3039 3042
3043 3044 3045
3044 3043 3046
3047 3048 3049
3049 3048 3050
3051 3050 3048
3048 3047 3052
3050 3053 3049
3054 3055 3056
3057 3054 3056
3056 3058 3057
3059 3057 3058
3054 3060 3055
3061 3062 3063
3062 3061 3064
3064 3065 3062
3065 3064 3066
3066 3067 3065
3067 3066 3068
3069 3070 3071
3072 3073 3074
3075 3074 3073
3076 3077 3078
3076 3079 3077
3077 3079 3080
3077 3080 3081
3082 3076 3078
3083 3082 3078
3083 3078 3084
3085 3083 3084
3086 3087 3088
3088 3089 3086
3089 3088 3090
3091 3092 3093
3092 3091 3094
3095 3096 3097
3096 3095 3098
3099 3100 3101
3100 3099 3102
3103 3104 3105
3104 3103 3106
3107 3104 3106
3104 3107 3108
3108 3107 3109
3109 3107 3110
3109 3110 3111
3109 3111 3112
3111 3113 3112
3113 3114 3112
3115 3112 3114
3114 3116 3115
3116 3114 3117
3116 3117 3118
3119 3116 3118
3120 3119 3118
3103 3105 3121
3122 3123 3124
3125 3126 3127
3128 3129 3130
3131 3132 3133
3134 3135 3136
3135 3134 3137
3137 3138 3135
3138 3137 3139
3139 3140 3138
3140 3139 3141
3142 3140 3141
3140 3142 3143
3144 3145 3146
3145 3144 3147
3146 3148 3144
3148 3146 3149
3150 3148 3149
3148 3150 3151
3150 3152 3151
3152 3150 3153
3154 3155 3156
3155 3154 3157
3158 3155 3157
3155 3158 3159
3160 3159 3158
3159 3160 3161
3162 3161 3160
3161 3162 3163
3164 3165 3166
3165 3164 3167
3165 3168 3166
3168 3165 3169
3170 3168 3169
3168 3170 3171
3172 3171 3170
3171 3172 3173
3174 3175 3176
3175 3174 3177
3178 3179 3180
3179 3178 3181
3182 3183 3184
3182 3184 3185
3182 3185 3186
3187 3188 3189
3188 3187 3190
3191 3192 3193
3192 3191 3194
3195 3196 3197
3195 3198 3196
3195 3199 3198
3200 3201 3202
3201 3200 3203
3204 3205 3206
3205 3204 3207
3208 3209 3210
3209 3208 3211
3212 3213 3214
3213 3212 3215
3216 3217 3218
3217 3216 3219
3220 3221 3222
3221 3220 3223
3224 3222 3221
3222 3224 3225
3226 3227 3228
3227 3226 3229
3230 3231 3232
3231 3230 3233
3234 3235 3236
3234 3237 3235
3234 3238 3237
3239 3240 3241
3240 3239 3242
3243 3244 3245
3243 3245 3246
3243 3246 3247
3248 3249 3250
3249 3248 3251
3252 3253 3254
3253 3252 3255
3256 3257 3258
3257 3256 3259
3260 3261 3262
3261 3260 3263
3264 3265 3266
3265 3264 3267
3268 3269 3270
3269 3268 3271
3272 3273 3274
3273 3272 3275
3274 3276 3272
3276 3274 3277
3278 3279 3280
3279 3278 3281
3282 3283 3284
3283 3282 3285
3286 3287 3288
3287 3286 3289
3290 3291 3292
3291 3290 3293
3294 3295 3296
3297 3298 3299
3298 3297 3300
3301 3302 3303
3302 3301 3304
3305 3306 3307
3306 3305 3308
3309 3310 3311
3312 3313 3314
3313 3312 3315
3316 3317 3318
3317 3316 3319
3320 3321 3322
3321 3320 3323
3324 3325 3326
3325 3324 3327
3328 3329 3330
3331 3332 3333
3332 3331 3334
3335 3336 3337
3336 3335 3338
3339 3340 3341
3342 3343 3344
3343 3342 3345
3346 3347 3348
3347 3346 3349
3350 3351 3352
3351 3350 3353
3354 3355 3356
3355 3354 3357
3358 3359 3360
3359 3358 3361
3362 3363 3364
3363 3362 3365
3366 3367 3368
3367 3366 3369
3370 3371 3372
3373 3370 3372
3374 3373 3372
3375 3376 3377
3376 3378 3377
3379 3377 3378
3377 3379 3380
3381 3379 3378
3379 3381 3382
3383 3381 3378
3383 3378 3376
3384 3381 3383
3385 3386 3387
3387 3388 3385
3386 3389 3387
3390 3389 3386
3389 3390 3391
3392 3393 3394
3395 3396 3397
3398 3399 3400
3399 3398 3401
3402 3403 3404
3403 3402 3405
3406 3407 3408
3409 3407 3406
3410 3407 3409
3411 3412 3413
3414 3415 3416
3417 3418 3419
3418 3417 3420
3421 3422 3423
3422 3421 3424
3425 3426 3427
3426 3425 3428
3429 3430 3431
3430 3429 3432
3433 3434 3435
3434 3433 3436
3437 3438 3439
3438 3437 3440
3441 3442 3443
3442 3441 3444
3445 3446 3447
3448 3449 3450
3451 3452 3453
3452 3451 3454
3455 3456 3457
3456 3455 3458
3459 3460 3461
3460 3459 3462
3463 3464 3465
3464 3463 3466
3467 3468 3469
3468 3467 3470
3471 3472 3473
3474 3475 3476
3477 3478 3479
3478 3477 3480
3481 3482 3483
3482 3481 3484
3485 3486 3487
3486 3485 3488
3489 3490 3491
3490 3489 3492
3493 3494 3495
3494 3493 3496
3497 3498 3499
3498 3497 3500
3501 3502 3503
3504 3505 3506
3507 3508 3509
3508 3507 3510
3511 3512 3513
3512 3511 3514
3515 3516 3517
3516 3515 3518
3519 3520 3521
3522 3523 3524
3525 3526 3527
3526 3525 3528
3529 3530 3531
3530 3529 3532
3533 3534 3535
3536 3537 3538
3537 3536 3539
3540 3541 3542
3541 3540 3543
3544 3545 3546
3545 3544 3547
3548 3549 3550
3551 3552 3553
3552 3551 3554
3555 3556 3557
3556 3555 3558
3559 3560 3561
3560 3559 3562
3563 3564 3565
3564 3563 3566
3567 3568 3569
3570 3571 3572
3571 3570 3573
3574 3575 3576
3575 3574 3577
3578 3579 3580
3581 3582 3583
3582 3581 3584
3585 3586 3587
3586 3585 3588
3589 3590 3591
3590 3589 3592
3593 3594 3595
3594 3593 3596
3597 3598 3599
3598 3597 3600
3601 3602 3603
3602 3601 3604
3605 3606 3607
3606 3605 3608
3609 3610 3611
3610 3609 3612
3613 3614 3615
3614 3613 3616
3617 3618 3619
3620 3621 3622
3623 3624 3625
3624 3623 3626
3627 3628 3629
3628 3627 3630
3631 3632 3633
3632 3631 3634
3635 3636 3637
3636 3635 3638
3639 3640 3641
3640 3639 3642
3643 3644 3645
3646 3647 3648
3649 3650 3651
3650 3649 3652
3653 3654 3655
3654 3653 3656
3657 3658 3659
3658 3657 3660
3661 3662 3663
3662 3661 3664
3665 3666 3667
3666 3665 3668
3669 3670 3671
3670 3669 3672
3673 3674 3675
3676 3677 3678
3679 3680 3681
3680 3679 3682
3683 3684 3685
3684 3683 3686
3687 3688 3689
3688 3687 3690
3691 3692 3693
3694 3695 3696
3697 3698 3699
3698 3697 3700
3701 3702 3703
3702 3701 3704
3705 3706 3707
3706 3705 3708
3709 3710 3711
3710 3709 3712
3713 3714 3715
3716 3717 3718
3719 3720 3721
3720 3719 3722
3723 3724 3725
3724 3723 3726
3727 3728 3729
3728 3727 3730
3731 3732 3733
3732 3731 3734
3735 3736 3737
3736 3735 3738
3739 3740 3741
3742 3743 3744
3745 3746 3747
3746 3745 3748
3749 3750 3751
3750 3749 3752
3753 3754 3755
3754 3753 3756
3757 3758 3759
3758 3757 3760
3761 3762 3763
3762 3761 3764
3765 3766 3767
3766 3765 3768
3769 3770 3771
3772 3773 3774
3775 3776 3777
3776 3775 3778
3779 3780 3781
3780 3779 3782
3783 3784 3785
3784 3783 3786
3787 3788 3789
3790 3791 3792
3793 3794 3795
3794 3793 3796
3797 3798 3799
3798 3797 3800
3801 3802 3803
3804 3802 3801
3805 3802 3804
3806 3807 3808
3808 3807 3809
3807 3810 3809
3810 3807 3811
3810 3812 3809
3812 3810 3813
3814 3809 3812
3814 3808 3809
3815 3814 3812
3816 3817 3818
3817 3816 3819
3818 3817 3820
3821 3818 3820
3820 3822 3821
3823 3824 3825
3826 3827 3828
3829 3830 3831
3830 3829 3832
3833 3834 3835
3834 3833 3836
3837 3838 3839
3840 3837 3839
3841 3840 3839
3842 3843 3844
3845 3846 3847
3848 3849 3850
3849 3848 3851
3852 3853 3854
3853 3852 3855
3856 3857 3858
3857 3856 3859
3860 3861 3862
3861 3860 3863
3864 3865 3866
3865 3864 3867
3868 3869 3870
3871 3868 3870
3872 3871 3870
3873 3874 3875
3874 3876 3875
3877 3875 3876
3875 3877 3878
3879 3877 3876
3877 3879 3880
3881 3879 3876
3881 3876 3874
3882 3879 3881
3883 3884 3885
3885 3886 3883
3884 3887 3885
3888 3887 3884
3887 3888 3889
3890 3891 3892
3893 3894 3895
3896 3897 3898
3897 3896 3899
3900 3901 3902
3901 3900 3903
3904 3905 3906
3907 3905 3904
3908 3905 3907
3909 3910 3911
3912 3913 3914
3915 3916 3917
3916 3915 3918
3919 3920 3921
3920 3919 3922
3923 3924 3925
3924 3923 3926
3927 3928 3929
3928 3927 3930
3931 3932 3933
3932 3931 3934
3935 3936 3937
3938 3936 3935
3939 3936 3938
3940 3941 3942
3942 3941 3943
3941 3944 3943
3944 3941 3945
3944 3946 3943
3946 3944 3947
3948 3943 3946
3948 3942 3943
3949 3948 3946
3950 3951 3952
3951 3950 3953
3952 3951 3954
3955 3952 3954
3954 3956 3955
3957 3958 3959
3960 3961 3962
3963 3964 3965
3964 3963 3966
3967 3968 3969
3968 3967 3970
3971 3972 3973
3974 3971 3973
3975 3974 3973
3976 3977 3978
3979 3980 3981
3982 3983 3984
3983 3982 3985
3986 3987 3988
3987 3986 3989
3990 3991 3992
3991 3990 3993
3994 3995 3996
3995 3994 3997
3998 3999 4000
3999 3998 4001
4002 4003 4004
4005 4006 4007
4006 4005 4008
4009 4010 4011
4010 4009 4012
4013 4014 4015
4014 4013 4016
4017 4018 4019
4020 4021 4022
4021 4020 4023
4024 4025 4026
4025 4024 4027
4028 4029 4030
4031 4032 4033
4032 4031 4034
4035 4036 4037
4036 4035 4038
4039 4040 4041
4042 4043 4044
4043 4042 4045
4046 4047 4048
4047 4046 4049
4050 4051 4052
4051 4050 4053
4054 4055 4056
4055 4054 4057
4058 4059 4060
4059 4058 4061
4062 4063 4064
4063 4062 4065
4066 4067 4068
4067 4066 4069
4070 4071 4072
4071 4070 4073
4074 4075 4076
4077 4078 4079
4080 4081 4082
4081 4080 4083
4084 4085 4086
4085 4084 4087
4088 4089 4090
4089 4088 4091
4092 4093 4094
4093 4092 4095
4096 4097 4098
4097 4096 4099
4100 4101 4102
4103 4104 4105
4106 4107 4108
4107 4106 4109
4110 4111 4112
4111 4110 4113
4114 4115 4116
4115 4114 4117
4118 4119 4120
4119 4118 4121
4122 4123 4124
4123 4122 4125
4126 4127 4128
4127 4126 4129
4130 4131 4132
4133 4134 4135
4136 4137 4138
4137 4136 4139
4140 4141 4142
4141 4140 4143
4144 4145 4146
4145 4144 4147
4148 4149 4150
4151 4152 4153
4154 4155 4156
4155 4154 4157
4158 4159 4160
4159 4158 4161
4162 4163 4164
4165 4166 4167
4166 4165 4168
4169 4170 4171
4170 4169 4172
4173 4174 4175
4174 4173 4176
4177 4178 4179
4180 4181 4182
4181 4180 4183
4184 4185 4186
4185 4184 4187
4188 4189 4190
4189 4188 4191
4192 4193 4194
4193 4192 4195
4196 4197 4198
4199 4200 4201
4200 4199 4202
4203 4204 4205
4204 4203 4206
4207 4208 4209
4210 4211 4212
4211 4210 4213
4214 4215 4216
4215 4214 4217
4218 4219 4220
4219 4218 4221
4222 4223 4224
4223 4222 4225
4226 4227 4228
4227 4226 4229
4230 4231 4232
4231 4230 4233
4234 4235 4236
4235 4234 4237
4238 4239 4240
4239 4238 4241
4242 4243 4244
4243 4242 4245
4246 4247 4248
4249 4250 4251
4252 4253 4254
4253 4252 4255
4256 4257 4258
4257 4256 4259
4260 4261 4262
4261 4260 4263
4264 4265 4266
4265 4264 4267
4268 4269 4270
4269 4268 4271
4272 4273 4274
4275 4276 4277
4278 4279 4280
4279 4278 4281
4282 4283 4284
4283 4282 4285
4286 4287 4288
4287 4286 4289
4290 4291 4292
4291 4290 4293
4294 4295 4296
4295 4294 4297
4298 4299 4300
4299 4298 4301
4302 4303 4304
4305 4306 4307
4308 4309 4310
4309 4308 4311
4312 4313 4314
4313 4312 4315
4316 4317 4318
4317 4316 4319
4320 4321 4322
4323 4324 4325
4326 4327 4328
4327 4326 4329
4330 4331 4332
4331 4330 4333
4334 4335 4336
4335 4334 4337
4338 4339 4340
4339 4338 4341
4342 4343 4344
4345 4346 4347
4348 4349 4350
4349 4348 4351
4352 4353 4354
4353 4352 4355
4356 4357 4358
4357 4356 4359
4360 4361 4362
4361 4360 4363
4364 4365 4366
4365 4364 4367
4368 4369 4370
4371 4372 4373
4374 4375 4376
4375 4374 4377
4378 4379 4380
4379 4378 4381
4382 4383 4384
4383 4382 4385
4386 4387 4388
4387 4386 4389
4390 4391 4392
4391 4390 4393
4394 4395 4396
4395 4394 4397
4398 4399 4400
4401 4402 4403
4404 4405 4406
4405 4404 4407
4408 4409 4410
4409 4408 4411
4412 4413 4414
4413 4412 4415
4416 4417 4418
4419 4420 4421
4422 4423 4424
4423 4422 4425
4426 4427 4428
4427 4426 4429
4430 4431 4432
4431 4430 4433
4434 4435 4436
4435 4434 4437
4438 4439 4440
4441 4442 4443
4444 4445 4446
4445 4444 4447
4448 4449 4450
4449 4448 4451
4452 4453 4454
4453 4452 4455
4456 4457 4458
4457 4456 4459
4460 4461 4462
4461 4460 4463
4464 4465 4466
4467 4468 4469
4470 4471 4472
4471 4470 4473
4474 4475 4476
4475 4474 4477
4478 4479 4480
4479 4478 4481
4482 4483 4484
4483 4482 4485
4486 4487 4488
4487 4486 4489
4490 4491 4492
4491 4490 4493
4494 4495 4496
4497 4498 4499
4500 4501 4502
4501 4500 4503
4504 4505 4506
4505 4504 4507
4508 4509 4510
4509 4508 4511
4512 4513 4514
4515 4516 4517
4518 4519 4520
4519 4518 4521
4522 4523 4524
4523 4522 4525
4526 4527 4528
4527 4526 4529
4530 4531 4532
4531 4530 4533
4534 4535 4536
4535 4534 4537
4538 4539 4540
4539 4538 4541
4542 4543 4544
4543 4542 4545
4546 4547 4548
4547 4546 4549
4550 4551 4552
4551 4550 4553
4554 4555 4556
4555 4554 4557
4558 4559 4560
4559 4558 4561
4562 4563 4564
4563 4562 4565
4566 4567 4568
4567 4566 4569
4570 4571 4572
4571 4570 4573
4574 4575 4576
4577 4578 4579
4578 4577 4580
4581 4582 4583
4582 4581 4584
4585 4586 4587
4588 4589 4590
4589 4588 4591
4592 4593 4594
4593 4592 4595
4596 4597 4598
4597 4596 4599
4600 4601 4602
4601 4600 4603
4604 4605 4606
4605 4604 4607
4608 4609 4610
4609 4608 4611
4612 4613 4614
4613 4612 4615
4616 4617 4618
4617 4616 4619
4620 4621 4622
4621 4620 4623
4624 4625 4626
4627 4628 4629
4628 4627 4630
4631 4632 4633
4632 4631 4634
4635 4636 4637
4638 4639 4640
4639 4638 4641
4642 4643 4644
4643 4642 4645
4646 4647 4648
4647 4646 4649
4650 4651 4652
4651 4650 4653
4654 4655 4656
4655 4654 4657
4658 4659 4660
4659 4658 4661
4662 4663 4664
4663 4662 4665
4666 4667 4668
4667 4666 4669
4670 4671 4672
4671 4670 4673
4674 4675 4676
4675 4674 4677
4678 4679 4680
4679 4678 4681
4682 4683 4684
4683 4682 4685
4686 4687 4688
4687 4686 4689
4690 4691 4692
4691 4690 4693
4694 4695 4696
4695 4694 4697
4698 4699 4700
4699 4698 4701
4702 4703 4704
4703 4702 4705
4706 4707 4708
4707 4706 4709
4710 4711 4712
4711 4710 4713
4714 4715 4716
4715 4714 4717
4718 4719 4720
4719 4718 4721
4722 4723 4724
4725 4726 4727
4726 4725 4728
4729 4730 4731
4730 4729 4732
4733 4734 4735
4734 4733 4736
4737 4738 4739
4740 4741 4742
4741 4740 4743
4744 4745 4746
4745 4744 4747
4748 4749 4750
4749 4748 4751
4752 4753 4754
4753 4752 4755
4756 4757 4758
4759 4760 4761
4760 4759 4762
4763 4764 4765
4764 4763 4766
4767 4768 4769
4770 4771 4772
4771 4770 4773
4774 4775 4776
4775 4774 4777
4778 4779 4780
4779 4778 4781
4782 4783 4784
4783 4782 4785
4786 4787 4788
4787 4786 4789
4790 4791 4792
4791 4790 4793
4794 4795 4796
4795 4794 4797
4798 4799 4800
4799 4798 4801
4802 4803 4804
4803 4802 4805
4806 4807 4808
4807 4806 4809
4810 4811 4812
4811 4810 4813
4814 4815 4816
4815 4814 4817
4818 4819 4820
4819 4818 4821
4822 4823 4824
4825 4826 4827
4828 4829 4830
4829 4828 4831
4832 4833 4834
4833 4832 4835
4836 4837 4838
4837 4836 4839
4840 4841 4842
4841 4840 4843
4844 4845 4846
4845 4844 4847
4848 4849 4850
4851 4852 4853
4854 4855 4856
4855 4854 4857
4858 4859 4860
4859 4858 4861
4862 4863 4864
4863 4862 4865
4866 4867 4868
4867 4866 4869
4870 4871 4872
4871 4870 4873
4874 4875 4876
4875 4874 4877
4878 4879 4880
4881 4882 4883
4884 4885 4886
4885 4884 4887
4888 4889 4890
4889 4888 4891
4892 4893 4894
4893 4892 4895
4896 4897 4898
4899 4900 4901
4902 4903 4904
4903 4902 4905
4906 4907 4908
4907 4906 4909
4906 4910 4909
4910 4906 4911
4911 4912 4910
4912 4911 4913
4913 4914 4912
4914 4913 4915
4915 4916 4914
4916 4915 4917
4907 4917 4908
4917 4907 4916
4918 4919 4920
4919 4918 4921
4922 4921 4918
4921 4922 4923
4924 4925 4926
4925 4924 4927
4928 4929 4930
4931 4928 4930
4932 4931 4930
4933 4934 4935
4934 4936 4935
4936 4937 4935
4937 4936 4938
4936 4939 4938
4939 4936 4940
4941 4940 4936
4941 4936 4934
4942 4940 4941
4943 4944 4945
4945 4946 4943
4944 4947 4945
4948 4947 4944
4947 4948 4949
4950 4951 4952
4953 4954 4955
4956 4957 4958
4957 4956 4959
4960 4961 4962
4961 4960 4963
4964 4965 4966
4967 4965 4964
4968 4965 4967
4969 4970 4971
4972 4973 4974
4975 4976 4977
4976 4975 4978
4979 4980 4981
4980 4979 4982
4983 4984 4985
4984 4983 4986
4987 4988 4989
4988 4987 4990
4991 4992 4993
4992 4991 4994
4995 4996 4997
4996 4995 4998
4997 4999 4995
5000 5001 5002
5003 5004 5005
5006 5007 5008
5009 5010 5011
5010 5009 5012
5011 5013 5009
5013 5011 5014
5014 5015 5013
5015 5014 5016
5016 5017 5015
5017 5016 5018
5018 5019 5017
5019 5018 5020
5021 5022 5023
5022 5021 5024
5025 5026 5027
5026 5025 5028
5029 5030 5031
5030 5029 5032
5031 5033 5029
5033 5031 5034
5034 5035 5033
5035 5034 5036
5036 5037 5035
5037 5036 5038
5038 5039 5037
5039 5038 5040
5040 5041 5039
5041 5040 5042
5042 5043 5041
5043 5042 5044
5044 5045 5043
5045 5044 5046
5046 5047 5045
5047 5046 5048
5048 5032 5047
5032 5048 5030
5049 5050 5051
5052 5049 5051
5049 5052 5053
5054 5053 5052
5053 5054 5055
5056 5055 5054
5055 5056 5057
5058 5057 5056
5059 5060 5061
5062 5059 5061
5059 5062 5063
5064 5063 5062
5063 5064 5065
5064 5066 5065
5066 5064 5067
5067 5068 5066
5069 5070 5071
5070 5069 5072
5073 5071 5070
5071 5073 5074
5075 5074 5073
5074 5075 5076
5077 5076 5075
5076 5077 5078
5079 5078 5077
5078 5079 5080
5081 5080 5079
5080 5081 5082
5083 5082 5081
5082 5083 5084
5085 5084 5083
5084 5085 5086
5087 5086 5085
5086 5087 5088
5072 5088 5087
5088 5072 5069
5089 5090 5091
5089 5092 5090
5092 5089 5093
5093 5094 5092
5094 5093 5095
5095 5096 5094
5096 5095 5097
5098 5096 5097
5099 5100 5101
5099 5102 5100
5102 5099 5103
5103 5104 5102
5104 5103 5105
5106 5104 5105
5104 5106 5107
5107 5106 5108
5109 5110 5111
5110 5109 5112
5113 5114 5115
5114 5113 5116
5117 5118 5119
5118 5117 5120
5121 5122 5123
5124 5125 5126
5127 5128 5129
5128 5127 5130
5131 5132 5133
5132 5131 5134
5135 5136 5137
5136 5135 5138
5139 5140 5141
5140 5139 5142
5143 5144 5145
5144 5143 5146
5147 5148 5149
5150 5151 5152
5153 5154 5155
5154 5153 5156
5157 5158 5159
5158 5157 5160
5161 5162 5163
5162 5161 5164
5165 5166 5167
5166 5165 5168
5169 5170 5171
5170 5169 5172
5173 5174 5175
5174 5173 5176
5177 5178 5179
5180 5181 5182
5183 5184 5185
5184 5183 5186
5187 5188 5189
5188 5187 5190
5191 5192 5193
5192 5191 5194
5195 5196 5197
5198 5199 5200
5201 5202 5203
5202 5201 5204
5205 5206 5207
5206 5205 5208
5209 5210 5211
5210 5209 5212
5213 5214 5215
5214 5213 5216
5217 5218 5219
5220 5221 5222
5223 5224 5225
5224 5223 5226
5227 5228 5229
5228 5227 5230
5231 5232 5233
5232 5231 5234
5235 5236 5237
5236 5235 5238
5239 5240 5241
5240 5239 5242
5243 5244 5245
5246 5247 5248
5249 5250 5251
5250 5249 5252
5253 5254 5255
5254 5253 5256
5257 5258 5259
5258 5257 5260
5261 5262 5263
5262 5261 5264
5265 5266 5267
5266 5265 5268
5269 5270 5271
5270 5269 5272
5273 5274 5275
5276 5277 5278
5279 5280 5281
5280 5279 5282
5283 5284 5285
5284 5283 5286
5287 5288 5289
5288 5287 5290
5291 5292 5293
5294 5295 5296
5297 5298 5299
5298 5297 5300
5301 5302 5303
5302 5301 5304
5305 5306 5307
5306 5305 5308
5305 5309 5308
5309 5305 5310
