byte offset: 0
first index: 0
index count: 2250
topology: trianglelist
format: DXGI_FORMAT_R16_UINT

0 1 2
0 2 3
3 2 4
3 4 5
5 4 6
5 6 7
7 6 8
7 8 9
9 8 10
8 11 10
12 13 14
12 14 15
16 12 15
16 15 17
18 16 17
18 17 19
20 18 19
20 19 21
22 20 21
22 21 23
24 25 26
25 27 26
28 29 30
28 31 29
32 33 34
35 36 37
38 39 40
41 42 43
44 42 41
45 46 47
45 47 48
49 50 51
52 53 54
52 54 55
53 56 54
53 57 56
57 58 56
57 59 58
59 60 58
59 61 60
61 62 60
62 63 60
64 65 66
64 66 67
68 65 64
68 69 65
70 69 68
70 71 69
72 71 70
72 73 71
74 73 72
74 75 73
76 77 78
78 77 79
80 81 82
80 82 83
84 85 86
87 88 89
90 91 92
93 90 92
94 95 96
94 96 97
95 98 96
95 99 98
99 100 98
99 101 100
101 102 100
101 103 102
103 104 102
103 105 104
105 106 104
105 107 106
108 109 110
108 110 111
112 113 114
112 114 115
116 112 115
116 115 117
118 116 117
118 117 119
120 118 119
120 119 121
122 120 121
122 121 123
124 122 123
124 123 125
126 127 128
129 130 131
131 130 132
131 132 133
134 133 132
134 132 135
134 135 136
134 136 137
137 136 138
138 139 137
138 140 139
138 141 140
142 137 139
143 137 142
144 137 143
145 137 144
146 145 144
146 144 147
148 146 147
149 148 147
149 147 150
151 149 150
142 139 152
142 152 153
153 152 154
153 154 155
155 154 156
155 156 157
157 156 158
159 160 140
159 140 141
160 159 161
162 160 161
162 163 160
163 162 164
165 166 167
167 166 168
167 168 169
169 168 170
169 170 171
171 170 172
171 172 173
173 172 174
173 174 175
176 177 178
179 177 176
179 180 177
181 180 179
181 182 180
183 182 181
183 184 182
185 184 183
185 186 184
187 186 185
187 188 186
189 188 187
189 190 188
191 190 189
191 192 190
193 192 191
194 195 196
194 196 197
198 195 194
198 199 195
200 199 198
200 201 199
202 201 200
202 203 201
204 197 196
204 196 205
206 204 205
206 205 207
208 206 207
208 207 209
210 208 209
202 211 203
202 212 211
212 213 211
212 214 213
214 215 213
214 216 215
216 217 215
216 218 217
218 219 217
218 220 219
221 222 223
222 224 223
222 225 224
226 224 225
226 227 224
226 228 227
226 229 228
229 230 228
230 229 231
230 231 232
230 232 233
234 231 229
235 234 229
236 235 229
237 236 229
238 236 237
238 239 236
240 239 238
241 239 240
241 242 239
243 242 241
234 244 231
234 245 244
245 246 244
245 247 246
247 248 246
247 249 248
249 250 248
251 233 232
251 232 252
252 253 251
254 253 252
254 252 255
255 256 254
257 258 259
260 257 259
260 259 261
262 260 261
262 261 263
264 262 263
264 263 265
266 264 265
266 265 267
268 269 270
269 271 270
269 272 271
272 273 271
272 274 273
274 275 273
274 276 275
277 278 279
280 277 279
280 279 281
282 280 281
283 282 281
281 284 283
281 285 284
286 282 283
286 283 287
288 286 287
288 287 289
290 288 289
289 291 290
281 292 285
281 293 292
278 294 279
279 294 295
295 293 281
279 295 281
292 296 285
292 297 296
297 298 296
297 299 298
299 300 298
299 301 300
301 302 300
301 303 302
300 304 298
300 305 304
303 306 302
305 306 307
303 308 306
309 307 306
306 308 310
309 306 310
310 311 309
310 312 311
305 313 304
305 307 313
314 315 316
317 315 314
317 318 315
319 318 317
318 319 320
320 321 318
318 321 322
323 320 319
323 324 320
325 324 323
325 326 324
326 325 327
327 328 326
318 322 329
318 329 330
316 315 331
332 318 330
315 332 331
315 318 332
329 322 333
329 333 334
334 333 335
334 335 336
336 335 337
336 337 338
338 337 339
338 339 340
337 335 341
337 341 342
340 339 343
340 343 344
343 345 344
346 345 343
346 343 347
342 347 343
342 348 347
341 348 342
345 346 349
345 349 350
351 352 353
354 355 356
354 356 357
358 359 360
358 360 361
361 360 362
361 362 363
363 362 364
363 364 365
365 364 366
365 366 367
367 366 368
369 370 371
369 371 372
373 370 369
373 374 370
375 374 373
375 376 374
377 378 379
377 379 380
381 382 383
381 383 384
385 386 387
387 386 388
387 388 389
389 388 390
389 390 391
392 393 394
392 394 395
396 397 398
396 398 399
400 401 402
400 402 403
403 402 404
403 404 405
405 404 406
405 406 407
407 406 408
407 408 409
409 408 410
409 410 411
411 410 401
411 401 400
412 413 414
412 414 415
416 412 415
416 415 417
418 416 417
418 417 419
420 418 419
420 419 421
422 420 421
422 421 423
413 422 423
413 423 414
424 425 426
426 425 427
427 425 428
428 425 429
429 425 430
430 425 424
431 432 433
431 433 434
435 432 431
435 436 432
437 436 435
437 438 436
439 438 437
439 440 438
441 440 439
441 442 440
434 433 442
434 442 441
443 444 445
443 445 446
447 444 443
447 448 444
449 448 447
449 450 448
451 450 449
451 452 450
453 452 451
453 454 452
446 445 454
446 454 453
455 456 457
458 459 460
458 460 461
462 463 464
462 464 465
465 464 466
465 466 467
467 466 468
467 468 469
469 468 470
469 470 471
471 470 472
470 473 472
474 475 476
474 476 477
478 474 477
478 477 479
480 478 479
480 479 481
482 480 481
482 481 483
484 482 483
484 483 485
486 487 488
487 489 488
490 491 492
490 493 491
494 495 496
497 498 499
500 501 502
503 504 505
506 504 503
507 508 509
507 509 510
511 512 513
514 515 516
514 516 517
515 518 516
515 519 518
519 520 518
519 521 520
521 522 520
521 523 522
523 524 522
524 525 522
526 527 528
526 528 529
530 527 526
530 531 527
532 531 530
532 533 531
534 533 532
534 535 533
536 535 534
536 537 535
538 539 540
540 539 541
542 543 544
542 544 545
546 547 548
549 550 551
552 553 554
555 552 554
556 557 558
556 558 559
557 560 558
557 561 560
561 562 560
561 563 562
563 564 562
563 565 564
565 566 564
565 567 566
567 568 566
567 569 568
570 571 572
570 572 573
574 575 576
574 576 577
578 574 577
578 577 579
580 578 579
580 579 581
582 580 581
582 581 583
584 582 583
584 583 585
586 584 585
586 585 587
588 589 590
591 592 593
593 592 594
593 594 595
596 595 594
596 594 597
596 597 598
596 598 599
599 598 600
600 601 599
600 602 601
600 603 602
604 599 601
605 599 604
606 599 605
607 599 606
608 607 606
608 606 609
610 608 609
611 610 609
611 609 612
613 611 612
604 601 614
604 614 615
615 614 616
615 616 617
617 616 618
617 618 619
619 618 620
621 622 602
621 602 603
622 621 623
624 622 623
624 625 622
625 624 626
627 628 629
629 628 630
629 630 631
631 630 632
631 632 633
633 632 634
633 634 635
635 634 636
635 636 637
638 639 640
641 639 638
641 642 639
643 642 641
643 644 642
645 644 643
645 646 644
647 646 645
647 648 646
649 648 647
649 650 648
651 650 649
651 652 650
653 652 651
653 654 652
655 654 653
656 657 658
656 658 659
660 657 656
660 661 657
662 661 660
662 663 661
664 663 662
664 665 663
666 659 658
666 658 667
668 666 667
668 667 669
670 668 669
670 669 671
672 670 671
664 673 665
664 674 673
674 675 673
674 676 675
676 677 675
676 678 677
678 679 677
678 680 679
680 681 679
680 682 681
683 684 685
684 686 685
684 687 686
688 686 687
688 689 686
688 690 689
688 691 690
691 692 690
692 691 693
692 693 694
692 694 695
696 693 691
697 696 691
698 697 691
699 698 691
700 698 699
700 701 698
702 701 700
703 701 702
703 704 701
705 704 703
696 706 693
696 707 706
707 708 706
707 709 708
709 710 708
709 711 710
711 712 710
713 695 694
713 694 714
714 715 713
716 715 714
716 714 717
717 718 716
719 720 721
722 719 721
722 721 723
724 722 723
724 723 725
726 724 725
726 725 727
728 726 727
728 727 729
730 731 732
731 733 732
731 734 733
734 735 733
734 736 735
736 737 735
736 738 737
739 740 741
742 739 741
742 741 743
744 742 743
745 744 743
743 746 745
743 747 746
748 744 745
748 745 749
750 748 749
750 749 751
752 750 751
751 753 752
743 754 747
743 755 754
740 756 741
741 756 757
757 755 743
741 757 743
754 758 747
754 759 758
759 760 758
759 761 760
761 762 760
761 763 762
763 764 762
763 765 764
762 766 760
762 767 766
765 768 764
767 768 769
765 770 768
771 769 768
768 770 772
771 768 772
772 773 771
772 774 773
767 775 766
767 769 775
776 777 778
779 777 776
779 780 777
781 780 779
780 781 782
782 783 780
780 783 784
785 782 781
785 786 782
787 786 785
787 788 786
788 787 789
789 790 788
780 784 791
780 791 792
778 777 793
794 780 792
777 794 793
777 780 794
791 784 795
791 795 796
796 795 797
796 797 798
798 797 799
798 799 800
800 799 801
800 801 802
799 797 803
799 803 804
802 801 805
802 805 806
805 807 806
808 807 805
808 805 809
804 809 805
804 810 809
803 810 804
807 808 811
807 811 812
813 814 815
816 817 818
816 818 819
820 821 822
820 822 823
823 822 824
823 824 825
825 824 826
825 826 827
827 826 828
827 828 829
829 828 830
831 832 833
831 833 834
835 832 831
835 836 832
837 836 835
837 838 836
839 840 841
839 841 842
843 844 845
843 845 846
847 848 849
849 848 850
849 850 851
851 850 852
851 852 853
854 855 856
854 856 857
858 859 860
858 860 861
862 863 864
862 864 865
865 864 866
865 866 867
867 866 868
867 868 869
869 868 870
869 870 871
871 870 872
871 872 873
873 872 863
873 863 862
874 875 876
874 876 877
878 874 877
878 877 879
880 878 879
880 879 881
882 880 881
882 881 883
884 882 883
884 883 885
875 884 885
875 885 876
886 887 888
888 887 889
889 887 890
890 887 891
891 887 892
892 887 886
893 894 895
896 897 898
896 898 899
