byte offset: 0
first index: 0
index count: 2718
topology: trianglelist
format: DXGI_FORMAT_R16_UINT

0 1 2
0 2 3
4 1 0
4 5 1
6 5 4
6 7 5
8 7 6
8 9 7
1 10 2
1 11 10
5 11 1
9 12 7
9 13 12
7 12 14
7 14 5
5 14 11
11 15 10
12 15 14
14 15 11
13 16 12
17 2 10
17 10 18
18 10 15
19 17 18
20 17 19
21 20 19
22 20 21
22 23 20
23 24 20
20 24 17
23 25 24
25 3 24
25 26 3
24 3 27
24 27 17
21 19 28
8 21 28
8 28 29
29 28 30
29 30 31
28 19 32
28 32 30
19 18 32
31 30 15
30 32 15
32 18 15
26 0 3
26 33 0
34 0 33
34 4 0
35 4 34
35 36 4
37 36 35
37 38 36
38 39 22
38 22 21
39 40 41
39 41 42
40 43 41
40 44 43
44 45 43
43 45 46
45 47 46
45 48 47
43 46 49
50 43 49
50 49 51
52 50 51
52 51 53
46 47 54
46 54 55
49 46 55
53 51 56
53 56 57
51 49 58
51 58 56
49 55 58
55 54 59
56 58 59
58 55 59
57 56 60
61 54 47
61 62 54
62 59 54
63 62 61
64 63 61
65 63 64
66 65 64
66 64 67
67 64 68
64 61 68
67 68 69
69 68 48
69 48 70
68 61 71
68 71 48
65 72 63
52 72 65
52 73 72
73 74 72
73 75 74
72 74 76
72 76 63
63 76 62
75 59 74
74 59 76
76 59 62
45 70 48
45 77 70
44 77 45
66 37 42
66 42 65
78 79 80
81 80 79
78 80 82
81 79 83
81 83 84
85 81 84
85 84 86
85 86 87
86 88 87
88 89 87
88 90 89
90 91 89
91 90 92
91 92 93
91 93 94
95 96 97
97 96 98
99 95 97
99 97 100
101 99 100
101 100 102
103 101 102
103 104 101
105 100 97
105 97 98
106 100 105
106 107 100
108 107 106
108 109 107
110 111 112
110 112 113
114 110 113
114 113 115
111 116 112
111 117 116
118 114 115
118 115 119
119 120 118
119 121 120
121 122 120
121 123 122
123 124 122
123 125 124
126 127 128
126 128 129
129 128 130
129 130 131
131 130 132
131 132 133
132 134 133
135 136 137
135 137 138
139 135 138
139 140 135
140 139 141
140 141 142
143 142 141
143 141 144
145 143 144
146 137 136
146 136 147
148 146 147
148 147 149
150 151 148
150 152 151
153 154 155
154 153 156
154 157 155
154 158 157
159 157 158
159 160 157
161 160 159
161 162 160
163 162 161
163 161 164
156 153 165
166 165 153
166 167 165
166 168 167
166 169 168
169 170 171
170 172 171
173 174 175
175 174 176
175 176 177
177 176 178
177 178 179
179 178 180
181 179 180
181 180 182
183 181 182
183 182 184
185 183 184
186 185 184
186 184 187
188 186 187
189 174 190
189 190 191
192 193 194
192 194 195
193 192 196
196 192 197
197 192 198
199 198 192
199 192 200
201 198 199
201 202 198
203 202 201
203 204 202
205 204 203
205 203 206
197 198 207
207 198 202
207 202 208
208 202 204
208 204 209
210 209 204
210 204 205
205 206 211
206 212 211
212 213 211
212 214 213
214 215 213
214 216 215
216 217 215
216 218 217
219 220 221
222 223 224
222 224 225
222 226 223
222 227 226
228 227 222
228 229 227
227 229 230
227 230 231
229 228 232
232 228 233
232 233 234
235 229 232
232 236 235
232 237 236
238 222 225
238 225 233
234 239 232
237 232 239
237 239 240
233 241 234
233 242 241
234 241 243
234 243 239
243 241 244
225 242 233
225 245 242
224 245 225
239 243 246
239 246 240
224 247 245
248 249 250
248 251 249
248 252 251
253 248 250
248 253 254
248 254 255
256 248 255
256 255 257
258 256 257
258 257 259
260 258 259
260 259 261
262 260 261
262 261 263
253 250 264
265 266 267
265 267 268
268 269 265
265 269 270
265 270 271
265 271 272
266 265 272
270 273 271
271 273 274
273 270 275
276 277 270
276 270 278
278 279 276
280 278 270
278 280 281
280 282 281
282 283 281
282 284 283
284 285 283
284 286 285
286 287 285
286 288 287
289 290 291
292 289 291
292 291 293
294 295 296
297 296 295
297 295 298
298 299 297
299 298 300
301 302 303
301 303 304
304 305 301
305 306 301
307 308 309
310 311 312
310 312 313
314 315 316
316 317 314
316 318 317
319 320 318
271 321 322
323 324 325
326 324 323
326 323 327
328 329 231
328 330 329
331 329 330
330 332 331
333 329 334
335 336 337
335 338 336
335 339 338
340 341 342
340 343 341
343 344 341
344 345 341
344 346 345
346 344 347
348 346 347
347 349 348
347 350 349
349 350 351
349 351 352
353 354 355
356 353 355
353 356 357
356 358 357
357 358 359
358 360 359
359 360 361
360 362 361
363 361 364
365 366 367
365 367 368
369 370 371
369 371 372
373 374 375
373 375 376
377 378 379
377 379 380
381 382 383
381 383 384
382 385 383
382 386 385
387 385 386
387 386 388
388 389 387
388 390 389
390 391 389
392 381 384
392 384 393
394 393 384
394 395 393
394 396 395
397 396 394
397 398 396
398 397 399
400 399 397
400 397 401
390 402 391
403 401 404
405 404 401
405 406 404
406 405 407
406 407 408
409 408 407
409 407 410
410 411 409
410 412 411
412 413 411
412 414 413
405 415 407
416 407 415
416 417 407
417 416 418
417 418 419
418 420 419
414 421 413
421 422 413
423 422 421
424 425 426
424 427 428
428 427 429
427 430 429
427 431 430
427 432 431
433 434 435
433 435 436
437 433 436
437 436 438
434 439 435
440 437 438
440 441 437
442 441 440
442 443 441
443 442 444
443 444 445
446 447 448
446 448 449
450 446 449
450 449 451
448 447 452
448 452 453
454 450 451
454 455 450
455 454 456
455 456 457
457 456 458
453 452 459
453 459 460
460 459 461
462 457 458
460 461 463
464 465 466
464 466 467
466 465 468
466 468 469
469 468 470
468 471 470
471 472 470
472 471 473
471 474 473
474 475 473
475 474 476
477 464 467
477 467 478
479 477 478
477 479 480
481 477 480
481 482 477
483 482 481
483 484 482
485 484 483
486 487 488
486 488 489
487 486 490
487 490 491
491 490 492
491 492 493
493 492 494
493 494 495
496 497 498
496 498 499
500 501 502
503 504 505
503 505 506
507 508 509
510 511 512
510 512 513
514 515 516
514 516 517
517 516 518
517 518 519
519 518 520
519 520 521
521 520 522
521 522 523
523 522 524
523 524 525
525 524 526
525 526 527
527 526 528
527 528 529
529 528 530
529 530 531
531 530 532
531 532 533
533 532 534
533 534 535
535 534 536
535 536 537
533 535 538
533 538 539
540 533 539
540 539 541
542 540 541
542 541 543
544 542 543
544 543 545
546 544 545
546 545 547
548 546 547
548 547 549
550 548 549
550 549 551
552 550 551
552 551 553
554 552 553
554 553 555
556 554 555
556 555 557
558 559 560
558 560 561
561 560 562
536 559 558
536 558 537
563 564 565
563 565 566
566 565 567
566 567 568
569 564 563
569 570 564
571 572 573
571 573 574
575 576 577
577 576 578
577 578 579
580 579 578
580 581 579
582 575 577
582 583 575
582 584 583
583 584 585
584 586 585
585 586 587
586 588 587
588 589 587
588 590 589
588 591 590
592 593 594
593 595 594
596 593 592
596 597 593
598 597 596
598 599 597
600 599 598
600 598 601
602 595 593
602 593 597
603 602 597
603 597 604
605 603 604
605 604 606
607 608 609
607 609 610
611 608 607
611 612 608
610 609 613
610 613 614
615 612 611
615 616 612
616 615 617
616 617 618
618 617 619
618 619 620
620 619 621
620 621 622
623 624 625
623 625 626
624 627 625
624 628 627
628 629 627
628 630 629
629 630 631
632 633 634
632 634 635
636 633 632
636 632 637
637 638 636
637 639 638
640 638 639
640 641 638
642 641 640
643 635 634
643 644 635
645 644 643
645 646 644
647 645 648
647 648 649
650 651 652
652 653 650
652 651 654
652 654 655
656 655 654
656 654 657
658 656 657
658 657 659
660 658 659
660 661 658
653 662 650
663 650 662
663 662 664
663 664 665
663 665 666
666 665 667
667 668 669
670 671 672
671 673 672
671 674 673
674 675 673
674 676 675
677 675 676
678 677 676
679 677 678
680 679 678
681 679 680
682 681 680
683 681 682
683 684 681
685 684 683
686 687 672
686 688 687
689 690 691
689 691 692
692 693 689
693 694 689
695 689 694
696 689 695
696 697 689
698 696 695
698 695 699
700 698 699
700 699 701
702 700 701
702 703 700
702 704 703
695 694 705
705 699 695
705 706 699
706 701 699
706 707 701
708 701 707
708 702 701
704 709 703
709 704 710
709 710 711
711 710 712
711 712 713
713 712 714
713 714 715
716 717 718
719 720 721
719 721 722
719 722 226
719 226 723
724 719 723
724 723 725
723 726 725
723 727 726
725 728 724
728 729 724
728 730 729
731 728 725
728 731 732
728 732 733
734 729 720
734 720 719
730 728 735
728 733 735
733 736 735
730 737 729
729 737 738
730 739 737
735 739 730
736 739 735
739 740 737
729 738 720
720 738 741
720 741 721
736 742 739
741 743 721
744 745 746
744 746 747
744 747 748
749 745 744
744 750 749
744 751 750
752 751 744
752 753 751
754 753 752
754 755 753
756 755 754
756 757 755
758 757 756
758 759 757
749 760 745
761 762 763
761 763 764
762 761 765
761 766 765
761 767 766
761 768 767
764 768 761
766 767 769
767 770 769
769 771 766
767 772 770
773 774 766
774 773 775
773 766 776
777 766 774
774 778 777
777 778 779
779 778 780
779 780 781
781 780 782
781 782 783
783 782 784
783 784 785
786 787 788
789 787 786
789 790 787
791 792 793
794 793 792
794 795 793
795 794 796
797 798 795
799 800 801
799 802 800
803 799 804
805 799 803
806 807 808
809 810 811
809 812 810
813 814 815
814 813 816
817 816 818
819 818 820
821 822 823
824 821 823
824 825 821
826 727 827
826 827 828
829 828 827
828 830 831
832 833 827
834 835 836
834 836 837
834 837 838
839 840 841
839 841 842
842 841 843
843 841 844
843 844 845
843 845 846
845 847 846
846 847 848
846 848 849
848 850 849
848 851 850
852 853 854
855 853 852
852 856 855
855 856 857
856 858 857
857 858 859
858 860 859
859 860 861
862 863 860
864 865 866
864 866 867
868 869 870
868 870 871
872 873 874
872 874 875
876 877 878
876 878 879
880 881 882
880 882 883
883 882 884
883 884 885
886 885 884
886 887 885
887 886 888
887 888 889
889 888 890
891 881 880
891 892 881
893 881 892
893 892 894
893 894 895
896 893 895
896 895 897
897 898 896
899 896 898
899 900 896
889 890 901
902 903 900
900 903 904
900 904 905
904 906 905
904 907 906
908 906 907
908 909 906
909 908 910
909 910 911
911 910 912
911 912 913
913 912 914
905 906 915
916 915 906
916 906 917
917 918 916
917 919 918
918 919 920
912 921 914
922 914 921
923 924 925
923 925 926
926 927 928
929 927 926
926 928 930
926 930 931
932 933 934
932 934 935
936 933 932
936 937 933
935 934 938
939 937 936
939 936 940
941 939 940
941 940 942
942 943 941
942 944 943
945 946 947
945 947 948
949 946 945
949 950 946
947 951 948
947 952 951
953 950 949
953 949 954
954 955 953
954 956 955
956 957 955
952 958 951
952 959 958
959 960 958
961 957 956
959 962 960
963 964 965
963 965 966
965 967 966
965 968 967
968 969 967
969 970 967
969 971 970
971 972 970
972 973 970
972 974 973
974 975 973
976 964 963
976 963 977
978 976 977
979 978 977
980 979 977
980 977 981
982 980 981
982 981 983
984 982 983
985 986 987
985 987 988
988 989 985
988 990 989
990 991 989
990 992 991
992 993 991
992 994 993
995 996 997
995 997 998
999 1000 1001
1002 1003 1004
1002 1004 1005
1006 1007 1008
1009 1010 1011
1009 1011 1012
535 1013 1014
535 1014 538
1013 1015 1014
1013 1016 1015
1016 1017 1015
1016 1018 1017
1018 1019 1017
1020 1021 1022
1020 1022 1023
1021 1024 1022
1021 1025 1024
1026 1020 1023
1026 1023 1027
1028 1029 1030
1028 1030 1031
