byte offset: 0
first index: 0
index count: 9876
topology: trianglelist
format: DXGI_FORMAT_R16_UINT

0 1 2
1 0 3
0 4 3
4 0 5
0 2 6
0 6 7
0 7 8
0 9 5
0 10 9
0 11 10
0 12 11
0 13 12
0 14 13
0 15 14
0 16 15
0 17 16
0 8 18
0 18 19
0 19 20
0 20 17
21 22 23
22 21 24
25 23 22
23 25 26
27 26 25
26 27 28
21 29 24
29 21 30
30 31 29
31 30 32
32 33 31
33 32 34
34 35 33
35 34 36
37 28 27
28 37 38
39 38 37
38 39 40
41 40 39
40 41 42
41 43 42
43 41 44
44 45 43
45 44 46
46 47 45
47 46 48
48 49 47
49 48 50
51 49 50
49 51 52
53 52 51
52 53 54
55 54 53
54 55 56
57 56 55
56 57 58
59 58 57
58 59 60
35 60 59
60 35 36
61 62 63
62 61 64
65 63 62
63 65 66
67 66 65
66 67 68
61 69 64
69 61 70
70 71 69
71 70 72
72 73 71
73 72 74
74 75 73
75 74 76
77 68 67
68 77 78
79 78 77
78 79 80
81 80 79
80 81 82
81 83 82
83 81 84
84 85 83
85 84 86
86 87 85
87 86 88
88 89 87
89 88 90
91 89 90
89 91 92
93 92 91
92 93 94
95 94 93
94 95 96
97 96 95
96 97 98
99 98 97
98 99 100
75 100 99
100 75 76
101 102 103
101 104 102
103 105 101
105 103 106
107 105 106
105 107 108
107 109 108
104 110 102
104 111 110
111 112 110
113 112 111
112 113 114
115 114 113
114 115 116
115 117 116
117 115 118
118 119 117
119 118 120
121 119 120
122 121 120
123 121 122
124 123 122
125 123 124
126 125 124
125 126 127
126 128 127
128 126 129
129 130 128
129 131 130
131 132 130
131 133 132
133 134 132
135 134 133
134 135 136
137 136 135
136 137 138
137 139 138
139 137 140
141 139 140
142 141 140
143 141 142
144 143 142
109 143 144
108 109 144
145 146 147
146 145 148
149 147 146
147 149 150
151 150 149
150 151 152
153 148 145
148 153 154
153 155 154
155 153 156
157 152 151
152 157 158
159 158 157
158 159 160
161 160 159
160 161 162
161 163 162
163 161 164
164 165 163
165 164 166
166 167 165
167 166 168
169 167 168
167 169 170
169 171 170
171 169 172
173 171 172
171 173 174
175 174 173
174 175 176
177 176 175
176 177 178
179 178 177
178 179 180
181 180 179
180 181 182
183 182 181
182 183 184
185 184 183
184 185 186
185 187 186
187 185 188
188 189 187
189 188 190
190 191 189
191 190 192
155 191 192
191 155 156
193 194 195
194 193 196
197 195 194
195 197 198
199 198 197
198 199 200
201 196 193
196 201 202
201 203 202
203 201 204
205 200 199
200 205 206
207 206 205
206 207 208
209 208 207
208 209 210
209 211 210
211 209 212
212 213 211
213 212 214
214 215 213
215 214 216
217 215 216
215 217 218
217 219 218
219 217 220
221 219 220
219 221 222
223 222 221
222 223 224
225 224 223
224 225 226
227 226 225
226 227 228
229 228 227
228 229 230
231 230 229
230 231 232
233 232 231
232 233 234
233 235 234
235 233 236
236 237 235
237 236 238
238 239 237
239 238 240
203 239 240
239 203 204
241 242 243
242 241 244
242 245 243
245 242 246
246 247 245
247 246 248
241 249 244
249 241 250
251 249 250
249 251 252
248 253 247
253 248 254
255 253 254
253 255 256
257 256 255
256 257 258
259 258 257
258 259 260
261 260 259
260 261 262
263 262 261
262 263 264
265 264 263
264 265 266
267 266 265
266 267 268
267 269 268
269 267 270
271 269 270
269 271 272
271 273 272
273 271 274
274 275 273
275 274 276
276 277 275
277 276 278
279 277 278
277 279 280
281 280 279
280 281 282
283 282 281
282 283 284
285 284 283
284 285 286
287 286 285
286 287 288
252 288 287
288 252 251
289 290 291
290 289 292
293 291 290
291 293 294
295 294 293
294 295 296
297 292 289
292 297 298
297 299 298
299 297 300
301 296 295
296 301 302
303 302 301
302 303 304
305 304 303
304 305 306
305 307 306
307 305 308
308 309 307
309 308 310
310 311 309
311 310 312
313 311 312
311 313 314
313 315 314
315 313 316
317 315 316
315 317 318
319 318 317
318 319 320
321 320 319
320 321 322
323 322 321
322 323 324
325 324 323
324 325 326
327 326 325
326 327 328
329 328 327
328 329 330
329 331 330
331 329 332
332 333 331
333 332 334
334 335 333
335 334 336
299 335 336
335 299 300
337 338 339
337 340 338
340 341 338
341 340 342
338 341 343
338 343 344
339 338 344
345 341 342
341 345 346
341 346 347
347 343 341
345 348 346
346 349 347
349 346 350
348 350 346
351 349 350
349 351 352
353 352 351
354 353 351
353 354 355
356 353 355
353 356 357
357 356 358
357 359 353
352 353 359
357 360 359
360 357 361
361 357 358
362 360 361
360 362 363
362 364 363
365 364 362
364 365 366
367 364 366
364 367 368
364 368 369
369 363 364
368 370 369
370 368 371
372 370 371
372 371 373
370 372 374
375 374 372
376 375 372
376 372 373
375 376 377
378 375 377
375 378 379
379 380 375
374 375 380
344 380 379
381 371 368
367 381 368
371 382 373
381 382 371
379 378 383
339 379 383
339 344 379
384 339 383
384 337 339
385 386 387
386 385 388
386 389 387
389 386 390
390 391 389
391 390 392
385 393 388
393 385 394
395 393 394
393 395 396
392 397 391
397 392 398
399 397 398
397 399 400
401 400 399
400 401 402
403 402 401
402 403 404
405 404 403
404 405 406
407 406 405
406 407 408
409 408 407
408 409 410
411 410 409
410 411 412
411 413 412
413 411 414
415 413 414
413 415 416
415 417 416
417 415 418
418 419 417
419 418 420
420 421 419
421 420 422
423 421 422
421 423 424
425 424 423
424 425 426
427 426 425
426 427 428
429 428 427
428 429 430
431 430 429
430 431 432
396 432 431
432 396 395
433 434 435
434 433 436
434 437 435
437 434 438
438 439 437
439 438 440
433 441 436
441 433 442
443 441 442
441 443 444
440 445 439
445 440 446
447 445 446
445 447 448
449 448 447
448 449 450
451 450 449
450 451 452
453 452 451
452 453 454
455 454 453
454 455 456
457 456 455
456 457 458
459 458 457
458 459 460
459 461 460
461 459 462
463 461 462
461 463 464
463 465 464
465 463 466
466 467 465
467 466 468
468 469 467
469 468 470
471 469 470
469 471 472
473 472 471
472 473 474
475 474 473
474 475 476
477 476 475
476 477 478
479 478 477
478 479 480
444 480 479
480 444 443
350 481 482
348 481 350
351 350 482
354 351 482
483 484 361
483 361 358
484 362 361
484 365 362
485 486 487
486 485 488
489 488 485
488 489 490
491 490 489
490 491 492
493 492 491
486 494 487
494 495 487
494 496 495
497 495 496
495 497 498
499 497 496
500 499 496
499 501 497
501 502 497
502 503 497
504 500 496
505 500 504
500 505 506
505 507 506
507 505 508
508 509 507
508 510 509
497 511 498
511 497 512
513 511 512
513 514 511
515 514 513
515 516 514
516 515 517
517 518 516
518 517 519
519 520 518
520 519 521
522 520 521
523 512 524
525 512 523
523 526 525
526 523 527
528 526 527
526 528 529
529 528 530
529 530 531
524 497 532
532 497 533
533 497 503
524 512 497
534 535 536
535 534 537
538 536 535
536 538 539
540 539 538
539 540 541
542 541 540
541 542 543
542 544 543
544 542 545
545 546 544
546 545 547
547 548 546
548 547 549
549 550 548
550 549 551
551 552 550
552 551 553
554 552 553
552 554 555
556 557 558
557 556 559
558 560 556
560 558 561
562 560 561
560 562 563
562 564 563
564 562 565
562 566 565
567 566 562
566 567 568
569 568 567
568 569 570
571 570 569
570 571 572
573 572 571
574 575 576
575 574 577
576 578 574
578 576 579
580 578 579
578 580 581
582 581 580
581 582 583
584 585 586
585 584 587
588 584 586
584 588 589
588 590 589
590 588 591
591 592 590
592 591 593
594 595 593
595 594 596
597 596 594
596 597 598
597 599 598
599 597 600
601 599 600
599 601 602
603 604 605
604 603 606
537 605 604
605 537 534
607 608 609
608 607 610
607 609 611
612 607 611
613 612 611
612 613 614
615 612 614
615 616 612
616 617 612
617 616 618
615 614 619
620 615 619
620 621 615
622 621 620
618 623 617
624 608 610
608 624 625
624 626 625
627 626 624
628 626 627
627 629 628
630 629 627
630 627 631
632 631 627
631 632 633
630 634 629
635 634 630
635 630 636
637 635 636
633 632 638
639 640 641
642 641 640
642 640 643
644 645 646
644 646 647
648 649 650
651 649 648
650 649 652
653 651 648
651 653 654
655 654 653
654 655 656
657 656 655
656 657 658
659 658 657
658 659 660
661 660 659
660 661 662
661 663 662
663 661 664
664 665 663
665 664 666
649 667 652
652 667 668
669 670 671
672 669 671
672 671 673
673 671 674
675 676 677
676 675 678
677 679 675
679 677 680
677 681 680
680 681 682
681 683 682
682 683 684
683 685 684
684 685 686
685 687 686
687 688 686
689 688 687
690 689 687
691 689 690
692 691 690
693 691 692
692 694 693
692 695 694
695 696 694
695 697 696
698 699 700
699 701 700
701 702 700
702 703 700
704 703 702
703 704 705
704 706 705
705 706 707
708 709 710
708 710 711
708 711 712
709 713 710
714 713 709
714 715 713
711 716 712
717 718 719
717 720 718
720 721 718
718 721 722
723 724 725
724 726 725
726 724 727
727 728 726
728 727 729
729 730 728
731 730 729
730 731 732
731 733 732
733 731 734
734 735 733
736 735 734
735 736 737
738 737 736
737 738 739
740 739 738
741 742 743
741 743 744
741 744 745
745 744 746
743 742 747
743 747 748
747 749 748
749 750 748
749 751 750
744 752 746
746 752 753
752 754 753
755 750 751
755 756 750
757 756 755
758 756 757
758 757 759
760 758 759
760 761 758
760 762 761
762 763 761
761 763 764
763 765 764
764 765 754
766 767 768
767 766 769
766 770 769
770 766 771
772 770 771
770 772 773
772 774 773
774 772 775
776 777 778
777 776 779
780 776 778
776 780 781
782 777 779
777 782 783
784 783 782
783 784 785
784 786 785
786 784 787
788 789 790
789 788 791
792 790 789
793 794 795
795 794 796
796 794 797
794 798 797
798 794 799
800 801 802
801 800 803
800 804 803
801 805 802
806 805 801
805 806 807
806 808 807
808 806 809
810 808 809
808 810 811
811 810 812
812 810 813
812 813 814
815 816 817
816 818 817
818 816 819
819 820 818
821 820 819
820 821 822
821 823 822
823 821 824
824 825 823
826 825 824
825 826 827
828 827 826
829 830 831
830 829 832
831 833 829
833 831 834
834 835 833
835 834 836
836 837 835
837 836 838
839 837 838
837 839 840
841 840 839
840 841 842
843 842 841
842 843 844
845 844 843
844 845 846
847 846 845
846 847 848
847 849 848
849 847 850
851 852 853
852 851 854
855 854 851
854 855 856
855 857 856
857 855 858
859 857 858
857 859 860
857 860 861
861 862 857
862 861 863
863 864 862
864 863 865
865 866 864
866 865 867
868 866 867
869 870 871
870 869 872
873 872 869
872 873 874
873 875 874
875 873 876
876 877 875
877 876 878
879 880 881
880 879 882
881 832 879
832 881 830
883 884 885
886 885 884
886 887 885
888 889 890
891 888 890
889 892 890
891 893 888
893 891 894
894 895 893
895 894 896
896 897 895
897 896 898
898 899 897
899 898 900
900 901 899
901 900 902
903 901 902
901 903 904
905 904 903
904 905 906
890 892 907
892 908 907
909 910 911
910 909 912
912 909 913
913 914 912
912 914 915
914 916 915
915 916 917
916 918 917
917 918 919
918 920 919
919 920 921
921 920 922
923 921 922
924 921 923
925 924 923
926 924 925
927 926 925
926 927 928
926 928 929
929 928 930
929 930 931
932 933 934
934 933 935
935 933 936
936 933 937
937 938 936
938 937 939
938 939 940
939 941 940
942 943 944
942 945 943
942 946 945
944 943 947
948 944 947
948 947 949
945 946 950
951 952 953
951 953 954
954 953 955
953 956 955
957 958 959
958 957 960
957 961 960
961 957 962
958 963 959
963 958 964
964 965 963
965 964 966
967 965 966
965 967 968
969 970 971
970 969 972
973 970 972
974 975 976
975 977 976
977 978 976
976 978 979
979 980 976
981 982 983
982 981 984
981 983 985
982 984 986
986 987 982
987 986 988
989 987 988
987 989 990
989 991 990
991 989 992
992 993 991
993 994 991
993 995 994
996 997 998
997 996 999
998 1000 996
1000 998 1001
1001 1002 1000
1002 1001 1003
1004 1002 1003
997 999 1005
1005 999 1006
1005 1006 1007
1006 1008 1007
1008 1006 1009
1010 1007 1008
1011 1007 1010
1010 1008 1012
1012 1008 1013
1013 1008 1014
1015 1007 1011
1011 1016 1015
1016 1011 1017
1018 1016 1017
1016 1018 1019
1019 1018 1020
1019 1020 1021
1022 1008 1009
1008 1022 1023
1024 1023 1022
1024 1022 1025
1026 1024 1025
1027 1026 1025
1026 1027 1028
1029 1028 1027
1028 1029 1030
1031 1030 1029
1030 1031 1032
1033 1032 1031
1034 1035 1023
1036 1034 1023
1037 1034 1036
1034 1037 1038
1037 1039 1038
1039 1037 1040
1040 1041 1039
1040 1042 1041
1035 1043 1008
1043 1044 1008
1044 1014 1008
1035 1008 1023
1045 1046 1047
1046 1045 1048
1047 1049 1045
1049 1047 1050
1050 1051 1049
1051 1050 1052
1052 1053 1051
1053 1052 1054
1055 1053 1054
1053 1055 1056
1057 1056 1055
1056 1057 1058
1059 1058 1057
1058 1059 1060
1061 1060 1059
1060 1061 1062
1063 1062 1061
1062 1063 1064
1063 1065 1064
1065 1063 1066
1067 1068 1069
1068 1067 1070
1071 1070 1067
1070 1071 1072
1071 1073 1072
1073 1071 1074
1075 1073 1074
1073 1075 1076
1073 1076 1077
1077 1078 1073
1078 1077 1079
1079 1080 1078
1080 1079 1081
1081 1082 1080
1082 1081 1083
1084 1082 1083
1085 1086 1087
1086 1085 1088
1089 1088 1085
1088 1089 1090
1089 1091 1090
1091 1089 1092
1092 1093 1091
1093 1092 1094
1095 1096 1097
1096 1095 1098
1095 1099 1098
1099 1095 1100
1101 1099 1100
1099 1101 1102
1103 1102 1101
1102 1103 1104
1105 1106 1104
1106 1105 1107
1107 1108 1106
1108 1107 1109
1110 1108 1109
1108 1110 1111
1110 1112 1111
1112 1110 1113
1114 1115 1116
1115 1114 1117
1116 1048 1114
1048 1116 1046
1118 1119 1120
1119 1118 1121
1119 1122 1120
1123 1122 1119
1124 1122 1123
1123 1125 1124
1126 1125 1123
1126 1123 1127
1128 1127 1123
1127 1128 1129
1126 1130 1125
1131 1130 1126
1131 1126 1132
1133 1131 1132
1129 1128 1134
1118 1135 1121
1135 1118 1136
1135 1136 1137
1138 1135 1137
1139 1138 1137
1138 1139 1140
1141 1138 1140
1141 1142 1138
1142 1143 1138
1143 1142 1144
1141 1140 1145
1146 1141 1145
1146 1147 1141
1148 1147 1146
1144 1149 1143
1150 1151 1152
1153 1152 1151
1153 1154 1152
1155 1156 1157
1155 1158 1156
1159 1160 1161
1162 1159 1161
1160 1163 1161
1162 1164 1159
1164 1162 1165
1165 1166 1164
1166 1165 1167
1167 1168 1166
1168 1167 1169
1169 1170 1168
1170 1169 1171
1171 1172 1170
1172 1171 1173
1174 1172 1173
1172 1174 1175
1176 1175 1174
1175 1176 1177
1161 1163 1178
1163 1179 1178
1180 1181 1182
1183 1181 1180
1183 1184 1181
1184 1185 1181
1186 1187 1188
1187 1186 1189
1189 1186 1190
1190 1191 1189
1189 1191 1192
1191 1193 1192
1192 1193 1194
1193 1195 1194
1194 1195 1196
1195 1197 1196
1196 1197 1198
1198 1197 1199
1200 1198 1199
1201 1198 1200
1202 1201 1200
1203 1201 1202
1204 1203 1202
1203 1204 1205
1203 1205 1206
1206 1205 1207
1206 1207 1208
1209 1210 1211
1211 1210 1212
1212 1210 1213
1213 1210 1214
1214 1215 1213
1215 1214 1216
1215 1216 1217
1216 1218 1217
1219 1220 1221
1219 1222 1220
1219 1223 1222
1221 1220 1224
1225 1221 1224
1225 1224 1226
1222 1223 1227
1228 1229 1230
1228 1230 1231
1231 1230 1232
1230 1233 1232
1234 1235 1236
1237 1236 1235
1236 1237 1238
1239 1238 1237
1238 1239 1240
1240 1239 1241
1241 1242 1240
1242 1241 1243
1244 1242 1243
1242 1244 1245
1245 1244 1246
1246 1247 1245
1247 1246 1248
1248 1249 1247
1249 1248 1250
1251 1249 1250
1252 1253 1254
1252 1255 1253
1252 1256 1255
1256 1257 1255
1253 1258 1254
1253 1259 1258
1258 1259 1260
1260 1259 1261
1260 1261 1262
1255 1257 1263
1257 1264 1263
1263 1264 1265
1266 1262 1261
1266 1261 1267
1268 1266 1267
1269 1268 1267
1269 1270 1268
1271 1270 1269
1271 1269 1272
1271 1272 1273
1273 1272 1274
1272 1275 1274
1274 1275 1276
1275 1265 1276
1277 1278 1279
1278 1277 1280
1281 1277 1279
1277 1281 1282
1281 1283 1282
1283 1281 1284
1285 1283 1284
1283 1285 1286
1287 1288 1289
1288 1287 1290
1287 1291 1290
1291 1287 1292
1288 1293 1289
1293 1288 1294
1294 1295 1293
1295 1294 1296
1297 1295 1296
1295 1297 1298
1299 1300 1301
1300 1299 1302
1303 1300 1302
1304 1305 1306
1305 1307 1306
1307 1308 1306
1306 1308 1309
1309 1310 1306
1311 1312 1313
1312 1311 1314
1311 1313 1315
1312 1314 1316
1316 1317 1312
1317 1316 1318
1319 1317 1318
1317 1319 1320
1319 1321 1320
1321 1319 1322
1322 1323 1321
1323 1324 1321
1323 1325 1324
1326 1327 1328
1329 1328 1327
1328 1329 1330
1330 1329 1331
1331 1332 1330
1332 1331 1333
1334 1332 1333
1332 1334 1335
1335 1334 1336
1336 1337 1335
1337 1336 1338
1339 1337 1338
1340 1341 1342
1341 1340 1343
1344 1342 1341
1342 1344 1345
1346 1345 1344
1345 1346 1347
1348 1347 1346
1347 1348 1349
1348 1350 1349
1350 1348 1351
1351 1352 1350
1352 1351 1353
1353 1354 1352
1354 1353 1355
1355 1356 1354
1356 1355 1357
1357 1358 1356
1358 1357 1359
1360 1358 1359
1358 1360 1361
1362 1363 1364
1363 1362 1365
1364 1366 1362
1366 1364 1367
1368 1366 1367
1366 1368 1369
1368 1370 1369
1370 1368 1371
1368 1372 1371
1373 1372 1368
1372 1373 1374
1375 1374 1373
1374 1375 1376
1377 1376 1375
1376 1377 1378
1379 1378 1377
1380 1381 1382
1381 1380 1383
1382 1384 1380
1384 1382 1385
1386 1384 1385
1384 1386 1387
1388 1387 1386
1387 1388 1389
1390 1391 1392
1391 1390 1393
1343 1392 1391
1392 1343 1340
1394 1395 1396
1397 1396 1395
1397 1395 1398
1399 1400 1401
1402 1400 1399
1401 1400 1403
1404 1402 1399
1402 1404 1405
1406 1405 1404
1405 1406 1407
1408 1407 1406
1407 1408 1409
1410 1409 1408
1409 1410 1411
1412 1411 1410
1411 1412 1413
1412 1414 1413
1414 1412 1415
1415 1416 1414
1416 1415 1417
1400 1418 1403
1403 1418 1419
1420 1421 1422
1421 1420 1423
1422 1424 1420
1424 1422 1425
1422 1426 1425
1425 1426 1427
1426 1428 1427
1427 1428 1429
1428 1430 1429
1429 1430 1431
1430 1432 1431
1432 1433 1431
1434 1433 1432
1435 1434 1432
1436 1434 1435
1437 1436 1435
1438 1436 1437
1437 1439 1438
1437 1440 1439
1440 1441 1439
1440 1442 1441
1443 1444 1445
1444 1446 1445
1446 1447 1445
1447 1448 1445
1449 1448 1447
1448 1449 1450
1449 1451 1450
1450 1451 1452
1453 1454 1455
1453 1455 1456
1453 1456 1457
1454 1458 1455
1459 1458 1454
1459 1460 1458
1456 1461 1457
1462 1463 1464
1462 1465 1463
1465 1466 1463
1463 1466 1467
1468 1469 1470
1469 1468 1471
1472 1468 1470
1468 1472 1473
1474 1469 1471
1469 1474 1475
1476 1475 1474
1475 1476 1477
1476 1478 1477
1478 1476 1479
1480 1481 1482
1481 1480 1483
1484 1482 1481
1485 1486 1487
1487 1486 1488
1488 1486 1489
1486 1490 1489
1490 1486 1491
1492 1493 1494
1493 1492 1495
1492 1496 1495
1493 1497 1494
1498 1497 1493
1497 1498 1499
1498 1500 1499
1500 1498 1501
1502 1500 1501
1500 1502 1503
1503 1502 1504
1504 1502 1505
1504 1505 1506
1507 1508 1509
1508 1507 1510
1511 1509 1508
1507 1512 1510
1512 1507 1513
1513 1514 1512
1511 1508 1515
1516 1511 1515
1516 1515 1517
1518 1516 1517
1518 1517 1519
1519 1520 1518
1519 1521 1520
1521 1522 1520
1523 1522 1521
1523 1524 1522
1523 1525 1524
1524 1525 1526
1527 1526 1525
1528 1526 1527
1529 1528 1527
1530 1529 1527
1531 1529 1530
1532 1533 1534
1532 1534 1535
1532 1535 1536
1532 1536 1537
1538 1537 1536
1539 1538 1536
1540 1538 1539
1541 1538 1540
1542 1543 1544
1542 1544 1545
1544 1546 1545
1545 1546 1547
1546 1548 1547
1547 1548 1549
1548 1550 1549
1548 1551 1550
1542 1552 1543
1553 1552 1542
1551 1554 1550
1551 1555 1554
1556 1557 1558
1556 1558 1559
1559 1560 1556
1556 1560 1561
1556 1561 1562
1562 1561 1563
1563 1564 1562
1564 1563 1565
1566 1564 1565
1565 1567 1566
1567 1568 1566
1567 1569 1568
1569 1570 1568
1571 1570 1569
1572 1571 1569
1573 1572 1569
1574 1573 1569
1575 1573 1574
1575 1574 1576
1577 1575 1576
1575 1577 1578
1577 1579 1578
1579 1577 1580
1581 1579 1580
1568 1582 1566
1583 1582 1568
1584 1583 1568
1585 1584 1568
1586 1585 1568
1587 1585 1586
1585 1587 1588
1588 1587 1589
1590 1588 1589
1590 1589 1591
1591 1592 1590
1593 1592 1591
1594 1595 1596
1595 1594 1597
1596 1598 1594
1598 1596 1599
1599 1600 1598
1597 1601 1595
1602 1601 1597
1598 1600 1603
1600 1604 1603
1603 1604 1605
1604 1606 1605
1606 1607 1605
1607 1606 1608
1608 1609 1607
1610 1611 1612
1613 1614 1615
1613 1615 1616
1617 1618 1619
1619 1620 1617
1620 1619 1621
1622 1619 1618
1622 1623 1619
1623 1622 1624
1624 1622 1625
1624 1625 1626
1624 1626 1627
1627 1626 1628
1628 1629 1627
1629 1628 1630
1629 1630 1631
1629 1631 1632
1632 1631 1633
1619 1623 1634
1621 1619 1634
1625 1622 1635
1636 1625 1635
1625 1636 1637
1638 1637 1636
1637 1638 1639
1621 1634 1640
1641 1621 1640
1642 1641 1640
1643 1641 1642
1644 1641 1643
1645 1641 1644
1646 1641 1645
1641 1646 1647
1641 1647 1648
1648 1621 1641
1649 1621 1648
1620 1621 1649
1649 1648 1650
1622 1618 1635
1512 1514 1651
1514 1652 1651
1514 1653 1652
1653 1654 1652
1655 1656 1657
1655 1658 1656
1655 1659 1658
1655 1660 1659
1655 1661 1660
1655 1662 1661
1655 1663 1662
1655 1664 1663
1655 1665 1664
1655 1666 1665
1655 1667 1666
1655 1657 1667
1656 1668 1657
1668 1656 1669
1658 1669 1656
1669 1658 1670
1659 1670 1658
1670 1659 1671
1660 1671 1659
1671 1660 1672
1661 1672 1660
1672 1661 1673
1662 1673 1661
1673 1662 1674
1663 1674 1662
1674 1663 1675
1664 1675 1663
1675 1664 1676
1665 1676 1664
1676 1665 1677
1666 1677 1665
1677 1666 1678
1667 1678 1666
1678 1667 1679
1657 1679 1667
1679 1657 1668
1669 1680 1668
1680 1679 1668
1680 1669 1681
1670 1681 1669
1681 1670 1682
1671 1682 1670
1682 1671 1683
1672 1683 1671
1683 1672 1684
1673 1684 1672
1684 1673 1685
1674 1685 1673
1685 1674 1686
1675 1686 1674
1686 1675 1687
1676 1687 1675
1687 1676 1688
1677 1688 1676
1688 1677 1689
1678 1689 1677
1689 1678 1690
1679 1690 1678
1690 1679 1691
1679 1680 1691
1692 1693 1694
1695 1693 1692
1693 1695 1696
1697 1696 1695
1696 1697 1698
1699 1698 1697
1698 1699 1700
1699 1701 1700
1701 1699 1702
1703 1701 1702
1704 1705 1706
1705 1704 1707
1708 1705 1707
1709 1704 1706
1704 1709 1710
1710 1709 1711
1708 1712 1705
1713 1712 1708
1713 1714 1712
1715 1714 1713
1715 1716 1714
1716 1715 1717
1716 1717 1718
1718 1717 1719
1720 1718 1719
1720 1719 1721
1720 1721 1722
1721 1723 1722
1724 1722 1723
1725 1724 1723
1726 1724 1725
1727 1724 1726
1728 1727 1726
1729 1730 1731
1729 1732 1730
1729 1733 1732
1732 1733 1734
1735 1732 1734
1736 1735 1734
1737 1736 1734
1729 1731 1738
1739 1740 1741
1739 1742 1740
1740 1742 1743
1742 1744 1743
1743 1744 1745
1744 1746 1745
1745 1746 1747
1745 1747 1748
1748 1747 1749
1739 1741 1750
1751 1739 1750
1748 1749 1752
1753 1754 1755
1753 1756 1754
1756 1753 1757
1753 1758 1757
1753 1759 1758
1759 1760 1758
1761 1760 1759
1760 1761 1762
1763 1762 1761
1762 1763 1764
1764 1763 1765
1764 1765 1766
1766 1765 1767
1768 1766 1767
1769 1766 1768
1770 1766 1769
1771 1766 1770
1772 1771 1770
1772 1773 1771
1772 1774 1773
1774 1772 1775
1776 1774 1775
1774 1776 1777
1778 1777 1776
1765 1763 1779
1780 1765 1779
1781 1765 1780
1782 1765 1781
1783 1765 1782
1782 1784 1783
1784 1782 1785
1785 1786 1784
1787 1786 1785
1787 1788 1786
1788 1787 1789
1790 1788 1789
1791 1792 1793
1792 1791 1794
1795 1793 1792
1793 1795 1796
1796 1795 1797
1794 1791 1798
1799 1794 1798
1795 1800 1797
1797 1800 1801
1800 1802 1801
1801 1802 1803
1802 1804 1803
1805 1803 1804
1804 1806 1805
1807 1808 1809
1810 1811 1812
1810 1812 1813
1814 1815 1816
1817 1815 1814
1815 1817 1818
1819 1816 1815
1820 1819 1815
1819 1820 1821
1821 1822 1819
1821 1823 1822
1821 1824 1823
1824 1825 1823
1826 1825 1824
1825 1826 1827
1826 1828 1827
1826 1829 1828
1829 1830 1828
1815 1831 1820
1818 1831 1815
1822 1832 1819
1822 1833 1832
1833 1822 1834
1834 1835 1833
1835 1834 1836
1818 1837 1831
1838 1837 1818
1839 1837 1838
1840 1839 1838
1841 1840 1838
1842 1841 1838
1838 1843 1842
1843 1838 1844
1838 1845 1844
1845 1838 1818
1846 1845 1818
1817 1846 1818
1846 1847 1845
1819 1832 1816
1709 1848 1711
1711 1848 1849
1711 1849 1850
1850 1849 1851
1852 1853 1854
1852 1854 1855
1852 1855 1856
1852 1856 1857
1852 1857 1858
1852 1858 1859
1852 1859 1860
1852 1860 1861
1852 1861 1862
1852 1862 1863
1852 1863 1864
1852 1864 1853
1865 1854 1853
1854 1865 1866
1866 1855 1854
1855 1866 1867
1867 1856 1855
1856 1867 1868
1868 1857 1856
1857 1868 1869
1869 1858 1857
1858 1869 1870
1870 1859 1858
1859 1870 1871
1871 1860 1859
1860 1871 1872
1872 1861 1860
1861 1872 1873
1873 1862 1861
1862 1873 1874
1874 1863 1862
1863 1874 1875
1875 1864 1863
1864 1875 1876
1876 1853 1864
1853 1876 1865
1877 1866 1865
1876 1877 1865
1866 1877 1878
1878 1867 1866
1867 1878 1879
1879 1868 1867
1868 1879 1880
1880 1869 1868
1869 1880 1881
1881 1870 1869
1870 1881 1882
1882 1871 1870
1871 1882 1883
1883 1872 1871
1872 1883 1884
1884 1873 1872
1873 1884 1885
1885 1874 1873
1874 1885 1886
1886 1875 1874
1875 1886 1887
1887 1876 1875
1876 1887 1888
1877 1876 1888
1889 1890 1891
1891 1892 1889
1892 1891 1893
1893 1894 1892
1894 1893 1895
1895 1896 1894
1896 1895 1897
1898 1896 1897
1896 1898 1899
1900 1899 1898
1901 1902 1903
1902 1901 1904
1905 1903 1902
1903 1905 1906
1907 1906 1905
1906 1907 1908
1907 1909 1908
1909 1907 1910
1910 1911 1909
1911 1910 1912
1912 1913 1911
1913 1912 1914
1901 1915 1904
1915 1901 1916
1916 1917 1915
1917 1916 1918
1918 1919 1917
1919 1918 1920
1921 1913 1914
1913 1921 1922
1923 1922 1921
1922 1923 1924
1924 1919 1920
1919 1924 1923
1925 1926 1927
1926 1928 1927
1928 1929 1927
1930 1927 1929
1931 1927 1930
1932 1927 1931
1925 1927 1933
1933 1927 1934
1934 1927 1935
1932 1936 1927
1936 1937 1927
1937 1935 1927
1938 1939 1940
1939 1938 1941
1940 1942 1938
1940 1943 1942
1938 1942 1944
1938 1944 1945
1942 1943 1946
1942 1946 1947
1948 1946 1943
1946 1948 1949
1946 1949 1950
1948 1951 1949
1951 1948 1952
1951 1953 1949
1954 1951 1952
1955 1954 1952
1955 1956 1954
1957 1956 1955
1956 1957 1958
1958 1959 1956
1957 1960 1958
1960 1957 1961
1958 1960 1962
1961 1963 1960
1961 1964 1963
1960 1963 1965
1963 1964 1966
1963 1966 1967
1968 1966 1964
1966 1968 1969
1968 1970 1969
1970 1968 1971
1972 1970 1971
1973 1972 1971
1973 1974 1972
1939 1974 1973
1974 1939 1941
1970 1975 1969
1975 1976 1969
1969 1976 1977
1966 1969 1977
1966 1978 1967
1941 1979 1974
1941 1980 1979
1941 1981 1980
1941 1938 1981
1974 1982 1972
1982 1983 1972
1972 1983 1984
1985 1982 1974
1970 1984 1986
1972 1984 1970
1987 1988 1989
1988 1987 1990
1991 1989 1988
1989 1991 1992
1993 1992 1991
1992 1993 1994
1995 1990 1987
1990 1995 1996
1995 1997 1996
1997 1995 1998
1999 1994 1993
1994 1999 2000
2001 2000 1999
2000 2001 2002
2003 2002 2001
2002 2003 2004
2003 2005 2004
2005 2003 2006
2006 2007 2005
2007 2006 2008
2008 2009 2007
2009 2008 2010
2011 2009 2010
2009 2011 2012
2011 2013 2012
2013 2011 2014
2015 2013 2014
2013 2015 2016
2017 2016 2015
2016 2017 2018
2019 2018 2017
2018 2019 2020
2021 2020 2019
2020 2021 2022
2023 2022 2021
2022 2023 2024
2025 2024 2023
2024 2025 2026
2027 2026 2025
2026 2027 2028
2027 2029 2028
2029 2027 2030
2030 2031 2029
2031 2030 2032
2032 2033 2031
2033 2032 2034
1997 2033 2034
2033 1997 1998
2035 2036 2037
2036 2038 2037
2036 2039 2038
2039 2040 2038
2039 2041 2040
2041 2042 2040
2041 2043 2042
2043 2044 2042
2044 2043 2045
2046 2044 2045
2044 2046 2047
2048 2047 2046
2048 2049 2047
2050 2049 2048
2050 2051 2049
2052 2051 2050
2052 2053 2051
2053 2052 2054
2055 2053 2054
2056 2055 2054
2056 2057 2055
2057 2058 2055
2057 2059 2058
2059 2060 2058
2059 2061 2060
2061 2062 2060
2061 2063 2062
2063 2064 2062
2063 2065 2064
2065 2066 2064
2065 2067 2066
2066 2067 2068
2069 2066 2068
2070 2069 2068
2070 2071 2069
2072 2071 2070
2072 2073 2071
2074 2073 2072
2074 2075 2073
2075 2074 2076
2077 2075 2076
2078 2077 2076
2078 2035 2077
2035 2037 2077
2079 2080 2081
2080 2079 2082
2083 2081 2080
2081 2083 2084
2085 2084 2083
2084 2085 2086
2087 2082 2079
2082 2087 2088
2087 2089 2088
2089 2087 2090
2090 2091 2089
2091 2090 2092
2092 2093 2091
2093 2092 2094
2095 2086 2085
2086 2095 2096
2097 2096 2095
2096 2097 2098
2099 2098 2097
2098 2099 2100
2099 2101 2100
2101 2099 2102
2102 2103 2101
2103 2102 2104
2104 2105 2103
2105 2104 2106
2106 2107 2105
2107 2106 2108
2109 2107 2108
2107 2109 2110
2111 2110 2109
2110 2111 2112
2113 2112 2111
2112 2113 2114
2115 2114 2113
2114 2115 2116
2117 2116 2115
2116 2117 2118
2093 2118 2117
2118 2093 2094
2119 2120 2121
2120 2119 2122
2123 2119 2121
2119 2123 2124
2125 2124 2123
2124 2125 2126
2122 2127 2120
2127 2122 2128
2128 2129 2127
2129 2128 2130
2130 2131 2129
2131 2130 2132
2132 2133 2131
2133 2132 2134
2135 2126 2125
2126 2135 2136
2137 2136 2135
2136 2137 2138
2139 2138 2137
2138 2139 2140
2139 2141 2140
2141 2139 2142
2142 2143 2141
2143 2142 2144
2144 2145 2143
2145 2144 2146
2146 2147 2145
2147 2146 2148
2149 2147 2148
2147 2149 2150
2151 2150 2149
2150 2151 2152
2153 2152 2151
2152 2153 2154
2155 2154 2153
2154 2155 2156
2157 2156 2155
2156 2157 2158
2133 2158 2157
2158 2133 2134
2159 2160 2161
2159 2162 2160
2162 2163 2160
2162 2164 2163
2164 2165 2163
2164 2166 2165
2166 2167 2165
2166 2168 2167
2167 2168 2169
2170 2167 2169
2171 2170 2169
2172 2170 2171
2173 2172 2171
2174 2172 2173
2175 2174 2173
2176 2174 2175
2177 2176 2175
2177 2178 2176
2178 2179 2176
2178 2180 2179
2180 2181 2179
2180 2182 2181
2182 2183 2181
2182 2184 2183
2184 2185 2183
2184 2186 2185
2185 2186 2187
2188 2185 2187
2189 2188 2187
2190 2188 2189
2191 2190 2189
2192 2190 2191
2193 2192 2191
2161 2192 2193
2194 2161 2193
2194 2159 2161
2195 2196 2197
2196 2195 2198
2199 2197 2196
2197 2199 2200
2201 2200 2199
2200 2201 2202
2203 2202 2201
2202 2203 2204
2203 2205 2204
2205 2203 2206
2206 2207 2205
2207 2206 2208
2208 2209 2207
2209 2208 2210
2210 2211 2209
2211 2210 2212
2213 2211 2212
2211 2213 2214
2215 2214 2213
2214 2215 2216
2217 2216 2215
2216 2217 2218
2219 2218 2217
2218 2219 2220
2219 2221 2220
2221 2219 2222
2222 2223 2221
2223 2222 2224
2224 2225 2223
2225 2224 2226
2226 2195 2225
2195 2226 2198
2227 2228 2229
2228 2230 2229
2228 2231 2230
2231 2232 2230
2231 2233 2232
2233 2234 2232
2233 2235 2234
2235 2236 2234
2237 2236 2235
2238 2237 2235
2238 2239 2237
2239 2238 2240
2240 2241 2239
2242 2241 2240
2242 2243 2241
2244 2243 2242
2244 2245 2243
2244 2246 2245
2244 2247 2246
2247 2248 2246
2247 2249 2248
2249 2250 2248
2249 2251 2250
2251 2252 2250
2251 2253 2252
2253 2254 2252
2255 2254 2253
2256 2255 2253
2256 2257 2255
2258 2257 2256
2258 2259 2257
2260 2259 2258
2260 2261 2259
2227 2261 2260
2227 2262 2261
2227 2229 2262
2263 2264 2265
2264 2263 2266
2267 2265 2264
2265 2267 2268
2269 2268 2267
2268 2269 2270
2263 2271 2266
2271 2263 2272
2272 2273 2271
2273 2272 2274
2274 2275 2273
2275 2274 2276
2276 2277 2275
2277 2276 2278
2279 2270 2269
2270 2279 2280
2281 2280 2279
2280 2281 2282
2283 2282 2281
2282 2283 2284
2283 2285 2284
2285 2283 2286
2286 2287 2285
2287 2286 2288
2288 2289 2287
2289 2288 2290
2290 2291 2289
2291 2290 2292
2293 2291 2292
2291 2293 2294
2295 2294 2293
2294 2295 2296
2297 2296 2295
2296 2297 2298
2299 2298 2297
2298 2299 2300
2301 2300 2299
2300 2301 2302
2277 2302 2301
2302 2277 2278
2303 2304 2305
2304 2303 2306
2307 2305 2304
2305 2307 2308
2309 2308 2307
2308 2309 2310
2303 2311 2306
2311 2303 2312
2312 2313 2311
2313 2312 2314
2314 2315 2313
2315 2314 2316
2316 2317 2315
2317 2316 2318
2319 2310 2309
2310 2319 2320
2321 2320 2319
2320 2321 2322
2323 2322 2321
2322 2323 2324
2323 2325 2324
2325 2323 2326
2326 2327 2325
2327 2326 2328
2328 2329 2327
2329 2328 2330
2330 2331 2329
2331 2330 2332
2333 2331 2332
2331 2333 2334
2335 2334 2333
2334 2335 2336
2337 2336 2335
2336 2337 2338
2339 2338 2337
2338 2339 2340
2341 2340 2339
2340 2341 2342
2317 2342 2341
2342 2317 2318
2343 2344 2345
2346 2347 2343
2348 2347 2346
2347 2348 2349
2350 2345 2351
2352 2350 2353
2354 2352 2353
2355 2354 2353
2356 2355 2357
2356 2357 2358
2359 2360 2358
2360 2359 2361
2361 2359 2362
2362 2363 2364
2365 2364 2366
2367 2365 2368
2369 2367 2368
2370 2369 2368
2371 2370 2372
2371 2372 2349
2373 2374 2375
2374 2373 2376
2377 2376 2373
2376 2377 2378
2379 2378 2377
2378 2379 2380
2374 2381 2375
2381 2374 2382
2382 2383 2381
2383 2382 2384
2384 2385 2383
2385 2384 2386
2387 2385 2386
2385 2387 2388
2389 2380 2379
2380 2389 2390
2391 2390 2389
2390 2391 2392
2391 2393 2392
2393 2391 2394
2395 2393 2394
2393 2395 2396
2395 2397 2396
2397 2395 2398
2398 2399 2397
2399 2398 2400
2400 2401 2399
2401 2400 2402
2403 2401 2402
2401 2403 2404
2405 2404 2403
2404 2405 2406
2407 2406 2405
2406 2407 2408
2409 2408 2407
2408 2409 2410
2411 2410 2409
2410 2411 2412
2411 2387 2412
2387 2411 2388
2413 2414 1954
1954 2414 2415
1956 2413 1954
2416 2413 1956
1954 2415 1951
1951 2415 2417
2418 2419 2420
2419 2418 2421
2418 2420 2422
2423 2422 2420
2422 2423 2424
2423 2425 2424
2425 2423 2426
2427 2425 2426
2428 2427 2426
2427 2428 2429
2430 2419 2421
2419 2430 2431
2430 2432 2431
2432 2433 2431
2433 2432 2434
2428 2435 2429
2435 2428 2436
2435 2436 2437
2437 2433 2434
2433 2437 2436
2438 2439 2440
2439 2438 2441
2442 2440 2439
2440 2442 2443
2444 2443 2442
2443 2444 2445
2444 2446 2445
2446 2444 2447
2447 2448 2446
2448 2447 2449
2449 2450 2448
2450 2449 2451
2438 2452 2441
2452 2438 2453
2453 2454 2452
2454 2453 2455
2455 2456 2454
2456 2455 2457
2458 2450 2451
2450 2458 2459
2460 2459 2458
2459 2460 2461
2461 2456 2457
2456 2461 2460
2462 2463 2464
2463 2462 2465
2466 2464 2463
2464 2466 2467
2468 2467 2466
2467 2468 2469
2468 2470 2469
2470 2468 2471
2471 2472 2470
2472 2471 2473
2473 2474 2472
2474 2473 2475
2462 2476 2465
2476 2462 2477
2477 2478 2476
2478 2477 2479
2479 2480 2478
2480 2479 2481
2482 2474 2475
2474 2482 2483
2484 2483 2482
2483 2484 2485
2485 2480 2481
2480 2485 2484
2486 2487 2488
2487 2486 2489
2490 2488 2487
2488 2490 2491
2492 2491 2490
2491 2492 2493
2492 2494 2493
2494 2492 2495
2495 2496 2494
2496 2495 2497
2497 2498 2496
2498 2497 2499
2486 2500 2489
2500 2486 2501
2501 2502 2500
2502 2501 2503
2503 2504 2502
2504 2503 2505
2506 2498 2499
2498 2506 2507
2508 2507 2506
2507 2508 2509
2509 2504 2505
2504 2509 2508
2510 2511 2512
2511 2510 2513
2514 2512 2511
2512 2514 2515
2516 2515 2514
2515 2516 2517
2516 2518 2517
2518 2516 2519
2519 2520 2518
2520 2519 2521
2521 2522 2520
2522 2521 2523
2510 2524 2513
2524 2510 2525
2525 2526 2524
2526 2525 2527
2527 2528 2526
2528 2527 2529
2530 2522 2523
2522 2530 2531
2532 2531 2530
2531 2532 2533
2533 2528 2529
2528 2533 2532
2534 2535 2536
2535 2534 2537
2538 2536 2535
2536 2538 2539
2540 2539 2538
2539 2540 2541
2540 2542 2541
2542 2540 2543
2543 2544 2542
2544 2543 2545
2545 2546 2544
2546 2545 2547
2534 2548 2537
2548 2534 2549
2549 2550 2548
2550 2549 2551
2551 2552 2550
2552 2551 2553
2554 2546 2547
2546 2554 2555
2556 2555 2554
2555 2556 2557
2557 2552 2553
2552 2557 2556
2558 2559 2560
2559 2558 2561
2562 2560 2559
2560 2562 2563
2564 2563 2562
2563 2564 2565
2564 2566 2565
2566 2564 2567
2567 2568 2566
2568 2567 2569
2569 2570 2568
2570 2569 2571
2558 2572 2561
2572 2558 2573
2573 2574 2572
2574 2573 2575
2575 2576 2574
2576 2575 2577
2578 2570 2571
2570 2578 2579
2580 2579 2578
2579 2580 2581
2581 2576 2577
2576 2581 2580
2582 2583 2584
2583 2582 2585
2586 2584 2583
2584 2586 2587
2588 2587 2586
2587 2588 2589
2588 2590 2589
2590 2588 2591
2591 2592 2590
2592 2591 2593
2593 2594 2592
2594 2593 2595
2582 2596 2585
2596 2582 2597
2597 2598 2596
2598 2597 2599
2599 2600 2598
2600 2599 2601
2602 2594 2595
2594 2602 2603
2604 2603 2602
2603 2604 2605
2605 2600 2601
2600 2605 2604
2606 2607 2608
2607 2606 2609
2610 2608 2607
2608 2610 2611
2612 2611 2610
2611 2612 2613
2612 2614 2613
2614 2612 2615
2615 2616 2614
2616 2615 2617
2617 2618 2616
2618 2617 2619
2606 2620 2609
2620 2606 2621
2621 2622 2620
2622 2621 2623
2623 2624 2622
2624 2623 2625
2626 2618 2619
2618 2626 2627
2628 2627 2626
2627 2628 2629
2629 2624 2625
2624 2629 2628
2630 2631 2632
2631 2630 2633
2634 2632 2631
2632 2634 2635
2636 2635 2634
2635 2636 2637
2636 2638 2637
2638 2636 2639
2639 2640 2638
2640 2639 2641
2641 2642 2640
2642 2641 2643
2630 2644 2633
2644 2630 2645
2645 2646 2644
2646 2645 2647
2647 2648 2646
2648 2647 2649
2650 2642 2643
2642 2650 2651
2652 2651 2650
2651 2652 2653
2653 2648 2649
2648 2653 2652
2654 2655 2656
2655 2654 2657
2658 2656 2655
2656 2658 2659
2660 2659 2658
2659 2660 2661
2660 2662 2661
2662 2660 2663
2663 2664 2662
2664 2663 2665
2665 2666 2664
2666 2665 2667
2654 2668 2657
2668 2654 2669
2669 2670 2668
2670 2669 2671
2671 2672 2670
2672 2671 2673
2674 2666 2667
2666 2674 2675
2676 2675 2674
2675 2676 2677
2677 2672 2673
2672 2677 2676
2678 2679 2680
2679 2678 2681
2682 2680 2679
2680 2682 2683
2684 2683 2682
2683 2684 2685
2684 2686 2685
2686 2684 2687
2687 2688 2686
2688 2687 2689
2689 2690 2688
2690 2689 2691
2678 2692 2681
2692 2678 2693
2693 2694 2692
2694 2693 2695
2695 2696 2694
2696 2695 2697
2698 2690 2691
2690 2698 2699
2700 2699 2698
2699 2700 2701
2701 2696 2697
2696 2701 2700
2702 2703 2704
2703 2702 2705
2706 2704 2703
2704 2706 2707
2708 2707 2706
2707 2708 2709
2708 2710 2709
2710 2708 2711
2711 2712 2710
2712 2711 2713
2713 2714 2712
2714 2713 2715
2702 2716 2705
2716 2702 2717
2717 2718 2716
2718 2717 2719
2719 2720 2718
2720 2719 2721
2722 2714 2715
2714 2722 2723
2724 2723 2722
2723 2724 2725
2725 2720 2721
2720 2725 2724
2726 2727 2728
2727 2726 2729
2730 2728 2727
2728 2730 2731
2732 2731 2730
2731 2732 2733
2732 2734 2733
2734 2732 2735
2735 2736 2734
2736 2735 2737
2737 2738 2736
2738 2737 2739
2726 2740 2729
2740 2726 2741
2741 2742 2740
2742 2741 2743
2743 2744 2742
2744 2743 2745
2746 2738 2739
2738 2746 2747
2748 2747 2746
2747 2748 2749
2749 2744 2745
2744 2749 2748
2750 2751 2752
2751 2750 2753
2754 2752 2751
2752 2754 2755
2756 2755 2754
2755 2756 2757
2756 2758 2757
2758 2756 2759
2759 2760 2758
2760 2759 2761
2761 2762 2760
2762 2761 2763
2750 2764 2753
2764 2750 2765
2765 2766 2764
2766 2765 2767
2767 2768 2766
2768 2767 2769
2770 2762 2763
2762 2770 2771
2772 2771 2770
2771 2772 2773
2773 2768 2769
2768 2773 2772
2774 2775 2776
2774 2777 2775
2777 2774 2778
2774 2779 2778
2774 2776 2780
2774 2780 2781
2774 2782 2779
2774 2781 2782
2783 2784 2785
2784 2783 2786
2787 2785 2784
2785 2787 2788
2787 2789 2788
2789 2787 2790
2790 2791 2789
2791 2790 2792
2783 2793 2786
2793 2783 2794
2794 2795 2793
2795 2794 2796
2797 2791 2792
2791 2797 2798
2798 2795 2796
2795 2798 2797
1963 2799 1965
1963 1967 2799
1960 1965 2800
1958 2801 1959
1958 1962 2801
1946 2802 1947
1942 1947 2803
1942 2803 1944
1949 2804 1950
1953 2804 1949
2805 2806 2807
2806 2805 2808
2809 2807 2806
2807 2809 2810
2809 2811 2810
2811 2809 2812
2812 2813 2811
2813 2812 2814
2805 2815 2808
2815 2805 2816
2816 2817 2815
2817 2816 2818
2819 2813 2814
2813 2819 2820
2820 2817 2818
2817 2820 2819
2821 2822 2823
2822 2821 2824
2824 2825 2822
2825 2824 2826
2827 2825 2826
2825 2827 2828
2829 2828 2827
2828 2829 2830
2831 2821 2823
2821 2831 2832
2833 2832 2831
2832 2833 2834
2829 2835 2830
2835 2829 2836
2836 2833 2835
2833 2836 2834
2837 2838 2839
2838 2837 2840
2840 2841 2838
2841 2840 2842
2843 2841 2842
2841 2843 2844
2845 2844 2843
2844 2845 2846
2847 2837 2839
2837 2847 2848
2849 2848 2847
2848 2849 2850
2845 2851 2846
2851 2845 2852
2852 2849 2851
2849 2852 2850
2853 2854 2855
2854 2853 2856
2855 2857 2853
2857 2855 2858
2859 2854 2856
2854 2859 2860
2861 2860 2859
2860 2861 2862
2863 2857 2858
2857 2863 2864
2865 2864 2863
2864 2865 2866
2865 2867 2866
2867 2865 2868
2861 2868 2862
2868 2861 2867
2869 2870 2871
2871 2870 2872
2871 2872 2873
2871 2873 2874
2874 2873 2875
2874 2875 2876
2876 2875 2877
2877 2878 2876
2878 2877 2879
2880 2878 2879
2878 2880 2881
2881 2880 2882
2881 2882 2883
2883 2882 2884
2883 2884 2885
2885 2884 2886
2885 2886 2887
2887 2886 2888
2887 2888 2889
2889 2888 2890
2887 2889 2891
2891 2889 2892
2891 2892 2893
2891 2893 2894
2893 2892 2895
2891 2894 2896
2894 2897 2896
2897 2894 2898
2899 2897 2898
2897 2899 2900
2900 2899 2901
2889 2890 2902
2902 2890 2903
2903 2890 2904
2903 2904 2905
2905 2904 2906
2905 2906 2907
2905 2907 2908
2909 2908 2907
2908 2909 2910
2908 2910 2911
2910 2909 2912
2912 2909 2913
2913 2909 2914
2911 2915 2908
2915 2911 2916
2917 2907 2906
2917 2918 2907
2918 2909 2907
2919 2914 2909
2920 2919 2909
2921 2920 2909
2909 2918 2921
2918 2922 2921
2923 2922 2918
2922 2923 2924
2925 2917 2926
2925 2926 2927
2928 2925 2927
2929 2928 2927
2929 2927 2930
2931 2929 2930
2931 2930 2932
2933 2931 2932
2933 2932 2934
2935 2933 2934
2935 2934 2936
2937 2935 2936
2937 2936 2938
2938 2939 2937
2939 2938 2940
2941 2939 2940
2939 2941 2942
2931 2943 2929
2943 2944 2929
2943 2945 2944
2943 2946 2945
2942 2941 2947
2948 2942 2947
2948 2947 2949
2950 2948 2949
2950 2949 2872
2950 2872 2870
2951 2950 2870
2945 2952 2944
2943 2953 2946
2954 2946 2953
2946 2954 2955
2954 2956 2955
2956 2954 2957
2957 2958 2956
2959 2960 2961
2960 2959 2962
2961 2963 2959
2963 2961 2964
2964 2965 2963
2965 2964 2966
2966 2967 2965
2967 2966 2968
2959 2969 2962
2969 2959 2970
2963 2970 2959
2970 2963 2971
2965 2971 2963
2971 2965 2972
2967 2972 2965
2972 2967 2973
2974 2975 2976
2975 2974 2977
2978 2975 2977
2975 2978 2979
2980 2981 2982
2981 2980 2983
2982 2984 2980
2984 2982 2985
2980 2986 2983
2986 2980 2987
2984 2987 2980
2987 2984 2988
2989 2990 2991
2990 2989 2992
2993 2992 2989
2992 2993 2994
2993 2995 2994
2995 2993 2996
2997 2990 2992
2990 2997 2998
2999 2992 2994
2992 2999 2997
2995 2999 2994
2999 2995 3000
3001 3002 3003
3002 3001 3004
3005 3004 3001
3004 3005 3006
3007 3002 3004
3002 3007 3008
3004 3009 3007
3009 3004 3006
3010 3011 3012
3011 3010 3013
3010 3014 3013
3014 3010 3015
3016 3017 3018
3017 3016 3019
3018 3020 3016
3020 3018 3021
3016 3022 3019
3022 3016 3023
3020 3023 3016
3023 3020 3024
3025 3026 3027
3026 3025 3028
3029 3028 3025
3028 3029 3030
3031 3030 3029
3030 3031 3032
3033 3026 3028
3026 3033 3034
3035 3028 3030
3028 3035 3033
3036 3030 3032
3030 3036 3035
3037 3038 3039
3038 3037 3040
3041 3040 3037
3040 3041 3042
3043 3042 3041
3042 3043 3044
3045 3044 3043
3044 3045 3046
3045 3047 3046
3047 3045 3048
3048 3049 3047
3049 3048 3050
3050 3051 3049
3051 3050 3052
3052 3053 3051
3053 3052 3054
3054 3055 3053
3055 3054 3056
3056 3057 3055
3057 3056 3058
3058 3059 3057
3059 3058 3060
3060 3061 3059
3061 3060 3062
3063 3061 3062
3061 3063 3064
3065 3064 3063
3064 3065 3066
3067 3066 3065
3066 3067 3068
3069 3068 3067
3068 3069 3070
3071 3070 3069
3070 3071 3072
3073 3072 3071
3072 3073 3074
3075 3074 3073
3074 3075 3076
3077 3076 3075
3076 3077 3078
3077 3079 3078
3079 3077 3080
3080 3081 3079
3081 3080 3082
3082 3083 3081
3083 3082 3084
3084 3038 3083
3038 3084 3039
3038 3085 3083
3085 3038 3086
3038 3087 3086
3087 3038 3040
3040 3088 3087
3088 3040 3042
3042 3089 3088
3089 3042 3044
3044 3090 3089
3090 3044 3046
3047 3090 3046
3090 3047 3091
3049 3091 3047
3091 3049 3092
3051 3092 3049
3092 3051 3093
3053 3093 3051
3093 3053 3094
3055 3094 3053
3094 3055 3095
3057 3095 3055
3095 3057 3096
3059 3096 3057
3096 3059 3097
3061 3097 3059
3097 3061 3098
3061 3099 3098
3099 3061 3064
3064 3100 3099
3100 3064 3066
3066 3101 3100
3101 3066 3068
3068 3102 3101
3102 3068 3070
3070 3103 3102
3103 3070 3072
3072 3104 3103
3104 3072 3074
3074 3105 3104
3105 3074 3076
3076 3106 3105
3106 3076 3078
3079 3106 3078
3106 3079 3107
3081 3107 3079
3107 3081 3108
3083 3108 3081
3108 3083 3085
3109 3110 3111
3110 3109 3112
3109 3113 3112
3113 3109 3114
3114 3115 3113
3115 3114 3116
3117 3115 3116
3115 3117 3118
3119 3118 3117
3118 3119 3120
3121 3120 3119
3120 3121 3122
3123 3122 3121
3122 3123 3124
3125 3124 3123
3124 3125 3126
3125 3127 3126
3127 3125 3128
3128 3129 3127
3129 3128 3130
3130 3131 3129
3131 3130 3132
3132 3133 3131
3133 3132 3134
3134 3135 3133
3135 3134 3136
3135 3136 3137
3138 3139 3140
3139 3138 3141
3142 3140 3139
3140 3142 3143
3144 3143 3142
3143 3144 3145
3146 3145 3144
3145 3146 3147
3148 3139 3141
3139 3148 3149
3149 3142 3139
3142 3149 3150
3150 3144 3142
3144 3150 3151
3151 3146 3144
3146 3151 3152
3153 3154 3155
3154 3153 3156
3154 3157 3155
3157 3154 3158
3159 3160 3161
3160 3159 3162
3163 3161 3160
3161 3163 3164
3165 3160 3162
3160 3165 3166
3166 3163 3160
3163 3166 3167
3168 3169 3170
3169 3168 3171
3170 3172 3168
3172 3170 3173
3174 3172 3173
3172 3174 3175
3169 3176 3170
3176 3169 3177
3178 3170 3176
3170 3178 3173
3178 3174 3173
3174 3178 3179
3180 3181 3182
3181 3180 3183
3182 3184 3180
3184 3182 3185
3181 3186 3182
3186 3181 3187
3188 3182 3186
3182 3188 3185
3189 3190 3191
3190 3189 3192
3193 3190 3192
3190 3193 3194
3195 3196 3197
3196 3195 3198
3199 3197 3196
3197 3199 3200
3201 3196 3198
3196 3201 3202
3202 3199 3196
3199 3202 3203
3204 3205 3206
3205 3204 3207
3206 3208 3204
3208 3206 3209
3209 3210 3208
3210 3209 3211
3205 3212 3206
3212 3205 3213
3214 3206 3212
3206 3214 3209
3215 3209 3214
3209 3215 3211
3216 3217 3218
3217 3216 3219
3220 3216 3218
3216 3220 3221
3222 3221 3220
3221 3222 3223
3222 3224 3223
3224 3222 3225
3225 3226 3224
3226 3225 3227
3227 3228 3226
3228 3227 3229
3229 3230 3228
3230 3229 3231
3231 3232 3230
3232 3231 3233
3234 3232 3233
3232 3234 3235
3236 3235 3234
3235 3236 3237
3238 3237 3236
3237 3238 3239
3240 3239 3238
3239 3240 3241
3241 3240 3242
3242 3243 3241
3242 3244 3243
2917 2906 2926
3245 3246 3247
3246 3248 3247
3246 3249 3248
3246 3250 3249
3250 3251 3249
3250 3252 3251
3252 3253 3251
3254 3253 3252
3253 3254 3255
3254 3256 3255
3256 3254 3257
3257 3258 3256
3257 3259 3258
3259 3260 3258
3259 3261 3260
3261 3262 3260
3261 3263 3262
3263 3264 3262
3263 3265 3264
3265 3266 3264
3263 3267 3265
3267 3268 3265
3267 3269 3268
3267 3270 3269
3269 3271 3268
3267 3272 3270
3273 3270 3272
3270 3273 3274
3273 3275 3274
3275 3273 3276
3276 3277 3275
3265 3278 3266
3278 3279 3266
3279 3280 3266
3279 3281 3280
3281 3282 3280
3281 3283 3282
3281 3284 3283
3284 3285 3283
3285 3284 3286
3284 3287 3286
3286 3288 3285
3288 3289 3285
3289 3290 3285
3291 3287 3284
3287 3291 3292
3293 3282 3283
3293 3283 3294
3285 3294 3283
3295 3285 3290
3296 3285 3295
3297 3285 3296
3294 3285 3297
3294 3297 3298
3298 3299 3294
3299 3298 3300
3301 3302 3293
3301 3303 3302
3304 3303 3301
3305 3303 3304
3305 3306 3303
3307 3306 3305
3307 3308 3306
3309 3308 3307
3309 3310 3308
3311 3310 3309
3311 3312 3310
3313 3312 3311
3313 3314 3312
3315 3314 3313
3314 3315 3316
3315 3317 3316
3317 3315 3318
3307 3305 3319
3319 3305 3320
3319 3320 3321
3319 3321 3322
3318 3323 3317
3324 3323 3318
3324 3325 3323
3326 3325 3324
3326 3248 3325
3326 3247 3248
3327 3247 3326
3321 3320 3328
3319 3322 3329
3322 3330 3329
3330 3322 3331
3332 3330 3331
3330 3332 3333
3333 3332 3334
3335 3336 3337
3336 3335 3338
3339 3335 3337
3335 3339 3340
3341 3340 3339
3340 3341 3342
3341 3343 3342
3343 3341 3344
3344 3345 3343
3345 3344 3346
3346 3347 3345
3347 3346 3348
3348 3349 3347
3349 3348 3350
3350 3351 3349
3351 3350 3352
3353 3351 3352
3351 3353 3354
3355 3354 3353
3354 3355 3356
3357 3356 3355
3356 3357 3358
3359 3358 3357
3358 3359 3360
3360 3359 3361
3361 3362 3360
3361 3363 3362
3364 3365 3366
3365 3364 3367
3364 3368 3367
3368 3364 3369
3369 3370 3368
3370 3369 3371
3372 3370 3371
3370 3372 3373
3374 3373 3372
3373 3374 3375
3376 3375 3374
3375 3376 3377
3378 3377 3376
3377 3378 3379
3380 3379 3378
3379 3380 3381
3380 3382 3381
3382 3380 3383
3383 3384 3382
3384 3383 3385
3385 3386 3384
3386 3385 3387
3387 3388 3386
3388 3387 3389
3389 3390 3388
3390 3389 3391
3390 3391 3392
3293 3302 3282
