byte offset: 0
first index: 0
index count: 2496
topology: trianglelist
format: DXGI_FORMAT_R16_UINT

0 1 2
1 0 3
4 5 6
5 4 7
8 9 10
9 8 11
12 13 14
13 12 15
16 17 18
17 16 19
20 21 22
21 20 23
24 25 26
25 24 27
28 29 30
29 28 31
32 33 34
33 32 35
36 35 32
35 36 37
38 37 36
37 38 39
40 39 38
39 40 41
42 41 40
41 42 43
44 43 42
43 44 45
46 45 44
45 46 47
48 34 33
34 48 49
50 51 52
51 50 53
54 55 56
55 54 57
58 59 60
59 58 61
62 63 64
63 62 65
66 67 68
67 66 69
70 71 72
71 70 73
74 75 76
75 74 77
78 79 80
79 78 81
82 83 84
83 82 85
86 85 82
85 86 87
88 87 86
87 88 89
90 89 88
89 90 91
92 91 90
91 92 93
94 93 92
93 94 95
96 95 94
95 96 97
98 84 83
84 98 99
100 101 102
101 100 103
104 105 106
105 104 107
108 109 110
109 108 111
112 113 114
113 112 115
116 117 118
117 116 119
120 121 122
121 120 123
124 125 126
125 124 127
128 129 130
129 128 131
132 133 134
133 132 135
136 134 133
134 136 137
138 137 136
137 138 139
140 139 138
139 140 141
142 141 140
141 142 143
144 143 142
143 144 145
146 145 144
145 146 147
148 135 132
135 148 149
150 151 152
151 150 153
154 155 156
155 154 157
158 159 160
159 158 161
162 163 164
163 162 165
166 167 168
167 166 169
170 171 172
171 170 173
174 175 176
175 174 177
178 179 180
179 178 181
182 183 184
185 183 182
186 183 185
187 183 186
188 183 187
189 183 188
190 183 189
184 183 190
184 191 182
191 184 192
190 192 184
192 193 191
193 192 194
195 191 193
191 195 196
182 196 185
196 182 191
197 196 195
196 197 198
185 198 186
198 185 196
199 198 197
198 199 200
186 200 187
200 186 198
201 200 199
200 201 202
187 202 188
202 187 200
203 202 201
202 203 204
188 204 189
204 188 202
205 204 203
204 205 206
206 189 204
194 206 205
189 206 190
192 190 206
206 194 192
207 208 209
208 207 210
208 211 209
211 208 212
213 211 212
211 213 214
215 210 207
210 215 216
217 216 215
216 217 218
217 219 218
219 217 220
221 219 220
219 221 222
223 222 221
222 223 224
222 225 219
225 222 226
224 226 222
226 224 227
212 228 213
218 229 216
230 216 229
216 230 210
231 210 230
210 231 208
231 212 208
228 212 232
212 231 232
229 218 233
219 233 218
233 219 225
234 235 236
234 236 237
238 237 236
239 238 236
235 239 236
238 239 240
237 238 241
242 237 241
237 242 243
234 237 243
234 243 244
239 245 240
245 239 246
235 246 239
235 247 246
248 245 246
247 248 246
245 248 249
248 250 249
250 248 251
247 251 248
247 252 251
253 250 251
252 253 251
250 253 254
253 255 254
255 253 256
256 253 252
257 256 252
258 255 256
257 258 256
255 258 259
258 260 259
260 258 261
257 261 258
257 262 261
263 260 261
262 263 261
260 263 264
263 265 264
265 263 266
262 266 263
262 267 266
268 265 266
267 268 266
265 268 269
259 270 255
270 259 271
271 272 270
272 271 273
273 274 272
274 273 275
274 276 272
276 274 277
278 276 277
276 278 279
278 280 279
280 278 281
282 280 281
280 282 283
282 284 283
284 282 285
286 284 285
284 286 287
286 288 287
288 286 289
290 288 289
288 290 291
290 292 291
292 290 293
294 292 293
292 294 295
294 296 295
296 294 297
298 297 294
293 298 294
297 298 299
300 299 298
299 300 301
302 301 300
303 300 298
298 293 303
300 303 304
303 305 304
306 304 305
306 300 304
306 302 300
305 303 307
293 307 303
308 305 307
305 308 309
308 310 309
311 309 310
305 309 311
306 305 311
310 308 312
313 310 312
310 313 314
313 315 314
316 314 315
316 310 314
316 311 310
315 313 317
318 315 317
315 318 319
318 320 319
321 319 320
321 315 319
321 316 315
320 318 322
323 320 322
320 323 324
323 325 324
326 324 325
326 320 324
326 321 320
325 323 327
328 325 327
325 328 329
328 330 329
331 329 330
331 325 329
331 326 325
330 328 332
333 330 332
330 333 334
333 335 334
336 334 335
336 330 334
336 331 330
335 333 337
338 335 337
335 338 339
327 275 328
275 332 328
275 327 274
332 275 340
273 340 275
340 273 341
342 340 341
340 342 343
343 332 340
332 343 333
343 337 333
342 344 343
337 343 344
344 342 345
346 344 345
344 346 347
347 337 344
337 347 338
271 341 273
341 271 348
349 341 348
341 349 342
349 345 342
345 349 350
351 345 350
345 351 346
259 348 271
348 259 260
264 348 260
348 264 349
264 350 349
350 264 265
269 350 265
350 269 351
352 244 353
352 353 354
355 354 353
356 355 353
244 356 353
355 356 357
354 355 358
356 242 357
242 356 243
243 356 244
359 358 355
357 359 355
358 359 360
295 360 359
360 295 296
361 295 359
359 357 361
295 361 292
361 291 292
291 361 362
357 362 361
362 357 242
363 291 362
291 363 288
363 287 288
287 363 364
365 287 364
287 365 284
365 283 284
283 365 366
367 283 366
283 367 280
367 279 280
279 367 368
369 279 368
279 369 276
369 272 276
272 369 270
241 364 363
362 241 363
241 362 242
240 366 365
364 240 365
364 241 238
240 364 238
249 368 367
366 249 367
366 240 245
249 366 245
254 270 369
368 254 369
368 249 250
254 368 250
270 254 255
370 371 372
371 370 373
373 374 371
374 373 375
375 376 374
376 375 377
372 378 370
378 372 379
379 380 378
380 379 381
381 382 380
382 381 383
383 384 382
384 383 385
385 386 384
386 385 387
388 389 390
389 388 391
391 392 389
392 391 393
393 394 392
394 393 395
390 396 388
396 390 397
397 398 396
398 397 399
399 400 398
400 399 401
401 402 400
402 401 403
403 404 402
404 403 405
406 407 408
407 406 409
409 410 407
410 409 411
411 412 410
412 411 413
413 414 412
414 413 415
415 416 414
416 415 417
417 418 416
418 417 419
419 420 418
420 419 421
421 408 420
408 421 406
422 423 424
423 422 425
424 426 422
426 424 427
425 428 423
428 425 429
429 430 428
430 429 431
431 432 430
432 431 433
433 434 432
434 433 435
435 436 434
436 435 437
437 438 436
438 437 439
440 441 442
441 440 443
442 444 440
444 442 445
443 446 441
446 443 447
447 448 446
448 447 449
449 450 448
450 449 451
451 452 450
452 451 453
453 454 452
454 453 455
455 456 454
456 455 457
458 459 460
459 458 461
460 462 458
462 460 463
461 464 459
464 461 465
465 466 464
466 465 467
467 468 466
468 467 469
469 470 468
470 469 471
471 472 470
472 471 473
473 474 472
474 473 475
476 477 478
477 476 479
478 480 476
480 478 481
481 482 480
482 481 483
483 484 482
484 483 485
485 486 484
486 485 487
487 488 486
488 487 489
489 490 488
490 489 491
479 491 477
491 479 490
492 493 494
493 492 495
496 497 498
497 496 499
500 501 502
501 500 503
504 505 506
505 504 507
508 509 510
509 508 511
512 513 514
513 512 515
516 517 518
517 516 519
520 521 522
521 520 523
524 525 526
525 524 527
527 528 525
528 527 529
529 530 528
530 529 531
531 532 530
532 531 533
533 534 532
534 533 535
535 536 534
536 535 537
537 538 536
538 537 539
526 540 524
540 526 541
542 543 544
543 542 545
546 547 548
547 546 549
550 551 552
551 550 553
554 555 556
555 554 557
558 559 560
559 558 561
562 563 564
563 562 565
566 567 568
567 566 569
570 571 572
571 570 573
574 575 576
575 574 577
577 578 575
578 577 579
579 580 578
580 579 581
581 582 580
582 581 583
583 584 582
584 583 585
585 586 584
586 585 587
587 588 586
588 587 589
576 590 574
590 576 591
592 593 594
593 592 595
596 597 598
597 596 599
600 601 602
601 600 603
604 605 606
605 604 607
608 609 610
609 608 611
612 613 614
613 612 615
616 617 618
617 616 619
620 621 622
621 620 623
624 625 626
625 624 627
626 628 624
628 626 629
629 630 628
630 629 631
631 632 630
632 631 633
633 634 632
634 633 635
635 636 634
636 635 637
637 638 636
638 637 639
627 640 625
640 627 641
642 643 644
643 642 645
646 647 648
647 646 649
650 651 652
651 650 653
654 655 656
655 654 657
658 659 660
659 658 661
662 663 664
663 662 665
666 667 668
667 666 669
670 671 672
671 670 673
674 675 676
677 674 676
678 677 676
679 678 676
680 679 676
681 680 676
682 681 676
675 682 676
683 675 674
675 683 684
684 682 675
685 684 683
684 685 686
683 687 685
687 683 688
688 674 677
674 688 683
688 689 687
689 688 690
690 677 678
677 690 688
690 691 689
691 690 692
692 678 679
678 692 690
692 693 691
693 692 694
694 679 680
679 694 692
694 695 693
695 694 696
696 680 681
680 696 694
696 697 695
697 696 698
681 698 696
698 686 697
698 681 682
682 684 698
686 698 684
699 700 701
700 699 702
702 703 700
703 702 704
704 705 703
705 704 706
701 707 699
707 701 708
708 709 707
709 708 710
710 711 709
711 710 712
712 713 711
713 712 714
714 715 713
715 714 716
717 712 710
712 717 718
718 714 712
710 719 717
719 710 708
708 720 719
720 708 701
701 721 720
721 701 700
700 722 721
722 700 703
703 723 722
723 703 705
724 716 714
714 718 724
716 724 725
726 727 728
727 726 729
730 729 726
729 730 731
732 731 730
731 732 733
734 728 727
728 734 735
736 735 734
735 736 737
738 737 736
737 738 739
740 739 738
739 740 741
742 741 740
741 742 743
744 745 746
745 744 747
748 747 744
747 748 749
750 749 748
749 750 751
752 746 745
746 752 753
754 753 752
753 754 755
756 755 754
755 756 757
758 757 756
757 758 759
760 759 758
759 760 761
762 763 764
763 762 765
766 765 762
765 766 767
768 767 766
767 768 769
770 769 768
769 770 771
772 771 770
771 772 773
774 773 772
773 774 775
776 775 774
775 776 777
764 777 776
777 764 763
778 779 780
779 778 781
782 780 779
780 782 783
784 781 778
781 784 785
786 785 784
785 786 787
788 787 786
787 788 789
790 789 788
789 790 791
792 791 790
791 792 793
794 793 792
793 794 795
796 797 798
797 796 799
800 798 797
798 800 801
802 799 796
799 802 803
804 803 802
803 804 805
806 805 804
805 806 807
808 807 806
807 808 809
810 809 808
809 810 811
812 811 810
811 812 813
814 815 816
815 814 817
818 816 815
816 818 819
820 817 814
817 820 821
822 821 820
821 822 823
824 823 822
823 824 825
826 825 824
825 826 827
828 827 826
827 828 829
830 829 828
829 830 831
832 833 834
833 832 835
836 834 833
834 836 837
838 837 836
837 838 839
840 839 838
839 840 841
842 841 840
841 842 843
844 843 842
843 844 845
846 845 844
845 846 847
847 835 832
835 847 846
307 293 290
289 307 290
307 289 308
289 312 308
312 289 286
285 312 286
312 285 313
285 317 313
317 285 282
281 317 282
317 281 318
281 322 318
322 281 278
277 322 278
322 277 323
277 327 323
327 277 274
848 335 339
848 336 335
