byte offset: 0
first index: 0
index count: 8910
topology: trianglelist
format: DXGI_FORMAT_R16_UINT

0 1 2
0 2 3
4 5 6
4 6 7
8 9 10
8 10 11
12 13 14
12 14 15
16 17 18
16 18 19
20 21 22
20 22 23
24 25 26
24 26 27
28 29 30
28 30 31
32 33 34
32 34 35
36 37 38
36 38 39
40 41 42
40 42 43
42 44 43
42 45 44
44 45 46
44 46 47
46 48 47
46 49 48
48 49 50
48 50 51
50 52 51
50 53 52
52 53 54
52 54 55
54 56 55
54 57 56
58 56 57
58 59 56
58 60 59
58 61 60
62 63 64
62 64 65
63 66 64
63 67 66
67 68 66
67 69 68
69 70 68
69 71 70
71 72 70
71 73 72
73 74 75
74 76 75
74 77 76
73 75 78
77 79 76
77 80 79
80 81 79
80 82 81
82 83 81
82 84 83
85 86 87
85 87 88
89 85 88
89 88 90
91 89 90
91 90 92
93 91 92
93 92 94
95 93 94
95 94 96
97 95 96
97 96 98
99 97 98
99 98 100
101 99 100
101 100 102
103 101 102
103 102 104
105 103 104
105 104 106
107 108 109
107 109 110
111 112 113
111 113 114
115 116 117
115 117 118
119 120 121
119 121 122
123 124 125
123 125 126
127 128 129
127 129 130
131 132 133
131 133 134
135 136 137
135 137 138
139 140 141
139 141 142
143 144 145
143 145 146
147 148 149
147 149 150
149 148 151
149 151 152
151 153 152
151 154 153
153 154 155
153 155 156
155 157 156
155 158 157
157 158 159
157 159 160
159 161 160
159 162 161
161 162 163
161 163 164
165 164 163
165 163 166
165 166 167
165 167 168
169 170 171
169 171 172
172 171 173
172 173 174
174 173 175
174 175 176
176 175 177
176 177 178
178 177 179
178 179 180
180 181 182
180 182 183
183 182 184
183 184 185
185 184 186
185 186 187
187 186 188
187 188 189
189 188 190
189 190 191
192 193 194
192 194 195
196 193 192
196 197 193
198 197 196
198 199 197
200 199 198
200 201 199
202 201 200
202 203 201
204 203 202
204 205 203
206 205 204
206 207 205
208 207 206
208 209 207
210 209 208
210 211 209
212 211 210
212 213 211
214 215 216
214 216 217
215 214 218
215 218 219
220 221 222
220 222 223
224 220 223
224 225 220
225 224 226
225 226 227
228 227 226
228 229 227
228 230 229
228 231 230
230 231 232
230 232 233
232 234 233
232 235 234
236 234 235
236 237 234
238 237 236
238 239 237
239 238 240
241 242 243
242 244 243
245 246 243
247 248 249
247 249 250
251 247 250
251 250 252
247 251 253
247 253 254
248 247 254
254 253 255
254 255 256
256 257 254
248 254 257
256 258 257
256 259 258
256 260 259
260 256 255
260 261 259
260 262 261
262 263 261
262 264 263
264 262 265
260 265 262
264 265 266
260 267 265
260 255 267
268 264 266
268 269 264
269 263 264
269 268 270
269 270 271
271 272 269
269 272 263
271 273 272
273 271 274
271 270 274
275 276 277
275 277 278
278 279 275
278 280 279
281 282 283
281 283 284
285 282 281
285 281 286
286 287 285
286 288 287
289 287 288
289 290 287
290 289 291
290 291 292
291 293 292
291 294 293
293 294 295
293 295 296
297 296 295
297 295 298
299 297 298
299 300 297
299 301 300
302 303 304
304 303 305
306 303 307
308 309 310
308 310 311
312 309 308
312 313 309
308 314 312
308 315 314
311 315 308
314 315 316
314 316 317
315 318 316
315 319 318
311 319 315
316 318 320
316 320 321
321 317 316
321 320 322
321 322 323
323 322 324
323 324 325
325 326 323
321 323 326
325 327 326
321 326 328
321 328 317
329 327 325
329 325 330
329 330 331
329 331 332
331 333 332
334 325 324
334 324 335
334 335 336
334 336 337
336 338 337
339 340 341
339 341 342
339 342 343
341 340 344
341 344 345
339 343 346
343 347 346
347 343 348
347 348 349
350 351 352
350 352 353
350 354 351
350 355 354
355 356 354
355 357 356
353 352 358
353 358 359
357 360 356
357 361 360
362 363 364
362 364 365
366 365 364
366 364 367
363 362 368
363 368 369
370 366 367
370 367 371
372 373 374
372 374 375
376 377 378
376 378 379
376 380 377
378 381 379
378 382 381
376 383 380
380 383 384
384 385 380
384 386 385
387 388 389
389 388 390
391 388 387
390 388 392
393 394 392
395 394 393
395 396 394
395 397 396
393 392 398
399 400 401
402 401 403
404 402 403
405 399 404
406 399 405
407 406 405
408 406 407
409 408 407
410 408 409
411 412 413
411 413 414
415 416 417
415 417 418
417 419 420
417 420 421
422 417 421
422 423 417
422 424 423
423 424 425
426 418 427
428 426 427
428 429 426
429 428 430
431 432 433
431 433 434
435 432 431
435 436 432
435 437 436
435 438 437
439 438 435
440 441 442
442 441 443
444 443 441
444 445 443
446 444 441
446 447 444
447 446 448
449 450 451
449 451 452
453 454 455
453 455 456
457 458 459
457 459 460
461 462 463
461 463 464
465 466 467
465 467 468
469 470 471
469 471 472
473 474 475
473 475 476
477 478 479
477 479 480
481 482 483
481 483 484
485 486 487
485 487 488
489 490 491
489 491 492
493 494 495
493 495 496
497 498 499
498 500 499
501 502 503
504 505 506
507 508 509
510 511 512
510 512 513
514 515 516
514 516 517
518 519 520
518 520 521
522 523 524
522 524 525
526 527 528
526 528 529
530 531 532
530 532 533
534 535 536
534 536 537
538 539 540
538 540 541
542 543 544
542 544 545
546 547 548
546 548 549
550 551 552
550 552 553
554 555 556
554 556 557
558 559 560
558 560 561
562 563 564
562 564 565
566 567 568
566 568 569
570 571 572
570 572 573
574 575 576
574 576 577
578 579 580
578 580 581
582 583 584
585 583 582
584 583 586
587 588 589
589 588 590
590 591 592
593 594 595
596 597 598
599 600 601
602 603 604
605 606 607
608 609 610
611 612 613
614 615 616
617 618 619
620 621 622
623 624 625
626 627 628
629 630 631
629 631 632
633 634 635
636 637 638
639 640 641
642 643 644
645 646 647
648 649 650
651 652 653
654 655 656
657 658 659
660 661 662
663 664 665
666 667 668
669 670 671
672 673 674
675 676 677
678 679 680
681 682 683
684 685 686
685 687 686
688 684 686
687 689 686
690 689 691
692 690 691
692 691 693
692 693 694
690 695 689
696 697 698
696 699 697
700 699 696
701 700 696
702 701 703
704 701 702
705 704 702
706 704 705
707 706 705
708 709 710
708 710 711
712 713 714
712 714 715
716 714 713
714 717 718
714 718 719
720 717 714
720 714 721
720 721 722
721 723 722
724 725 716
724 716 726
726 727 724
728 729 730
728 731 729
732 728 730
732 730 733
732 733 734
732 734 735
736 732 735
737 738 739
738 740 739
741 739 740
741 740 742
743 739 741
743 741 744
744 745 743
746 747 748
746 748 749
750 751 752
750 752 753
754 755 756
754 756 757
758 759 760
758 760 761
762 763 764
762 764 765
766 767 768
766 768 769
770 771 772
770 772 773
774 775 776
774 776 777
778 779 780
778 780 781
782 783 784
782 784 785
786 787 788
786 788 789
790 791 792
790 792 793
794 795 796
796 795 797
798 799 800
801 802 803
804 805 806
807 808 809
807 809 810
811 812 813
811 813 814
815 816 817
815 817 818
819 820 821
819 821 822
823 824 825
823 825 826
827 828 829
827 829 830
831 832 833
831 833 834
835 836 837
835 837 838
839 840 841
839 841 842
843 844 845
843 845 846
847 848 849
847 849 850
851 852 853
851 853 854
855 856 857
855 857 858
859 860 861
859 861 862
863 864 865
863 865 866
867 868 869
867 869 870
871 872 873
871 873 874
875 876 877
875 877 878
879 880 881
882 879 881
880 883 881
884 885 886
885 887 886
887 888 889
890 891 892
893 894 895
896 897 898
899 900 901
902 903 904
905 906 907
908 909 910
911 912 913
914 915 916
917 918 919
920 921 922
923 924 925
926 927 928
926 928 929
930 931 932
933 934 935
936 937 938
939 940 941
942 943 944
945 946 947
948 949 950
951 952 953
954 955 956
957 958 959
960 961 962
963 964 965
966 967 968
969 970 971
972 973 974
975 976 977
978 979 980
981 982 983
981 983 984
983 982 985
983 985 986
985 987 986
985 988 987
989 981 984
989 984 990
991 989 990
991 990 992
993 987 988
993 988 994
995 991 992
995 992 996
997 998 999
1000 1001 997
1000 1002 1001
1003 1000 1004
1005 1006 1007
1005 1008 1006
1005 1009 1008
1009 1010 1008
1009 1011 1010
1011 1012 1010
1011 1013 1012
1013 1014 1012
1013 1015 1014
1015 1016 1014
1015 1017 1016
1017 1018 1016
1017 1019 1018
1019 1020 1018
1020 1021 1018
1020 1022 1021
1023 1024 1025
1023 1025 1026
1025 1027 1026
1025 1028 1027
1027 1028 1029
1027 1029 1030
1031 1024 1023
1031 1032 1024
1033 1032 1031
1033 1031 1034
1035 1030 1029
1035 1029 1036
1037 1035 1036
1037 1036 1038
1039 1033 1034
1039 1040 1033
1039 1041 1040
1041 1042 1040
1039 1043 1041
1041 1043 1044
1044 1043 1045
1045 1043 1039
1045 1039 1046
1047 1045 1046
1047 1046 1048
1049 1045 1047
1044 1045 1049
1050 1044 1049
1051 1050 1049
1051 1049 1052
1049 1047 1052
1053 1052 1047
1053 1051 1052
1053 1054 1051
1050 1055 1044
1044 1055 1056
1044 1056 1057
1041 1044 1057
1058 1059 1054
1058 1054 1060
1059 1058 1061
1058 1062 1061
1058 1063 1062
1060 1063 1058
1064 1059 1061
1063 1060 1065
1047 1065 1060
1047 1066 1065
1067 1068 1069
1067 1069 1070
1070 1069 1071
1070 1071 1072
1072 1071 1073
1072 1073 1074
1075 1068 1067
1075 1076 1068
1077 1076 1075
1077 1075 1078
1074 1073 1079
1074 1079 1080
1080 1079 1081
1080 1081 1082
1083 1084 1078
1083 1085 1084
1083 1086 1085
1083 1087 1086
1088 1089 1090
1088 1090 1091
1092 1089 1088
1092 1093 1089
1094 1093 1092
1094 1095 1093
1096 1095 1094
1096 1097 1095
1091 1090 1098
1091 1098 1099
1099 1098 1100
1099 1100 1101
1102 1097 1096
1102 1103 1097
1104 1105 1106
1104 1106 1107
1105 1108 1106
1105 1109 1108
1110 1104 1107
1110 1107 1111
1112 1110 1111
1112 1111 1113
1114 1112 1113
1114 1113 1115
1116 1114 1115
1116 1117 1114
1109 1118 1108
1109 1119 1118
1120 1121 1122
1120 1122 1123
1124 1125 1126
1124 1126 1127
1126 1128 1127
1126 1129 1128
1128 1129 1130
1128 1130 1131
1132 1125 1124
1132 1133 1125
1134 1133 1132
1134 1135 1133
1136 1131 1130
1136 1137 1131
1138 1135 1134
1138 1139 1135
1140 1141 1142
1143 1140 1144
1143 1144 1145
1146 1147 1143
1148 1149 1150
1148 1150 1151
1148 1151 1152
1152 1151 1153
1152 1153 1154
1154 1153 1155
1154 1155 1156
1156 1155 1157
1156 1157 1158
1158 1157 1159
1158 1159 1160
1160 1159 1161
1160 1161 1162
1162 1161 1163
1163 1161 1164
1163 1164 1165
1166 1167 1168
1166 1168 1169
1168 1167 1170
1168 1170 1171
1170 1172 1171
1170 1173 1172
1174 1166 1169
1174 1169 1175
1176 1174 1175
1176 1177 1174
1178 1172 1173
1178 1179 1172
1180 1179 1178
1180 1181 1179
1182 1177 1176
1182 1176 1183
1182 1183 1184
1184 1183 1185
1182 1184 1186
1184 1187 1186
1187 1188 1186
1188 1182 1186
1188 1189 1182
1190 1189 1188
1190 1191 1189
1192 1190 1188
1187 1192 1188
1193 1192 1187
1194 1192 1193
1194 1195 1192
1192 1195 1190
1196 1190 1195
1196 1195 1194
1196 1194 1197
1193 1187 1198
1187 1199 1198
1187 1200 1199
1184 1200 1187
1201 1202 1197
1201 1197 1203
1203 1204 1201
1201 1204 1205
1201 1205 1206
1202 1201 1206
1207 1204 1203
1206 1208 1202
1190 1202 1208
1190 1208 1209
1210 1211 1212
1210 1212 1213
1211 1214 1212
1211 1215 1214
1215 1216 1214
1215 1217 1216
1218 1210 1213
1218 1213 1219
1220 1218 1219
1220 1221 1218
1217 1222 1216
1217 1223 1222
1223 1224 1222
1223 1225 1224
1226 1221 1227
1226 1227 1228
1226 1228 1229
1226 1229 1230
1231 1232 1233
1231 1233 1234
1235 1231 1234
1235 1234 1236
1237 1235 1236
1237 1236 1238
1239 1237 1238
1239 1238 1240
1232 1241 1233
1232 1242 1241
1242 1243 1241
1242 1244 1243
1245 1239 1240
1245 1240 1246
1247 1248 1249
1247 1249 1250
1250 1249 1251
1250 1251 1252
1253 1248 1247
1253 1254 1248
1255 1254 1253
1255 1256 1254
1257 1256 1255
1257 1258 1256
1259 1258 1257
1259 1257 1260
1252 1251 1261
1252 1261 1262
1263 1264 1265
1263 1265 1266
1267 1268 1269
1270 1271 1272
1273 1274 1275
1276 1277 1278
1279 1280 1281
1282 1283 1284
1285 1286 1287
1288 1289 1290
1291 1292 1293
1291 1293 1294
1295 1296 1297
1298 1299 1300
1301 1302 1303
1304 1305 1306
1307 1308 1309
1310 1311 1312
1313 1314 1315
1316 1317 1318
1319 1320 1321
1322 1323 1324
1325 1326 1327
1328 1329 1330
1331 1332 1333
1331 1333 1334
1335 1336 1337
1335 1337 1338
1339 1338 1337
1339 1340 1338
1339 1341 1340
1339 1342 1341
1342 1343 1341
1344 1345 1346
1345 1347 1346
1345 1348 1347
1348 1349 1347
1348 1350 1349
1350 1351 1349
1350 1352 1351
1353 1354 1355
1353 1355 1356
1356 1355 1357
1356 1357 1358
1359 1354 1353
1359 1353 1360
1361 1362 1359
1361 1359 1363
1364 1362 1365
1364 1365 1366
1367 1364 1366
1367 1368 1364
1369 1370 1368
1371 1370 1369
1371 1372 1370
1369 1368 1373
1374 1375 1376
1374 1376 1377
1378 1375 1374
1378 1379 1375
1380 1379 1378
1380 1378 1381
1382 1380 1381
1382 1383 1380
1384 1383 1382
1384 1382 1385
1386 1384 1385
1386 1387 1384
1388 1387 1386
1388 1389 1387
1390 1389 1388
1390 1391 1389
1392 1393 1394
1392 1394 1395
1396 1393 1392
1396 1397 1393
1398 1397 1396
1398 1396 1399
1400 1401 1399
1400 1402 1401
1403 1404 1400
1403 1400 1405
1406 1403 1405
1406 1407 1403
1408 1409 1406
1408 1410 1409
1411 1410 1408
1411 1412 1410
1413 1414 1415
1413 1415 1416
1414 1417 1415
1414 1418 1417
1418 1419 1417
1418 1420 1419
1420 1421 1419
1420 1422 1421
1422 1423 1421
1422 1424 1423
1424 1425 1423
1424 1426 1425
1426 1427 1425
1426 1428 1427
1428 1429 1427
1428 1430 1429
1431 1432 1433
1431 1433 1434
1435 1436 1437
1435 1437 1438
1439 1440 1441
1439 1441 1442
1440 1443 1444
1440 1444 1445
1443 1446 1447
1443 1447 1448
1449 1450 1451
1449 1451 1452
1453 1454 1451
1453 1455 1454
1456 1457 1454
1456 1458 1457
1459 1460 1461
1459 1461 1462
1460 1463 1464
1460 1464 1465
1463 1466 1467
1463 1467 1468
1466 1469 1467
1466 1470 1469
1471 1472 1473
1471 1473 1474
1475 1476 1473
1475 1477 1476
1478 1479 1476
1478 1480 1479
1480 1481 1479
1480 1482 1481
1483 1484 1485
1483 1485 1486
1487 1488 1489
1487 1489 1490
1491 1492 1493
1491 1493 1494
1492 1495 1496
1492 1496 1497
1495 1498 1499
1495 1499 1500
1498 1501 1502
1498 1502 1503
1501 1504 1502
1501 1505 1504
1506 1507 1508
1506 1508 1509
1510 1511 1508
1510 1512 1511
1513 1514 1511
1513 1515 1514
1516 1517 1514
1516 1518 1517
1518 1519 1517
1518 1520 1519
1520 1521 1522
1520 1522 1523
1524 1525 1522
1524 1526 1525
1527 1528 1529
1527 1529 1530
1528 1531 1532
1528 1532 1533
1534 1535 1536
1534 1536 1537
1535 1538 1536
1535 1539 1538
1540 1534 1537
1540 1537 1541
1540 1541 1542
1539 1543 1538
1539 1544 1543
1544 1545 1543
1544 1546 1545
1547 1545 1546
1547 1546 1548
1549 1540 1542
1549 1542 1550
1551 1549 1550
1551 1550 1552
1553 1552 1554
1553 1554 1555
1556 1555 1554
1556 1557 1555
1556 1558 1557
1556 1559 1558
1560 1557 1558
1560 1561 1557
1561 1560 1562
1561 1562 1563
1564 1563 1562
1565 1566 1567
1565 1567 1568
1566 1569 1567
1566 1570 1569
1571 1566 1565
1571 1572 1566
1572 1570 1566
1571 1573 1572
1571 1574 1573
1575 1574 1571
1575 1576 1574
1572 1573 1577
1572 1577 1578
1572 1578 1570
1575 1571 1579
1571 1565 1579
1578 1577 1580
1578 1580 1581
1570 1578 1581
1581 1580 1582
1581 1582 1583
1584 1583 1582
1584 1585 1583
1586 1585 1584
1586 1587 1585
1586 1588 1587
1586 1589 1588
1588 1589 1590
1588 1590 1591
1592 1591 1590
1592 1590 1593
1594 1592 1593
1591 1592 1595
1591 1595 1596
1596 1588 1591
1597 1595 1592
1597 1592 1594
1585 1598 1583
1581 1583 1598
1581 1598 1599
1599 1598 1600
1598 1601 1600
1598 1602 1601
1602 1603 1601
1602 1604 1603
1604 1605 1603
1604 1606 1605
1607 1605 1606
1607 1606 1596
1607 1596 1595
1599 1600 1608
1585 1602 1598
1587 1604 1602
1587 1602 1585
1587 1606 1604
1587 1588 1606
1596 1606 1588
1570 1581 1599
1569 1570 1599
1569 1599 1608
1605 1607 1609
1603 1605 1610
1610 1605 1609
1611 1610 1609
1610 1611 1612
1610 1612 1613
1613 1612 1614
1613 1614 1615
1615 1614 1616
1615 1616 1617
1612 1618 1614
1612 1619 1618
1619 1620 1618
1619 1621 1620
1622 1621 1619
1622 1619 1612
1622 1612 1611
1622 1623 1621
1614 1618 1624
1614 1624 1616
1616 1624 1625
1616 1625 1626
1617 1616 1626
1626 1625 1627
1627 1628 1626
1626 1628 1629
1629 1628 1630
1631 1630 1628
1628 1627 1631
1630 1631 1632
1626 1629 1633
1629 1630 1634
1630 1635 1634
1630 1636 1635
1635 1636 1637
1635 1637 1638
1639 1638 1637
1639 1640 1638
1640 1639 1641
1640 1641 1642
1641 1643 1642
1641 1644 1643
1643 1644 1645
1643 1645 1646
1647 1643 1646
1647 1642 1643
1647 1646 1648
1635 1568 1634
1640 1568 1638
1568 1635 1638
1640 1649 1568
1640 1642 1649
1647 1650 1642
1642 1650 1649
1651 1648 1646
1651 1652 1648
1653 1651 1646
1653 1646 1654
1654 1646 1645
1655 1654 1645
1656 1644 1641
1656 1641 1657
1658 1656 1657
1658 1659 1656
1658 1657 1660
1658 1660 1661
1656 1659 1662
1656 1662 1663
1662 1664 1663
1662 1665 1664
1666 1661 1660
1666 1667 1661
1639 1666 1660
1657 1641 1639
1657 1639 1660
1639 1637 1666
1644 1656 1663
1644 1663 1645
1668 1645 1663
1668 1655 1645
1666 1637 1636
1666 1636 1669
1667 1666 1669
1630 1669 1636
1630 1632 1669
1632 1670 1669
1669 1670 1671
1667 1669 1671
1667 1672 1661
1673 1674 1675
1673 1675 1676
1674 1673 1677
1678 1677 1673
1674 1677 1679
1680 1673 1676
1680 1681 1673
1673 1681 1678
1682 1674 1679
1682 1679 1609
1679 1677 1622
1677 1623 1622
1677 1678 1623
1679 1622 1611
1611 1609 1679
1674 1682 1683
1674 1683 1675
1675 1683 1684
1675 1684 1685
1684 1686 1685
1684 1687 1686
1607 1682 1609
1607 1688 1682
1607 1595 1688
1689 1688 1595
1688 1689 1682
1682 1689 1683
1689 1595 1597
1689 1597 1690
1690 1597 1594
1690 1594 1691
1692 1690 1691
1693 1692 1691
1693 1691 1694
1692 1695 1690
1696 1692 1693
1696 1697 1692
1698 1695 1692
1698 1692 1697
1699 1698 1697
1699 1700 1698
1698 1700 1701
1698 1701 1702
1695 1698 1702
1703 1699 1697
1697 1696 1703
1700 1704 1701
1705 1700 1699
1705 1706 1700
1707 1706 1705
1707 1708 1706
1706 1708 1709
1706 1709 1710
1711 1706 1710
1712 1700 1706
1712 1706 1711
1712 1711 1713
1712 1714 1700
1700 1714 1704
1714 1715 1704
1714 1716 1715
1710 1709 1717
1717 1709 1718
1719 1717 1718
1719 1718 1720
1719 1720 1721
1717 1722 1710
1722 1723 1710
1723 1724 1710
1725 1724 1723
1725 1726 1724
1727 1726 1725
1728 1726 1727
1675 1727 1725
1729 1675 1725
1675 1685 1727
1729 1676 1675
1729 1725 1730
1730 1731 1729
1730 1732 1731
1733 1734 1735
1734 1733 1736
1736 1733 1737
1733 1738 1737
1738 1733 1739
1733 1740 1739
1733 1741 1740
1733 1742 1741
1742 1743 1741
1742 1744 1743
1744 1745 1743
1744 1746 1745
1746 1747 1745
1746 1748 1747
1748 1749 1747
1748 1750 1749
1751 1749 1750
1752 1753 1754
1752 1754 1707
1755 1753 1703
1753 1699 1703
1753 1705 1699
1756 1757 1758
1756 1758 1759
1758 1760 1761
1758 1761 1762
1761 1763 1762
1761 1764 1763
1765 1763 1764
1765 1764 1766
1767 1756 1768
1767 1768 1769
1770 1771 1772
1773 1774 1775
1773 1776 1774
1773 1777 1776
1773 1775 1778
1773 1778 1779
1780 1779 1781
1780 1781 1782
1780 1782 1783
1784 1785 1786
1786 1787 1788
1786 1788 1789
1785 1787 1790
1791 1792 1793
1791 1793 1794
1795 1792 1791
1795 1796 1792
1793 1797 1794
1793 1798 1797
1799 1797 1798
1799 1798 1800
1801 1796 1795
1801 1802 1796
1803 1802 1801
1803 1804 1802
1805 1804 1803
1805 1803 1806
1805 1806 1807
1805 1807 1808
1807 1809 1808
1809 1810 1808
1809 1811 1810
1799 1800 1812
1813 1799 1812
1814 1815 1813
1814 1816 1815
1817 1815 1816
1817 1816 1818
1818 1819 1817
1818 1820 1819
1819 1820 1821
1819 1821 1822
1814 1813 1823
1824 1825 1826
1824 1826 1827
1828 1829 1830
1828 1830 1831
1832 1833 1834
1832 1834 1835
1836 1837 1838
1836 1838 1839
1840 1841 1842
1840 1842 1843
1844 1845 1841
1844 1841 1846
1847 1848 1844
1847 1849 1848
1848 1850 1851
1848 1851 1852
1853 1854 1855
1853 1855 1856
1857 1854 1853
1855 1858 1856
1855 1859 1858
1858 1859 1860
1858 1860 1861
1862 1861 1860
1862 1860 1863
1862 1863 1864
1862 1864 1865
1866 1865 1864
1866 1867 1865
1868 1867 1866
1868 1869 1867
1869 1868 1870
1869 1870 1871
1872 1871 1870
1872 1873 1871
1873 1872 1874
1873 1874 1875
1876 1875 1874
1876 1877 1875
1877 1876 1878
1877 1878 1879
1879 1878 1880
1881 1879 1880
1881 1880 1882
1869 1883 1867
1867 1884 1885
1867 1885 1886
1887 1888 1889
1887 1889 1890
1891 1887 1890
1891 1892 1887
1892 1891 1893
1892 1893 1894
1893 1895 1894
1893 1896 1895
1897 1895 1896
1897 1898 1895
1899 1898 1897
1899 1900 1898
1901 1902 1903
1901 1903 1904
1905 1906 1904
1905 1904 1907
1905 1907 1908
1905 1908 1909
1908 1910 1909
1908 1911 1910
1912 1913 1910
1912 1914 1913
1913 1914 1915
1913 1915 1916
1915 1917 1916
1915 1918 1917
1918 1919 1917
1918 1920 1919
1920 1921 1919
1920 1922 1921
1923 1921 1922
1923 1924 1921
1925 1924 1923
1925 1923 1926
1927 1925 1926
1927 1928 1925
1929 1928 1927
1929 1930 1928
1931 1930 1929
1931 1929 1932
1931 1932 1933
1931 1933 1934
1935 1934 1933
1935 1936 1934
1937 1936 1935
1937 1935 1938
1937 1938 1939
1937 1939 1940
1941 1940 1939
1941 1939 1942
1941 1942 1943
1941 1943 1944
1943 1945 1946
1943 1946 1947
1945 1948 1946
1945 1949 1948
1949 1950 1948
1949 1951 1950
1952 1950 1951
1952 1953 1950
1954 1955 1956
1954 1956 1957
1956 1955 1958
1956 1958 1959
1959 1960 1956
1956 1961 1957
1961 1956 1857
1960 1962 1956
1963 1956 1962
1857 1956 1963
1964 1965 1966
1964 1966 1967
1964 1968 1965
1964 1969 1968
1970 1967 1966
1970 1966 1971
1970 1971 1972
1970 1972 1973
1974 1968 1969
1974 1975 1968
1974 1976 1975
1974 1977 1976
1972 1978 1973
1972 1979 1978
1980 1981 1982
1980 1982 1983
1984 1985 1986
1984 1986 1987
1988 1989 1990
1988 1990 1991
1992 1993 1994
1992 1994 1995
1994 1993 1996
1997 1998 1999
1997 1999 2000
1997 2001 1998
1997 2002 2001
2003 2004 2005
2003 2005 2006
2007 2008 2009
2010 2011 2012
2010 2012 2013
2014 2013 2015
2014 2015 2016
1617 1626 1633
1617 1633 1569
1617 1569 1608
1608 1615 1617
1608 1600 1615
1600 1613 1615
1600 1601 1613
1567 1569 1633
1601 1603 1613
1603 1610 1613
1633 1629 1567
1567 1629 1634
1568 1567 1634
1568 1649 2017
1565 1568 2017
2018 1565 2017
1565 2018 1579
2019 2020 2021
2019 2021 2022
2023 2024 2025
2023 2025 2026
2027 2028 2029
2030 2031 2027
2032 2030 2027
1691 1594 2033
1691 2033 1694
1594 1593 2033
1695 2034 1690
1695 1702 2034
2034 1689 1690
1702 1683 2034
1689 2034 1683
1702 1701 1683
2035 2036 2037
2035 2037 2038
2035 2038 2039
2035 2039 2040
2041 2042 2043
2041 2043 2044
2044 2043 2045
2044 2045 2046
2047 2046 2045
2047 2048 2046
2042 2041 2049
2042 2049 2050
2049 2051 2050
2049 2052 2051
2052 2053 2051
2052 2054 2053
2055 2047 2045
2055 2056 2047
2057 2047 2056
2047 2057 2058
2058 2048 2059
2051 2060 2050
2060 2042 2050
2060 2061 2042
2042 2061 2062
2042 2062 2043
2043 2062 2063
2043 2063 2045
2051 2064 2060
2053 2065 2064
2065 2053 2066
2053 2064 2051
2053 2067 2066
2053 2054 2067
2068 2048 2058
2069 2070 2071
2069 2071 2072
2072 2071 2073
2072 2073 2074
2075 2070 2069
2075 2076 2070
2077 2076 2075
2077 2078 2076
2079 2078 2077
2079 2080 2078
2081 2080 2079
2081 2082 2080
2083 2082 2081
2083 2084 2082
2074 2085 2086
2074 2086 2087
2088 2089 2090
2088 2090 2091
2091 2090 2092
2091 2092 2093
2092 2094 2093
2092 2095 2094
2096 2097 2098
2099 2096 2098
2098 2097 2100
2100 2097 2101
2101 2097 2102
2103 2101 2102
2104 2105 2106
2104 2106 2107
2108 2109 2110
2108 2110 2111
2112 2110 2109
2112 2109 2113
2112 2113 2114
2112 2114 2115
2115 2114 2116
2117 2118 2119
2119 2118 2120
2119 2120 2121
2121 2120 2122
2121 2122 2123
2123 2122 2124
2123 2124 2125
2126 2127 2128
2126 2128 2129
2127 2130 2128
2127 2131 2130
2132 2126 2129
2132 2133 2126
2134 2135 2132
2134 2132 2136
2137 2138 2136
2137 2139 2138
2140 2139 2137
2140 2137 2141
2142 2143 2141
2142 2141 2144
2145 2142 2144
2145 2144 2146
2147 2148 2149
2147 2149 2150
2151 2147 2150
2151 2150 2152
2153 2151 2152
2153 2154 2151
2155 2154 2153
2155 2153 2156
2157 2155 2156
2157 2158 2155
2159 2158 2157
2159 2157 2160
2161 2159 2160
2161 2160 2162
2163 2161 2162
2163 2162 2164
2165 2166 2167
2165 2167 2168
2169 2165 2168
2169 2168 2170
2171 2169 2170
2171 2172 2169
2173 2172 2174
2173 2174 2175
2176 2177 2173
2176 2173 2178
2179 2177 2176
2179 2176 2180
2181 2179 2182
2181 2182 2183
2184 2181 2183
2184 2183 2185
2186 2187 2188
2186 2188 2189
2189 2188 2190
2189 2190 2191
2191 2190 2192
2191 2192 2193
2193 2192 2194
2193 2194 2195
2195 2194 2196
2195 2196 2197
2197 2196 2198
2197 2198 2199
2199 2198 2200
2199 2200 2201
2201 2200 2202
2201 2202 2203
2204 2205 2206
2204 2206 2207
2208 2209 2210
2208 2210 2211
2212 2213 2214
2212 2214 2215
2215 2216 2217
2215 2217 2218
2218 2219 2220
2218 2220 2221
2222 2223 2224
2222 2224 2225
2226 2224 2227
2226 2227 2228
2229 2227 2230
2229 2230 2231
2232 2233 2234
2232 2234 2235
2235 2236 2237
2235 2237 2238
2238 2239 2240
2238 2240 2241
2241 2240 2242
2241 2242 2243
2244 2245 2246
2244 2246 2247
2248 2246 2249
2248 2249 2250
2251 2249 2252
2251 2252 2253
2253 2252 2254
2253 2254 2255
2256 2257 2258
2256 2258 2259
2260 2261 2262
2260 2262 2263
2264 2265 2266
2264 2266 2267
2267 2268 2269
2267 2269 2270
2270 2271 2272
2270 2272 2273
2273 2274 2275
2273 2275 2276
2276 2275 2277
2276 2277 2278
2279 2280 2281
2279 2281 2282
2283 2281 2284
2283 2284 2285
2286 2284 2287
2286 2287 2288
2289 2287 2290
2289 2290 2291
2291 2290 2292
2291 2292 2293
2293 2294 2295
2293 2295 2296
2297 2295 2298
2297 2298 2299
2300 2301 2302
2300 2302 2303
2303 2304 2305
2303 2305 2306
2307 2308 2309
2307 2309 2310
2310 2309 2311
2310 2311 2312
2313 2308 2307
2313 2314 2308
2312 2311 2315
2312 2315 2316
2316 2315 2317
2316 2317 2318
2319 2318 2317
2319 2320 2318
2321 2314 2313
2322 2321 2313
2322 2323 2321
2324 2323 2322
2324 2325 2323
2326 2327 2325
2326 2328 2327
2329 2327 2328
2329 2328 2330
2329 2330 2331
2329 2331 2332
2333 2331 2330
2333 2330 2334
2334 2335 2333
2334 2336 2335
2337 2335 2336
2338 2339 2340
2338 2340 2341
2341 2340 2342
2341 2342 2343
2344 2338 2341
2344 2341 2345
2345 2341 2343
2344 2345 2346
2344 2346 2347
2348 2344 2347
2348 2347 2349
2345 2350 2346
2345 2351 2350
2345 2343 2351
2348 2352 2344
2344 2352 2338
2351 2353 2350
2351 2354 2353
2343 2354 2351
2354 2355 2353
2354 2356 2355
2357 2355 2356
2357 2356 2358
2359 2357 2358
2359 2358 2360
2359 2360 2361
2359 2361 2362
2361 2363 2362
2361 2364 2363
2365 2363 2364
2365 2366 2363
2367 2366 2365
2364 2368 2365
2364 2369 2368
2369 2364 2361
2370 2367 2365
2370 2365 2368
2358 2356 2371
2354 2371 2356
2354 2372 2371
2372 2373 2371
2371 2373 2374
2371 2374 2375
2375 2374 2376
2375 2376 2377
2377 2376 2378
2377 2378 2379
2380 2369 2379
2380 2379 2378
2380 2368 2369
2372 2381 2373
2358 2371 2375
2360 2358 2375
2360 2375 2377
2360 2377 2379
2360 2379 2361
2369 2361 2379
2343 2372 2354
2342 2381 2372
2342 2372 2343
2378 2382 2380
2376 2383 2378
2383 2382 2378
2384 2382 2383
2383 2385 2384
2383 2386 2385
2386 2387 2385
2386 2388 2387
2388 2389 2387
2388 2390 2389
2385 2387 2391
2385 2391 2392
2392 2391 2393
2392 2393 2394
2395 2392 2394
2395 2384 2385
2395 2385 2392
2395 2394 2396
2387 2389 2397
2387 2397 2391
2389 2398 2397
2389 2399 2398
2390 2399 2389
2399 2400 2398
2400 2399 2401
2399 2402 2401
2402 2403 2401
2404 2401 2403
2401 2404 2400
2403 2405 2404
2399 2406 2402
2402 2407 2403
2403 2407 2408
2403 2408 2409
2408 2410 2409
2408 2411 2410
2412 2410 2411
2412 2411 2413
2413 2414 2412
2413 2415 2414
2414 2415 2416
2414 2416 2417
2416 2418 2417
2416 2419 2418
2420 2419 2416
2420 2416 2415
2420 2421 2419
2408 2407 2339
2413 2411 2339
2339 2411 2408
2413 2339 2422
2413 2422 2415
2420 2415 2423
2415 2422 2423
2424 2419 2421
2424 2421 2425
2426 2419 2424
2426 2427 2419
2427 2418 2419
2428 2418 2427
2429 2414 2417
2429 2430 2414
2431 2430 2429
2431 2429 2432
2431 2433 2430
2431 2434 2433
2429 2435 2432
2429 2436 2435
2435 2436 2437
2435 2437 2438
2439 2433 2434
2439 2434 2440
2412 2433 2439
2430 2433 2412
2430 2412 2414
2412 2439 2410
2417 2436 2429
2417 2418 2436
2441 2436 2418
2441 2418 2428
2439 2409 2410
2439 2442 2409
2440 2442 2439
2403 2409 2442
2403 2442 2405
2405 2442 2443
2442 2444 2443
2440 2444 2442
2440 2434 2445
2446 2447 2448
2446 2448 2449
2449 2450 2446
2446 2450 2451
2449 2452 2450
2453 2447 2446
2453 2446 2454
2451 2454 2446
2455 2452 2449
2455 2382 2452
2456 2448 2447
2384 2452 2382
2452 2384 2395
2452 2395 2457
2449 2448 2458
2449 2458 2455
2448 2459 2458
2448 2460 2459
2459 2460 2461
2459 2461 2462
2380 2382 2455
2380 2455 2463
2380 2463 2368
2464 2368 2463
2463 2455 2464
2455 2458 2464
2464 2370 2368
2464 2465 2370
2465 2367 2370
2465 2466 2367
2467 2466 2465
2468 2466 2467
2468 2469 2466
2467 2465 2470
2471 2468 2467
2471 2467 2472
2473 2472 2467
2473 2467 2470
2474 2472 2473
2474 2473 2475
2473 2476 2475
2473 2477 2476
2470 2477 2473
2472 2474 2478
2478 2471 2472
2475 2476 2479
2480 2474 2475
2480 2475 2481
2482 2480 2481
2482 2481 2483
2481 2484 2483
2481 2485 2484
2486 2485 2481
2487 2481 2475
2487 2486 2481
2487 2488 2486
2487 2475 2489
2475 2479 2489
2489 2479 2490
2489 2490 2491
2485 2492 2484
2492 2493 2484
2494 2493 2492
2494 2495 2493
2494 2496 2495
2492 2485 2497
2497 2485 2498
2498 2485 2499
2500 2498 2499
2500 2499 2501
2502 2500 2501
2503 2502 2501
2448 2500 2502
2448 2502 2460
2456 2500 2448
2456 2504 2500
2504 2456 2505
2504 2505 2506
2507 2508 2509
2509 2510 2507
2510 2511 2507
2507 2511 2512
2512 2513 2507
2507 2513 2514
2507 2514 2515
2507 2515 2516
2516 2515 2517
2516 2517 2518
2518 2517 2519
2518 2519 2520
2520 2519 2521
2520 2521 2522
2522 2521 2523
2522 2523 2524
2525 2524 2523
2526 2482 2527
2526 2527 2528
2529 2478 2528
2528 2478 2474
2528 2474 2480
2530 2531 2532
2530 2532 2533
2532 2534 2535
2535 2534 2536
2535 2536 2537
2538 2537 2536
2538 2539 2537
2532 2535 2540
2541 2542 2530
2541 2543 2542
2544 2545 2546
2547 2548 2549
2548 2550 2551
2548 2551 2552
2549 2553 2552
2554 2555 2556
2554 2556 2557
2558 2554 2557
2558 2557 2559
2556 2555 2560
2556 2560 2561
2562 2561 2560
2562 2563 2561
2564 2558 2559
2564 2559 2565
2566 2564 2565
2566 2565 2567
2568 2566 2567
2568 2569 2566
2568 2570 2569
2568 2571 2570
2570 2571 2572
2572 2571 2573
2572 2573 2574
2562 2575 2563
2576 2575 2562
2577 2576 2578
2577 2578 2579
2580 2579 2578
2580 2581 2579
2581 2580 2582
2581 2582 2583
2582 2584 2583
2582 2585 2584
2577 2586 2576
2587 2588 2589
2587 2589 2590
2591 2592 2593
2591 2593 2594
2595 2596 2597
2595 2597 2598
2599 2600 2601
2599 2601 2602
2603 2604 2605
2603 2605 2606
2607 2608 2606
2607 2606 2609
2610 2607 2611
2610 2611 2612
2611 2613 2614
2611 2614 2615
2616 2617 2618
2616 2618 2619
2620 2616 2619
2618 2617 2621
2618 2621 2622
2621 2623 2622
2621 2624 2623
2625 2623 2624
2625 2626 2623
2625 2627 2626
2625 2628 2627
2629 2627 2628
2629 2628 2630
2631 2629 2630
2631 2630 2632
2632 2633 2631
2632 2634 2633
2635 2633 2634
2635 2634 2636
2636 2637 2635
2636 2638 2637
2639 2637 2638
2639 2638 2640
2640 2641 2639
2640 2642 2641
2642 2643 2641
2644 2643 2642
2644 2645 2643
2632 2630 2646
2647 2648 2649
2647 2649 2650
2651 2648 2647
2651 2647 2652
2652 2653 2651
2652 2654 2653
2653 2654 2655
2653 2655 2656
2657 2656 2655
2657 2655 2658
2659 2657 2658
2659 2658 2660
2661 2662 2663
2661 2663 2664
2665 2666 2662
2665 2667 2666
2665 2668 2667
2667 2668 2669
2667 2669 1912
2665 2662 2670
1911 2669 2671
1911 2671 2672
2671 2673 2672
2671 2674 2673
2673 2674 2675
2673 2675 2676
2676 2675 2677
2676 2677 2678
2678 2677 2679
2678 2679 2680
2681 2680 2679
2681 2679 2682
2683 2681 2682
2683 2684 2681
2685 2684 2683
2685 2683 2686
2687 2685 2686
2687 2686 2688
2689 2687 2688
2689 2690 2687
2689 2691 2690
2689 2692 2691
2693 2691 2692
2693 2692 2694
2695 2693 2694
2695 2696 2693
2695 2697 2696
2695 2698 2697
2699 2697 2698
2699 2700 2697
2699 2701 2700
2699 2702 2701
2701 2703 2704
2701 2704 2705
2705 2704 2706
2705 2706 2707
2707 2706 2708
2707 2708 2709
2710 2709 2708
2710 2708 2711
2712 2713 2714
2712 2715 2713
2713 2716 2714
2713 2717 2716
2717 2713 2718
2713 2715 2719
2719 2620 2713
2718 2713 2720
2721 2720 2713
2620 2721 2713
2722 2723 2724
2722 2724 2725
2722 2725 2726
2722 2726 2727
2728 2724 2723
2728 2729 2724
2728 2730 2729
2728 2731 2730
2732 2727 2726
2732 2726 2733
2732 2733 2734
2732 2734 2735
2730 2731 2736
2730 2736 2737
2738 2739 2740
2738 2740 2741
2742 2743 2744
2742 2744 2745
2630 2746 2747
2630 2747 2748
2749 2750 2751
2749 2751 2752
2753 2754 2755
2753 2755 2756
2755 2757 2756
2758 2759 2760
2758 2760 2761
2758 2761 2762
2758 2762 2763
2764 2765 2766
2764 2766 2767
2768 2769 2770
2771 2772 2773
2771 2773 2774
2775 2776 2772
2775 2777 2776
2778 2779 2780
2778 2780 2781
2390 2406 2399
2390 2342 2406
2390 2381 2342
2381 2390 2388
2381 2388 2373
2373 2388 2386
2373 2386 2374
2374 2386 2376
2376 2386 2383
2406 2342 2340
2340 2402 2406
2340 2407 2402
2339 2407 2340
2339 2782 2422
2338 2782 2339
2783 2782 2338
2338 2352 2783
2784 2785 2786
2784 2786 2787
2788 2789 2790
2788 2790 2791
2792 2793 2794
2795 2792 2796
2797 2792 2795
2466 2469 2798
2466 2798 2367
2367 2798 2366
2470 2465 2799
2470 2799 2477
2799 2465 2464
2477 2799 2458
2464 2458 2799
2477 2458 2476
2800 2801 2802
2800 2802 2803
2801 2804 2802
2801 2805 2804
2806 2804 2805
2806 2805 2807
2803 2808 2800
2803 2809 2808
2808 2809 2810
2808 2810 2811
2811 2810 2812
2811 2812 2813
2814 2804 2806
2814 2806 2815
2816 2815 2806
2806 2817 2816
2817 2818 2807
2819 2809 2803
2810 2809 2819
2819 2803 2820
2803 2821 2820
2803 2802 2821
2802 2822 2821
2802 2804 2822
2810 2819 2823
2812 2810 2823
2812 2823 2824
2824 2825 2812
2812 2825 2826
2812 2826 2813
2827 2817 2807
2828 2829 2830
2828 2830 2831
2829 2832 2830
2829 2833 2832
2834 2828 2831
2834 2831 2835
2836 2834 2835
2836 2835 2837
2838 2836 2837
2838 2837 2839
2840 2838 2839
2840 2839 2841
2842 2840 2841
2842 2841 2843
2833 2844 2845
2833 2845 2846
2847 2848 2849
2847 2849 2850
2848 2851 2849
2848 2852 2851
2851 2852 2853
2851 2853 2854
2855 2856 2857
2858 2856 2855
2856 2859 2857
2859 2860 2857
2860 2861 2857
2862 2861 2860
2863 2864 2865
2863 2865 2866
2867 2864 2863
2867 2863 2868
2869 2870 2866
2869 2871 2870
2871 2872 2870
2871 2873 2872
2874 2875 2876
2874 2876 2877
2878 2875 2874
2878 2879 2875
2880 2879 2878
2880 2881 2879
2882 2881 2880
2882 2883 2881
2884 2883 2882
2884 2885 2883
2886 2885 2884
2886 2887 2885
2888 2887 2886
2888 2889 2887
2890 2889 2888
2890 2891 2889
2892 2893 2894
2895 2896 2897
2898 2899 2900
2898 2900 2901
2902 2899 2898
2902 2903 2899
2901 2900 2904
2901 2904 2905
2905 2904 2906
2905 2906 2907
2908 2907 2906
2908 2909 2907
2902 2910 2903
2902 2911 2910
2912 2910 2911
2912 2913 2910
2914 2913 2912
2914 2915 2913
2916 2917 2914
2916 2918 2917
2919 2918 2916
2919 2916 2920
2921 2919 2920
2921 2920 2922
2923 2921 2922
2923 2924 2921
2925 2926 2924
2925 2924 2927
2928 2926 2929
2928 2929 2930
2931 2928 2930
2931 2932 2928
2933 2932 2931
2933 2931 2934
2935 2933 2934
2935 2936 2933
2937 2936 2935
2937 2938 2936
2939 2938 2937
2939 2937 2940
2941 2939 2940
2941 2940 2942
2943 2941 2942
2943 2942 2944
2945 2943 2944
2945 2944 2946
2947 2945 2946
2948 2949 2950
2948 2950 2951
2950 2949 2952
2950 2952 2953
2954 2948 2951
2954 2951 2955
2956 2954 2955
2956 2957 2954
2956 2958 2957
2959 2953 2952
2959 2952 2960
2959 2960 2961
2959 2961 2962
2962 2961 2963
2962 2963 2964
2964 2963 2965
2964 2965 2966
2964 2966 2967
2964 2967 2968
2956 2969 2958
2970 2958 2969
2970 2971 2958
2971 2972 2958
2972 2971 2973
2971 2974 2973
2974 2975 2973
2974 2976 2975
2976 2977 2975
2978 2970 2979
2978 2979 2980
2978 2980 2981
2982 2978 2981
2978 2982 2983
2984 2968 2985
2968 2984 2986
2987 2972 2957
2988 2986 2964
2989 2990 2983
2989 2983 2991
2992 2989 2991
2992 2993 2989
2992 2994 2993
2995 2996 2997
2995 2997 2998
2997 2999 2998
2997 3000 2999
3000 3001 3002
3000 3002 3003
3004 3002 3001
3004 3005 3002
3006 3007 3008
3006 3008 3009
3008 3010 3009
3008 3011 3010
3010 3011 3012
3006 3013 3007
3006 3014 3013
3014 3015 3013
3014 3016 3015
3017 3018 3008
3017 3008 3019
3008 3018 3020
3008 3020 3021
3020 3022 3021
3017 3019 3023
3017 3023 3024
3024 3023 3025
3024 3025 3026
3027 3028 3029
3027 3029 3030
3031 3030 3029
3031 3032 3030
3033 3028 3027
3033 3034 3028
3027 3030 3035
3027 3035 3036
3037 3035 3030
3037 3030 3038
3039 3027 3036
3039 3036 3040
3041 3042 3043
3041 3043 3044
3045 3041 3044
3045 3044 3046
3042 3047 3043
3042 3048 3047
3048 3049 3047
3048 3050 3049
3051 3049 3050
3051 3050 3052
3045 3046 3053
3045 3053 3054
3055 3054 3053
3055 3053 3056
3057 3055 3056
3057 3056 2917
3058 3057 2915
3058 2915 3059
3060 3058 3059
3060 3061 3058
3062 3061 3060
3062 3063 3061
3064 3063 3062
3064 3062 3065
3066 3067 3065
3066 3065 3068
3069 3070 3068
3069 3071 3070
3072 3071 3069
3072 3069 3073
3074 3072 3073
3074 3075 3072
3076 3075 3074
3076 3074 3077
3078 3076 3077
3078 3077 3079
3080 3078 3079
3080 3081 3078
3082 3081 3080
3082 3083 3081
3084 3083 3082
3084 3085 3083
3086 3085 3084
3086 3087 3085
3088 3087 3086
3089 3090 3091
3089 3091 3092
3091 3093 3092
3091 3094 3093
3095 3090 3089
3095 3096 3090
3097 3096 3095
3097 3095 3098
3097 3098 3099
3100 3093 3094
3100 3101 3093
3100 3102 3101
3100 3103 3102
3103 3104 3102
3103 3105 3104
3105 3106 3104
3105 3107 3106
3105 3108 3107
3105 3109 3108
3097 3099 3110
3111 3110 3099
3111 3099 3112
3112 3099 3113
3113 3114 3112
3112 3114 3115
3115 3114 3116
3115 3116 3117
3117 3116 3118
3119 3120 3111
3119 3121 3120
3119 3122 3121
3123 3122 3119
3119 3124 3123
3125 3126 3109
3109 3127 3125
3128 3098 3113
3129 3105 3127
3130 3131 3124
3132 3131 3130
3132 3130 3133
3130 3124 3134
3132 3133 3135
3136 3137 3138
3136 3138 3139
3138 3137 3140
3138 3140 3141
3141 3142 3143
3141 3143 3144
3145 3144 3143
3145 3143 3146
3147 3148 3149
3147 3149 3150
3150 3149 3151
3150 3151 3152
3152 3151 3153
3153 3154 3152
3153 3155 3154
3156 3155 3153
3156 3157 3155
3155 3158 3154
3155 3159 3158
3157 3159 3155
3157 3160 3159
3161 3160 3157
3161 3162 3160
3154 3158 3163
3154 3163 3164
3164 3163 3165
3164 3165 3166
3167 3161 3157
3167 3157 3156
3167 3156 3168
3169 3167 3168
3169 3168 3170
3169 3170 3171
3169 3171 3172
3172 3171 3173
3172 3173 3174
3175 3176 3177
3175 3177 3178
3179 3180 3181
3179 3181 3182
3183 3181 3180
3183 3184 3181
3183 3185 3184
3183 3186 3185
3186 3187 3185
3186 3188 3187
3189 3190 3191
3192 3189 3191
3189 3193 3190
3194 3191 3190
3194 3195 3191
3194 3196 3195
3194 3197 3196
3196 3197 3198
3196 3198 3199
3200 3201 3202
3203 3200 3202
3204 3200 3203
3204 3205 3200
3204 3206 3205
3204 3207 3206
3208 3206 3207
3208 3209 3206
3203 3202 3210
3211 3212 3213
3211 3213 3214
3214 3213 3215
3214 3215 3216
3216 3215 3217
3216 3217 3218
3218 3217 3219
3218 3219 3220
3220 3219 3221
3220 3221 3222
3222 3221 3223
3222 3223 3224
3224 3223 3225
3224 3225 3226
3226 3225 3227
3226 3227 3228
3229 3230 3231
3231 3230 3232
3232 3230 3233
3233 3234 3235
3235 3230 3236
3236 3230 3237
3237 3230 3238
3238 3230 3239
3240 3241 3230
3241 3242 3230
3242 3243 3230
3243 3244 3230
3244 3245 3230
3245 3246 3230
3246 3247 3230
3247 3248 3230
3249 3250 3251
3249 3251 3252
3253 3254 3255
3253 3255 3256
3257 3256 3255
3257 3255 3258
3257 3258 3259
3257 3259 3260
3260 3259 3261
3260 3261 3262
3263 3264 3265
3266 3264 3263
3267 3265 3264
3267 3264 3268
3267 3268 3269
3267 3269 3270
3269 3271 3270
3269 3272 3271
3273 3274 3275
3276 3277 3278
3279 3277 3276
3280 3279 3276
3280 3276 3281
3280 3281 3282
3280 3282 3283
3284 3283 3282
3284 3282 3285
3279 3286 3277
3287 3288 3289
3287 3289 3290
3288 3291 3289
3288 3292 3291
3292 3293 3291
3293 3292 3294
3293 3294 3295
3296 3293 3295
3296 3295 3297
3295 3294 3298
3295 3298 3299
3297 3295 3299
3297 3299 3300
3301 3297 3300
3301 3300 3302
3294 3303 3298
3294 3304 3303
3304 3305 3303
3304 3306 3305
3307 3296 3297
3307 3297 3301
3307 3308 3296
3309 3308 3307
3309 3310 3308
3309 3311 3310
3309 3312 3311
3312 3313 3311
3312 3314 3313
3315 3316 3317
3315 3317 3318
3316 3319 3320
3316 3320 3321
3319 3322 3320
3319 3323 3322
3323 3324 3322
3323 3325 3324
3325 3326 3324
3325 3327 3326
3327 3328 3329
3327 3329 3330
3328 3331 3332
3328 3332 3333
3331 3334 3332
3331 3335 3334
3336 3337 3338
3339 3340 3341
3342 3343 3344
3345 3346 3347
3348 3349 3350
3351 3352 3353
3354 3355 3356
3357 3358 3359
3360 3361 3362
3360 3362 3363
3364 3365 3366
3367 3368 3369
3370 3371 3372
3373 3374 3375
3376 3377 3378
3379 3380 3381
3382 3383 3384
3385 3386 3387
3388 3389 3390
3391 3392 3393
3394 3395 3396
3397 3398 3399
3400 3401 3402
3400 3402 3403
3403 3402 3404
3403 3404 3405
3405 3404 3406
3405 3406 3407
3407 3406 3408
3407 3408 3409
3409 3408 3410
3409 3410 3411
3411 3410 3412
3411 3412 3413
3413 3412 3414
3413 3414 3415
3415 3414 3416
3415 3416 3417
3418 3417 3416
3418 3416 3419
3420 3421 3401
3420 3401 3400
3422 3423 3424
3422 3424 3425
3426 3423 3422
3426 3427 3423
3428 3427 3426
3428 3429 3427
3430 3429 3428
3430 3431 3429
3432 3433 3430
3432 3430 3434
3435 3436 3437
3435 3437 3438
3439 3440 3438
3439 3441 3440
3442 3443 3444
3442 3444 3445
3446 3447 3444
3446 3448 3447
3449 3450 3451
3449 3451 3452
3451 3453 3452
3454 3455 3452
3454 3456 3455
3457 3458 3455
3459 3460 3455
3459 3461 3460
3461 3462 3460
3461 3463 3462
3463 3464 3462
3463 3465 3464
3466 3467 3468
3466 3468 3469
3470 3471 3472
3470 3473 3471
3470 3474 3473
3474 3475 3473
3474 3476 3475
3476 3477 3475
3476 3478 3477
3478 3479 3477
3478 3480 3479
3480 3481 3479
3480 3482 3481
3482 3483 3481
3482 3484 3483
3483 3485 3481
3486 3487 3488
3486 3488 3489
3490 3491 3492
3490 3492 3493
3490 3493 3494
3490 3494 3495
3496 3497 3491
3496 3498 3497
3499 3498 3496
3499 3496 3495
3500 3501 3502
3500 3502 3503
3504 3501 3505
3504 3505 3506
3507 3508 3509
3507 3509 3510
3511 3509 3512
3511 3512 3513
3514 3515 3516
3516 3515 3517
3514 3516 3518
3515 3519 3520
3519 3521 3520
3522 3519 3523
3519 3524 3525
3524 3526 3525
3526 3524 3527
3526 3527 3528
3528 3527 3529
3528 3529 3530
3531 3532 3533
3531 3533 3534
3535 3536 3537
3535 3537 3538
3539 3535 3538
3539 3538 3540
3541 3539 3540
3541 3540 3542
3543 3541 3542
3543 3542 3544
3545 3546 3543
3545 3543 3547
3548 3549 3550
3548 3550 3551
3552 3553 3554
3552 3554 3555
3556 3557 3558
3556 3558 3559
3560 3561 3562
3560 3562 3563
3564 3565 3566
3564 3566 3567
3568 3569 3570
3568 3570 3571
3572 3573 3574
3572 3574 3575
3576 3577 3578
3576 3578 3579
3580 3581 3582
3580 3582 3583
3584 3585 3586
3584 3586 3587
3588 3589 3590
3588 3590 3591
3592 3593 3594
3592 3594 3595
3596 3597 3598
3596 3598 3599
3600 3601 3602
3600 3602 3603
3604 3605 3606
3604 3606 3607
3608 3609 3610
3608 3610 3611
3612 3613 3614
3615 3613 3612
3616 3613 3615
3617 3613 3616
3618 3613 3617
3619 3613 3618
3620 3613 3619
3613 3620 3621
3613 3622 3614
3622 3613 3623
3623 3613 3624
3624 3613 3625
3625 3613 3626
3626 3613 3621
3627 3628 3629
3630 3628 3627
3631 3628 3630
3632 3628 3631
3633 3628 3632
3628 3633 3634
3628 3635 3629
3635 3628 3636
3636 3628 3637
3637 3628 3638
3638 3628 3639
3640 3628 3634
3641 3628 3640
3642 3628 3641
3643 3644 3645
3643 3645 3646
3647 3648 3649
3647 3649 3650
3651 3652 3650
3651 3650 3653
3654 3655 3656
3654 3656 3657
3658 3654 3659
3658 3659 3660
3661 3662 3658
3661 3658 3663
3664 3665 3666
3664 3666 3667
3668 3669 3670
3668 3670 3671
3672 3673 3674
3672 3674 3675
3676 3677 3678
3676 3678 3679
3680 3681 3682
3680 3682 3683
3684 3681 3685
3684 3685 3686
3684 3686 3687
3684 3687 3688
3689 3690 3691
3689 3691 3692
3693 3694 3695
3693 3695 3696
3697 3698 3699
3697 3699 3700
3701 3702 3703
3701 3703 3704
3705 3706 3707
3705 3707 3708
3709 3710 3711
3709 3711 3712
3713 3714 3715
3713 3715 3716
3717 3718 3719
3717 3719 3720
3721 3722 3723
3721 3723 3724
