byte offset: 0
first index: 0
index count: 15282
topology: trianglelist
format: DXGI_FORMAT_R16_UINT

0 1 2
0 2 3
4 3 2
3 4 5
1 6 2
7 2 6
8 7 6
7 8 9
10 5 4
5 10 11
12 11 10
10 13 12
13 10 14
15 13 14
13 15 16
16 15 17
17 18 16
18 17 19
20 21 22
20 22 23
24 23 22
23 24 25
21 26 22
27 22 26
28 27 26
27 28 29
30 25 24
25 30 31
32 31 30
30 33 32
33 30 34
35 33 34
33 35 36
36 35 37
37 38 36
38 37 39
40 41 42
40 42 43
44 43 42
43 44 45
41 46 42
47 42 46
48 47 46
47 48 49
50 45 44
45 50 51
52 51 50
50 53 52
53 50 54
55 53 54
53 55 56
56 55 57
57 58 56
58 57 59
60 61 62
60 62 63
64 63 62
63 64 65
61 66 62
67 62 66
68 67 66
67 68 69
70 65 64
65 70 71
72 71 70
70 73 72
73 70 74
75 73 74
73 75 76
76 75 77
77 78 76
78 77 79
80 81 82
80 82 83
84 83 82
83 84 85
81 86 82
87 82 86
88 87 86
87 88 89
90 85 84
85 90 91
92 91 90
90 93 92
93 90 94
95 93 94
93 95 96
96 95 97
97 98 96
98 97 99
100 101 102
100 102 103
104 103 102
103 104 105
101 106 102
107 102 106
108 107 106
107 108 109
110 105 104
105 110 111
112 111 110
110 113 112
113 110 114
115 113 114
113 115 116
116 115 117
117 118 116
118 117 119
120 121 122
120 122 123
124 123 122
123 124 125
121 126 122
127 122 126
128 127 126
127 128 129
130 125 124
125 130 131
132 131 130
130 133 132
133 130 134
135 133 134
133 135 136
136 135 137
137 138 136
138 137 139
140 141 142
140 142 143
144 143 142
143 144 145
141 146 142
147 142 146
148 147 146
147 148 149
150 145 144
145 150 151
152 151 150
150 153 152
153 150 154
155 153 154
153 155 156
156 155 157
157 158 156
158 157 159
160 161 162
160 162 163
164 163 162
163 164 165
161 166 162
167 162 166
168 167 166
167 168 169
170 165 164
165 170 171
172 171 170
170 173 172
173 170 174
175 173 174
173 175 176
176 175 177
177 178 176
178 177 179
180 181 182
180 182 183
184 183 182
183 184 185
181 186 182
187 182 186
188 187 186
187 188 189
190 185 184
185 190 191
192 191 190
190 193 192
193 190 194
195 193 194
193 195 196
196 195 197
197 198 196
198 197 199
200 201 202
200 202 203
204 203 202
203 204 205
201 206 202
207 202 206
208 207 206
207 208 209
210 205 204
205 210 211
212 211 210
210 213 212
213 210 214
215 213 214
213 215 216
216 215 217
217 218 216
218 217 219
220 221 222
220 222 223
224 223 222
223 224 225
221 226 222
227 222 226
228 227 226
227 228 229
230 225 224
225 230 231
232 231 230
230 233 232
233 230 234
235 233 234
233 235 236
236 235 237
237 238 236
238 237 239
240 241 242
243 242 241
243 241 244
245 242 243
240 242 245
243 246 245
246 243 247
246 247 248
246 248 249
249 248 250
250 251 249
252 253 254
253 252 255
256 257 258
257 256 259
260 261 262
261 260 263
264 265 266
265 264 267
268 269 270
269 268 271
272 273 274
273 272 275
274 276 272
276 274 277
278 279 280
279 278 281
279 282 280
282 279 283
284 285 286
287 285 284
287 288 285
288 287 289
289 290 288
290 289 291
291 292 290
292 291 293
294 292 293
292 294 295
296 297 298
299 296 298
298 300 299
301 299 300
298 297 302
298 302 303
304 305 306
304 307 305
308 307 304
308 309 307
310 309 308
310 311 309
310 312 311
310 313 312
312 313 314
315 314 313
314 315 316
317 316 315
316 317 318
317 319 318
319 317 320
321 322 323
322 321 324
324 325 322
325 324 326
327 328 329
328 327 330
331 332 333
332 331 334
335 336 337
336 335 338
339 340 341
340 339 342
343 342 339
342 343 344
345 344 343
344 345 346
345 347 346
347 345 348
348 349 347
349 348 350
350 351 349
351 350 352
353 351 352
351 353 354
355 341 340
341 355 356
355 357 356
355 358 357
358 355 359
358 359 360
361 360 359
362 361 359
361 362 363
363 364 361
365 366 367
366 365 368
369 366 368
366 369 370
371 370 369
370 371 372
373 372 371
372 373 374
375 374 373
374 375 376
377 365 367
365 377 378
377 379 378
379 377 380
380 381 379
380 382 381
380 383 382
382 383 384
384 383 385
384 385 386
386 385 387
388 389 390
389 388 391
392 393 394
393 392 395
396 397 398
398 397 399
396 398 400
401 396 400
402 403 404
405 406 407
408 409 410
410 409 411
412 410 411
409 413 411
414 415 416
417 418 419
417 419 420
421 422 423
422 421 424
425 426 427
426 425 428
429 430 431
430 429 432
433 434 435
434 433 436
437 438 439
438 437 440
441 442 443
442 441 444
445 446 447
446 445 448
449 450 451
450 449 452
453 454 455
454 453 456
457 458 459
458 457 460
461 462 463
462 461 464
465 462 464
462 465 466
465 467 466
467 465 468
469 470 471
470 469 472
473 474 475
474 473 476
477 478 479
478 477 480
481 482 483
482 481 484
485 486 487
486 485 488
489 490 491
490 489 492
493 494 495
494 493 496
497 498 499
498 497 500
501 502 503
502 501 504
505 506 507
506 505 508
509 510 511
510 509 512
513 514 515
514 513 516
517 518 519
518 517 520
521 522 523
522 521 524
525 526 527
526 525 528
529 530 531
530 529 532
533 534 535
534 533 536
537 538 539
538 537 540
541 542 543
542 541 544
545 546 547
546 545 548
549 550 551
550 549 552
553 554 555
554 553 556
557 558 559
558 557 560
561 562 563
562 561 564
565 566 567
566 565 568
569 570 571
570 569 572
573 574 575
576 573 575
573 576 577
573 578 574
578 573 579
574 580 575
580 574 581
582 583 584
583 582 585
586 587 588
589 590 591
592 593 594
593 592 595
596 595 592
595 596 597
598 597 596
599 598 596
598 599 600
601 602 603
603 604 601
604 603 605
602 601 606
607 608 609
609 610 607
611 612 613
612 611 614
615 616 617
616 615 618
619 620 621
620 619 622
623 624 625
624 623 626
627 628 629
628 627 630
631 632 633
632 631 634
635 636 637
636 638 637
639 640 641
640 639 642
643 644 645
646 643 645
647 648 649
650 647 649
648 651 649
652 653 654
655 652 654
652 655 656
657 658 659
658 657 660
661 662 663
662 661 664
665 666 667
666 665 668
668 669 666
670 671 672
673 674 675
673 676 674
676 673 677
678 673 675
673 678 679
680 675 674
675 680 681
682 683 684
683 682 685
686 687 688
689 690 691
692 693 694
693 692 695
695 696 693
696 695 697
698 696 697
698 699 696
699 698 700
701 702 703
704 702 701
702 704 705
703 706 701
707 708 709
708 707 710
711 712 713
712 711 714
715 716 717
716 715 718
719 720 721
720 719 722
723 724 725
724 723 726
727 728 729
728 727 730
731 732 733
732 731 734
735 736 737
737 736 738
739 740 741
740 739 742
743 744 745
746 744 743
747 748 749
750 748 747
749 748 751
752 753 754
752 755 753
755 752 756
757 758 759
758 757 760
761 762 763
762 761 764
765 766 767
766 765 768
767 766 769
770 771 772
773 774 775
776 775 774
776 777 775
778 776 774
773 778 774
776 778 779
779 780 776
779 781 780
779 782 781
782 783 781
783 782 784
785 786 787
786 785 788
789 790 791
790 789 792
793 794 795
794 793 796
797 798 799
798 797 800
801 802 803
802 801 804
805 806 807
806 805 808
809 808 805
808 809 810
811 812 813
812 811 814
815 812 814
812 815 816
817 818 819
820 817 819
821 820 819
820 821 822
823 822 821
822 823 824
825 824 823
824 825 826
825 827 826
827 825 828
829 830 831
832 830 829
830 832 833
834 833 832
830 835 831
830 836 835
837 838 839
837 839 840
841 837 840
841 840 842
843 841 842
843 842 844
843 844 845
843 845 846
845 847 846
847 848 846
848 847 849
849 850 848
850 849 851
852 850 851
850 852 853
854 855 856
855 854 857
858 857 854
857 858 859
860 861 862
861 860 863
864 865 866
865 864 867
868 869 870
869 868 871
872 873 874
873 872 875
875 876 873
876 875 877
877 878 876
878 877 879
880 878 879
878 880 881
882 881 880
881 882 883
884 883 882
883 884 885
884 886 885
886 884 887
874 888 872
888 874 889
888 889 890
888 890 891
891 892 888
891 893 892
894 892 893
894 895 892
895 894 896
896 894 897
898 899 900
899 898 901
899 902 900
902 899 903
903 904 902
904 903 905
905 906 904
906 905 907
907 908 906
908 907 909
898 910 901
910 898 911
912 910 911
910 912 913
913 912 914
913 914 915
913 915 916
915 917 916
917 918 916
917 919 918
919 920 918
921 922 923
922 921 924
925 926 927
926 925 928
929 930 931
930 932 931
929 933 930
934 933 929
935 936 937
938 939 940
941 942 943
942 944 943
945 944 942
943 944 946
947 948 949
950 951 952
950 953 951
954 955 956
955 954 957
958 959 960
959 958 961
962 963 964
963 962 965
966 967 968
967 966 969
970 971 972
971 970 973
974 975 976
975 974 977
978 979 980
979 978 981
982 983 984
983 982 985
986 987 988
987 986 989
990 991 992
991 990 993
994 995 996
995 994 997
994 998 997
998 994 999
1000 998 999
998 1000 1001
1002 1003 1004
1003 1002 1005
1006 1007 1008
1007 1006 1009
1010 1011 1012
1011 1010 1013
1014 1015 1016
1015 1014 1017
1018 1019 1020
1019 1018 1021
1022 1023 1024
1023 1022 1025
1026 1027 1028
1027 1026 1029
1030 1031 1032
1031 1030 1033
1034 1035 1036
1035 1034 1037
1038 1039 1040
1039 1038 1041
1042 1043 1044
1043 1042 1045
1046 1047 1048
1047 1046 1049
1050 1051 1052
1051 1050 1053
1054 1055 1056
1055 1054 1057
1058 1059 1060
1059 1058 1061
1062 1063 1064
1063 1062 1065
1066 1067 1068
1067 1066 1069
1070 1071 1072
1071 1070 1073
1074 1075 1076
1075 1074 1077
1078 1079 1080
1079 1078 1081
1082 1083 1084
1083 1082 1085
1086 1087 1088
1087 1086 1089
1090 1091 1092
1091 1090 1093
1094 1095 1096
1095 1094 1097
1098 1099 1100
1099 1098 1101
1102 1103 1104
1103 1102 1105
1106 1107 1108
1107 1106 1109
1110 1111 1112
1111 1110 1113
1114 1113 1110
1113 1114 1115
1116 1112 1111
1112 1116 1117
1118 1117 1116
1117 1118 1119
1114 1120 1115
1120 1114 1121
1121 1122 1120
1120 1123 1115
1123 1120 1124
1122 1125 1120
1126 1127 1128
1127 1126 1129
1128 1130 1126
1130 1128 1131
1132 1133 1134
1133 1132 1135
1132 1136 1135
1136 1132 1137
1138 1134 1133
1134 1138 1139
1140 1141 1142
1141 1140 1143
1144 1145 1146
1145 1144 1147
1148 1149 1150
1149 1148 1151
1152 1151 1148
1151 1152 1153
1154 1150 1149
1150 1154 1155
1156 1155 1154
1155 1156 1157
1158 1159 1160
1159 1158 1161
1162 1160 1159
1160 1162 1163
1158 1164 1161
1164 1158 1165
1166 1167 1168
1167 1166 1169
1170 1171 1172
1171 1170 1173
1174 1175 1176
1175 1174 1177
1178 1174 1176
1174 1178 1179
1178 1180 1179
1180 1178 1181
1182 1183 1184
1183 1182 1185
1186 1187 1188
1187 1186 1189
1190 1191 1192
1191 1190 1193
1194 1192 1191
1192 1194 1195
1196 1197 1198
1197 1196 1199
1200 1201 1202
1201 1200 1203
1204 1205 1206
1205 1204 1207
1208 1209 1210
1209 1208 1211
1212 1213 1214
1213 1212 1215
1215 1216 1213
1216 1215 1217
1214 1218 1212
1218 1214 1219
1219 1220 1218
1220 1219 1221
1222 1216 1217
1216 1222 1223
1223 1222 1224
1225 1222 1217
1222 1225 1226
1224 1222 1227
1228 1229 1230
1229 1228 1231
1232 1231 1228
1231 1232 1233
1234 1235 1236
1235 1234 1237
1238 1234 1236
1234 1238 1239
1237 1240 1235
1240 1237 1241
1242 1243 1244
1243 1242 1245
1246 1247 1248
1247 1246 1249
1250 1251 1252
1251 1250 1253
1253 1254 1251
1254 1253 1255
1252 1256 1250
1256 1252 1257
1257 1258 1256
1258 1257 1259
1260 1261 1262
1261 1260 1263
1262 1264 1260
1264 1262 1265
1266 1261 1263
1261 1266 1267
1268 1269 1270
1269 1268 1271
1272 1273 1274
1273 1272 1275
1276 1277 1278
1277 1276 1279
1276 1280 1279
1280 1276 1281
1282 1280 1281
1280 1282 1283
1284 1285 1286
1285 1284 1287
1288 1289 1290
1289 1288 1291
1292 1293 1294
1293 1292 1295
1294 1296 1292
1296 1294 1297
1298 1299 1300
1299 1298 1301
1302 1303 1304
1303 1302 1305
1306 1307 1308
1307 1306 1309
1310 1311 1312
1311 1310 1313
1314 1312 1311
1315 1314 1311
1314 1315 1316
1316 1315 1317
1318 1313 1310
1313 1318 1319
1320 1319 1318
1319 1320 1321
1322 1319 1321
1323 1324 1325
1324 1323 1326
1327 1323 1325
1323 1327 1328
1329 1328 1327
1328 1329 1330
1331 1324 1326
1324 1331 1332
1333 1334 1335
1336 1333 1335
1333 1336 1337
1337 1338 1333
1338 1337 1339
1337 1340 1339
1340 1337 1341
1342 1338 1339
1336 1335 1343
1344 1336 1343
1345 1346 1347
1346 1345 1348
1348 1349 1346
1349 1348 1350
1351 1349 1350
1349 1351 1352
1353 1354 1355
1354 1353 1356
1357 1358 1359
1358 1357 1360
1361 1362 1363
1362 1361 1364
1365 1366 1367
1366 1365 1368
1369 1370 1371
1370 1369 1372
1373 1374 1375
1374 1373 1376
1377 1378 1379
1378 1377 1380
1381 1382 1383
1383 1384 1381
1384 1383 1385
1386 1384 1385
1384 1386 1387
1388 1387 1386
1387 1388 1389
1390 1389 1388
1389 1390 1391
1391 1390 1392
1393 1394 1395
1394 1393 1396
1397 1394 1396
1397 1398 1394
1398 1397 1399
1399 1400 1398
1395 1401 1393
1401 1395 1402
1402 1403 1401
1403 1402 1404
1405 1404 1402
1406 1407 1408
1407 1406 1409
1407 1410 1408
1410 1407 1411
1411 1412 1410
1412 1411 1413
1406 1414 1409
1414 1406 1415
1416 1417 1418
1416 1419 1417
1419 1416 1420
1421 1420 1416
1420 1421 1422
1423 1420 1422
1420 1423 1424
1425 1422 1421
1419 1426 1417
1427 1426 1419
1428 1429 1430
1429 1428 1431
1432 1430 1429
1430 1432 1433
1432 1434 1433
1434 1432 1435
1436 1437 1438
1437 1436 1439
1440 1441 1442
1441 1440 1443
1444 1445 1446
1445 1444 1447
1448 1449 1450
1449 1448 1451
1452 1453 1454
1453 1452 1455
1456 1457 1458
1457 1456 1459
1460 1461 1462
1461 1460 1463
1464 1465 1466
1467 1465 1464
1465 1467 1468
1467 1469 1468
1469 1467 1470
1470 1471 1469
1471 1470 1472
1472 1473 1471
1473 1472 1474
1474 1475 1473
1476 1477 1478
1477 1476 1479
1480 1481 1482
1481 1480 1483
1484 1485 1486
1485 1484 1487
1488 1489 1490
1489 1488 1491
1492 1493 1494
1495 1492 1494
1496 1497 1498
1497 1496 1499
1500 1501 1502
1501 1500 1503
1504 1505 1506
1505 1504 1507
1508 1509 1510
1509 1508 1511
1512 1513 1514
1513 1512 1515
1516 1517 1518
1519 1517 1516
1520 1521 1522
1521 1520 1523
1524 1525 1526
1525 1524 1527
1528 1529 1530
1531 1528 1530
1528 1531 1532
1533 1528 1532
1528 1533 1534
1530 1529 1535
1535 1536 1530
1536 1535 1537
1535 1538 1537
1539 1540 1541
1539 1541 1542
1540 1543 1541
1540 1544 1543
1543 1544 1545
1544 1546 1545
1546 1544 1547
1548 1549 1550
1550 1551 1548
1551 1552 1548
1553 1551 1550
1554 1553 1550
1555 1556 1557
1556 1555 1558
1559 1560 1561
1560 1559 1562
1563 1564 1565
1564 1563 1566
1567 1568 1569
1568 1567 1570
1571 1572 1573
1572 1571 1574
1575 1576 1577
1576 1575 1578
1579 1580 1581
1580 1579 1582
1583 1584 1585
1584 1583 1586
1583 1585 1587
1588 1587 1585
1587 1588 1589
1590 1589 1588
1589 1590 1591
1590 1592 1591
1592 1590 1593
1594 1595 1596
1595 1594 1597
1598 1599 1600
1601 1602 1603
1602 1601 1604
1605 1606 1607
1606 1605 1608
1609 1608 1605
1608 1609 1610
1609 1611 1610
1611 1609 1612
1608 1610 1613
1608 1613 1614
1615 1614 1613
1616 1617 1618
1619 1620 1621
1620 1619 1622
1623 1624 1625
1624 1623 1626
1627 1628 1629
1628 1627 1630
1631 1632 1633
1632 1631 1634
1635 1633 1632
1633 1635 1636
1634 1631 1637
1637 1631 1638
1637 1638 1639
1640 1641 1642
1643 1644 1645
1644 1646 1645
1647 1648 1649
1648 1647 1650
1651 1652 1653
1652 1651 1654
1655 1656 1657
1656 1655 1658
1656 1659 1657
1659 1656 1660
1660 1661 1659
1661 1660 1662
1663 1664 1665
1664 1663 1666
1667 1668 1669
1670 1671 1672
1671 1670 1673
1674 1675 1676
1675 1674 1677
1678 1679 1680
1681 1682 1683
1684 1685 1686
1685 1684 1687
1688 1689 1690
1689 1688 1691
1692 1693 1694
1693 1692 1695
1696 1697 1698
1699 1700 1701
1702 1703 1704
1703 1702 1705
1706 1707 1708
1707 1706 1709
1710 1711 1712
1711 1710 1713
1714 1715 1716
1715 1714 1717
1718 1716 1715
1719 1718 1715
1719 1720 1718
1719 1721 1720
1721 1719 1722
1723 1724 1725
1724 1723 1726
1727 1728 1729
1730 1728 1727
1727 1731 1730
1732 1731 1727
1727 1733 1732
1728 1734 1729
1734 1728 1735
1735 1736 1734
1734 1736 1737
1738 1739 1740
1738 1741 1739
1740 1739 1742
1740 1742 1743
1742 1744 1743
1745 1743 1744
1743 1745 1746
1747 1748 1749
1748 1747 1750
1750 1747 1751
1752 1748 1750
1753 1748 1752
1754 1755 1756
1755 1754 1757
1758 1759 1760
1759 1758 1761
1762 1763 1764
1763 1762 1765
1766 1767 1768
1767 1766 1769
1770 1771 1772
1771 1770 1773
1774 1775 1776
1775 1774 1777
1778 1779 1780
1779 1778 1781
1782 1783 1784
1783 1782 1785
1783 1786 1784
1786 1787 1784
1787 1786 1788
1788 1789 1787
1789 1788 1790
1791 1789 1790
1789 1791 1792
1793 1794 1795
1794 1793 1796
1797 1798 1799
1800 1801 1802
1801 1800 1803
1804 1805 1806
1806 1807 1804
1808 1804 1807
1807 1809 1808
1810 1808 1809
1808 1810 1811
1807 1812 1809
1807 1813 1812
1814 1812 1813
1815 1816 1817
1818 1819 1820
1819 1818 1821
1822 1823 1824
1823 1822 1825
1826 1827 1828
1827 1826 1829
1830 1831 1832
1831 1830 1833
1833 1834 1831
1834 1833 1835
1832 1836 1830
1836 1837 1830
1836 1838 1837
1839 1840 1841
1842 1843 1844
1844 1843 1845
1846 1847 1848
1847 1846 1849
1850 1851 1852
1851 1850 1853
1854 1855 1856
1855 1854 1857
1858 1855 1857
1855 1858 1859
1860 1859 1858
1859 1860 1861
1862 1863 1864
1863 1862 1865
1866 1867 1868
1869 1870 1871
1870 1869 1872
1873 1874 1875
1874 1873 1876
1877 1878 1879
1880 1881 1882
1883 1884 1885
1884 1883 1886
1887 1888 1889
1888 1887 1890
1891 1892 1893
1892 1891 1894
1895 1896 1897
1898 1899 1900
1901 1902 1903
1902 1901 1904
1905 1906 1907
1906 1905 1908
1909 1910 1911
1910 1909 1912
1913 1914 1915
1914 1913 1916
1917 1918 1919
1919 1920 1917
1920 1919 1921
1922 1923 1924
1923 1922 1925
1926 1927 1928
1927 1926 1929
1930 1931 1932
1931 1930 1933
1934 1931 1933
1931 1934 1935
1930 1932 1936
1937 1930 1936
1938 1939 1940
1939 1938 1941
1942 1939 1941
1939 1942 1943
1943 1942 1944
1945 1943 1944
1945 1944 1946
1947 1941 1938
1941 1947 1948
1949 1945 1946
1950 1949 1946
1951 1949 1950
1949 1951 1952
1953 1954 1955
1954 1953 1956
1957 1958 1959
1958 1957 1960
1959 1961 1957
1961 1959 1962
1963 1964 1965
1964 1963 1966
1967 1968 1969
1968 1967 1970
1971 1972 1973
1972 1971 1974
1975 1976 1977
1976 1975 1978
1979 1980 1981
1980 1979 1982
1983 1984 1985
1986 1984 1983
1984 1986 1987
1988 1989 1990
1989 1988 1991
1992 1993 1994
1993 1992 1995
1996 1997 1998
1997 1996 1999
1997 2000 1998
2000 1997 2001
1996 2002 1999
2003 2002 1996
2004 2005 2006
2005 2004 2007
2004 2008 2007
2008 2004 2009
2009 2010 2008
2011 2010 2009
2011 2012 2010
2012 2011 2013
2007 2014 2005
2014 2007 2015
2016 2012 2013
2013 2017 2016
2017 2013 2018
2019 2020 2021
2020 2019 2022
2023 2021 2020
2021 2023 2024
2025 2022 2019
2022 2025 2026
2027 2028 2029
2028 2027 2030
2031 2032 2033
2032 2031 2034
2035 2036 2037
2036 2035 2038
2037 2039 2035
2039 2037 2040
2040 2041 2039
2041 2040 2042
2042 2043 2041
2043 2042 2044
2045 2043 2044
2046 2043 2045
2047 2046 2045
2047 2048 2046
2048 2047 2049
2050 2051 2052
2051 2050 2053
2054 2052 2051
2055 2052 2054
2052 2055 2056
2057 2056 2055
2056 2057 2058
2059 2058 2057
2058 2059 2060
2061 2062 2063
2062 2061 2064
2065 2064 2061
2064 2065 2066
2067 2066 2065
2066 2067 2068
2069 2068 2067
2068 2069 2070
2071 2070 2069
2072 2071 2069
2073 2071 2072
2074 2073 2072
2073 2074 2075
2076 2077 2078
2077 2076 2079
2080 2077 2079
2079 2081 2080
2081 2079 2082
2082 2083 2081
2083 2082 2084
2084 2085 2083
2085 2084 2086
2087 2088 2089
2088 2087 2090
2091 2092 2093
2092 2091 2094
2095 2096 2097
2096 2095 2098
2099 2100 2101
2102 2103 2100
2103 2102 2104
2105 2106 2107
2108 2109 2110
2111 2112 2113
2114 2115 2116
2117 2118 2119
2120 2118 2117
2118 2121 2119
2121 2122 2119
2121 2123 2122
2122 2123 2124
2124 2123 2125
2126 2125 2123
2125 2126 2127
2127 2126 2128
2126 2129 2128
2128 2129 2130
2129 2131 2130
2131 2129 2132
2133 2132 2129
2134 2135 2120
2135 2134 2136
2137 2135 2136
2137 2138 2135
2138 2137 2139
2139 2140 2138
2140 2139 2141
2141 2142 2140
2140 2142 2143
2143 2144 2140
2145 2144 2143
2146 2147 2148
2149 2147 2146
2147 2149 2150
2148 2151 2146
2152 2146 2151
2153 2152 2151
2154 2155 2156
2157 2158 2159
2157 2160 2158
2161 2158 2160
2159 2158 2162
2162 2158 2163
2164 2165 2166
2164 2166 2167
2168 2167 2166
2167 2168 2169
2170 2169 2168
2169 2170 2171
2170 2172 2171
2173 2172 2170
2173 2170 2174
2175 2165 2164
2176 2165 2175
2177 2174 2170
2168 2178 2170
2170 2178 2177
2177 2178 2179
2180 2179 2178
2178 2168 2180
2166 2180 2168
2179 2180 2181
2182 2181 2180
2181 2182 2183
2184 2183 2182
2183 2184 2185
2186 2185 2184
2186 2184 2176
2185 2186 2187
2188 2187 2186
2187 2188 2189
2188 2186 2190
2186 2176 2190
2191 2188 2190
2188 2191 2192
2192 2189 2188
2192 2193 2189
2183 2194 2181
2194 2183 2195
2185 2195 2183
2196 2194 2195
2195 2197 2196
2197 2195 2198
2187 2198 2185
2195 2185 2198
2199 2197 2198
2198 2187 2199
2199 2189 2193
2189 2199 2187
2197 2199 2200
2193 2200 2199
2200 2193 2201
2194 2196 2202
2203 2201 2193
2203 2193 2192
2204 2194 2202
2194 2204 2205
2206 2205 2204
2206 2207 2205
2205 2207 2179
2181 2205 2179
2205 2181 2194
2207 2208 2179
2207 2209 2208
2210 2209 2207
2210 2207 2206
2209 2210 2211
2212 2209 2211
2209 2212 2213
2209 2213 2208
2213 2214 2208
2208 2214 2177
2208 2177 2179
2214 2215 2177
2215 2174 2177
2173 2174 2215
2210 2216 2211
2212 2211 2216
2216 2210 2217
2216 2218 2212
2216 2219 2218
2217 2219 2216
2218 2219 2220
2217 2221 2219
2219 2221 2222
2219 2222 2220
2223 2221 2217
2206 2223 2217
2206 2204 2223
2223 2224 2221
2225 2221 2224
2221 2225 2226
2221 2226 2222
2224 2227 2225
2227 2224 2228
2228 2229 2227
2229 2228 2230
2230 2231 2229
2231 2230 2232
2232 2233 2231
2233 2232 2234
2233 2235 2231
2236 2235 2233
2233 2237 2236
2237 2233 2234
2237 2234 2238
2231 2239 2229
2231 2235 2239
2240 2228 2224
2228 2240 2241
2241 2230 2228
2240 2196 2241
2197 2241 2196
2241 2197 2242
2242 2232 2230
2230 2241 2242
2197 2243 2242
2232 2242 2243
2234 2243 2238
2243 2234 2232
2243 2197 2200
2200 2238 2243
2238 2200 2201
2196 2240 2202
2224 2223 2240
2203 2238 2201
2203 2237 2238
2240 2204 2202
2204 2240 2223
2239 2244 2245
2244 2246 2245
2246 2247 2245
2246 2248 2247
2248 2249 2247
2249 2248 2250
2250 2251 2249
2251 2250 2252
2251 2252 2253
2254 2251 2253
2254 2255 2251
2222 2251 2255
2226 2249 2251
2251 2222 2226
2249 2226 2225
2225 2247 2249
2247 2225 2227
2227 2245 2247
2245 2227 2229
2239 2245 2229
2256 2222 2255
2254 2256 2255
2220 2222 2256
2256 2257 2220
2257 2218 2220
2218 2257 2258
2256 2259 2257
2256 2260 2259
2260 2256 2261
2218 2258 2262
2263 2218 2262
2264 2260 2261
2264 2265 2260
2266 2267 2268
2267 2266 2269
2269 2270 2267
2270 2269 2271
2268 2272 2266
2272 2268 2273
2274 2275 2276
2275 2274 2277
2278 2276 2275
2276 2278 2279
2280 2281 2282
2281 2280 2283
2284 2285 2286
2285 2284 2287
2288 2289 2290
2289 2288 2291
2292 2291 2293
2292 2293 2294
2295 2292 2294
2295 2294 2296
2297 2298 2299
2298 2297 2300
2301 2302 2303
2302 2301 2304
2305 2306 2307
2308 2309 2310
2309 2308 2311
2310 2309 2312
2312 2313 2310
2313 2312 2314
2315 2313 2314
2313 2316 2310
2308 2310 2316
2309 2317 2312
2318 2312 2317
2312 2318 2314
2317 2319 2318
2320 2318 2319
2318 2320 2321
2314 2321 2315
2321 2314 2318
2322 2316 2313
2315 2323 2313
2323 2322 2313
2323 2324 2322
2322 2325 2316
2325 2326 2316
2325 2327 2326
2327 2325 2328
2329 2328 2325
2326 2327 2330
2308 2326 2330
2308 2316 2326
2330 2311 2308
2330 2327 2331
2332 2331 2327
2327 2328 2332
2331 2332 2333
2332 2334 2333
2334 2332 2335
2335 2328 2329
2328 2335 2332
2329 2325 2336
2336 2325 2322
2336 2322 2324
2337 2338 2192
2191 2337 2192
2339 2340 2341
2340 2339 2342
2343 2344 2345
2344 2343 2346
2347 2348 2349
2348 2347 2350
2351 2352 2353
2352 2351 2354
2355 2352 2354
2352 2355 2356
2357 2351 2353
2351 2357 2358
2357 2359 2358
2359 2357 2360
2361 2362 2363
2362 2361 2364
2361 2365 2364
2365 2361 2366
2367 2368 2369
2368 2367 2370
2371 2372 2373
2372 2371 2374
2375 2376 2377
2376 2375 2378
2379 2380 2381
2380 2379 2382
2383 2384 2385
2384 2383 2386
2387 2388 2389
2388 2387 2390
2391 2392 2393
2392 2391 2394
2180 2166 2182
2165 2182 2166
2182 2165 2184
2176 2184 2165
2395 2396 2397
2396 2395 2398
2399 2400 2401
2400 2402 2401
2402 2400 2403
2404 2399 2401
2399 2404 2405
2404 2406 2405
2406 2404 2407
2406 2407 2408
2409 2408 2407
2408 2409 2410
2411 2412 2413
2412 2411 2414
2415 2416 2417
2418 2419 2417
2419 2418 2420
2421 2422 2423
2424 2425 2426
2427 2428 2429
2430 2431 2432
2433 2434 2435
2436 2433 2435
2435 2434 2437
2437 2434 2438
2437 2438 2439
2438 2440 2439
2440 2441 2439
2441 2442 2439
2442 2441 2443
2443 2444 2442
2442 2444 2445
2444 2446 2445
2445 2446 2447
2447 2448 2445
2449 2445 2448
2450 2451 2436
2451 2450 2452
2453 2452 2450
2454 2453 2450
2453 2454 2455
2456 2455 2454
2455 2456 2457
2457 2456 2458
2456 2459 2458
2459 2456 2460
2461 2459 2462
2463 2464 2465
2465 2466 2463
2466 2465 2467
2464 2463 2468
2469 2468 2463
2470 2468 2469
2471 2472 2473
2474 2475 2476
2474 2476 2477
2478 2477 2476
2475 2479 2476
2479 2480 2476
2481 2482 2483
2482 2481 2484
2485 2484 2481
2484 2485 2486
2487 2483 2482
2483 2487 2488
2489 2490 2491
2490 2489 2492
2492 2493 2490
2493 2492 2494
2495 2496 2497
2496 2495 2498
2499 2500 2501
2500 2499 2502
2503 2504 2505
2504 2503 2506
2507 2508 2506
2507 2509 2508
2510 2509 2507
2510 2511 2509
2512 2513 2514
2513 2512 2515
2516 2517 2518
2517 2516 2519
2520 2521 2522
2521 2520 2523
2524 2520 2522
2525 2237 2526
2236 2237 2525
2527 2528 2529
2528 2527 2530
2531 2532 2533
2532 2531 2534
2535 2536 2537
2536 2535 2538
2539 2540 2541
2540 2539 2542
2543 2544 2545
2544 2543 2546
2547 2548 2549
2548 2547 2550
2551 2552 2553
2552 2551 2554
2555 2556 2557
2556 2555 2558
2559 2560 2561
2560 2559 2562
2563 2564 2565
2564 2563 2566
2210 2206 2217
2567 2568 2569
2568 2567 2570
2571 2572 2573
2572 2571 2574
2571 2573 2575
2576 2577 2578
2577 2576 2579
2580 2581 2582
2581 2580 2583
2583 2584 2581
2584 2583 2585
2586 2587 2588
2587 2589 2588
2587 2590 2589
2591 2592 2593
2592 2591 2594
2595 2596 2597
2596 2595 2598
2599 2598 2595
2598 2599 2600
2601 2600 2599
2600 2601 2602
2603 2604 2605
2604 2603 2606
2607 2606 2603
2606 2607 2608
2609 2610 2611
2610 2609 2612
2613 2614 2615
2614 2613 2616
2617 2618 2619
2618 2617 2620
2621 2622 2623
2622 2621 2624
2625 2626 2627
2626 2625 2628
2626 2629 2627
2629 2626 2630
2630 2631 2629
2631 2630 2632
2631 2632 2633
2634 2635 2636
2636 2635 2637
2638 2637 2635
2638 2639 2637
2639 2638 2640
2636 2637 2641
2642 2641 2637
2641 2642 2643
2634 2644 2645
2645 2644 2646
2647 2646 2644
2647 2648 2646
2648 2647 2649
2645 2646 2650
2651 2650 2646
2650 2651 2652
2653 2654 2655
2654 2653 2656
2657 2658 2659
2660 2658 2657
2658 2660 2661
2661 2660 2662
2663 2664 2665
2664 2663 2666
2667 2668 2669
2667 2670 2668
2667 2669 2671
2672 2670 2667
2667 2673 2674
2667 2675 2673
2667 2674 2676
2677 2675 2667
2667 2678 2679
2667 2680 2678
2667 2679 2681
2682 2680 2667
2667 2683 2684
2667 2685 2683
2667 2684 2686
2687 2685 2667
2667 2688 2689
2667 2690 2688
2667 2689 2691
2692 2690 2667
2667 2693 2694
2667 2695 2693
2667 2694 2696
2697 2695 2667
2698 2699 2700
2699 2698 2701
2702 2699 2701
2699 2702 2703
2700 2704 2698
2704 2700 2705
2706 2707 2708
2707 2706 2709
2710 2711 2712
2711 2710 2713
2714 2715 2716
2715 2714 2717
2718 2719 2720
2719 2718 2721
2722 2720 2719
2720 2722 2723
2722 2724 2723
2724 2722 2725
2726 2727 2728
2727 2726 2729
2730 2731 2732
2730 2733 2731
2733 2730 2734
2735 2736 2737
2736 2735 2738
2739 2740 2741
2740 2739 2742
2743 2744 2745
2744 2743 2746
2747 2748 2749
2748 2747 2750
2751 2752 2753
2754 2755 2756
2755 2754 2757
2758 2759 2760
2759 2758 2761
2761 2758 2762
2763 2764 2765
2764 2763 2766
2765 2764 2767
2768 2769 2770
2769 2768 2771
2772 2773 2774
2773 2772 2775
2776 2777 2778
2777 2776 2779
2777 2780 2778
2780 2777 2781
2781 2782 2780
2782 2781 2783
2782 2783 2784
2785 2786 2787
2786 2785 2788
2789 2790 2791
2792 2790 2789
2790 2792 2793
2793 2792 2794
2795 2796 2797
2796 2795 2798
2799 2800 2801
2800 2799 2802
2803 2800 2802
2800 2803 2804
2801 2805 2799
2805 2801 2806
2807 2808 2809
2808 2807 2810
2811 2812 2813
2812 2811 2814
2815 2816 2817
2816 2815 2818
2819 2820 2821
2820 2819 2822
2823 2821 2820
2821 2823 2824
2823 2825 2824
2825 2823 2826
2827 2828 2829
2828 2827 2830
2831 2832 2833
2831 2834 2832
2834 2831 2835
2836 2837 2838
2837 2836 2839
2840 2841 2842
2841 2840 2843
2844 2845 2846
2845 2844 2847
2848 2849 2850
2849 2848 2851
2852 2853 2854
2855 2856 2857
2856 2855 2858
2859 2860 2861
2860 2859 2862
2862 2859 2863
2864 2865 2866
2865 2864 2867
2866 2865 2868
2869 2870 2871
2870 2869 2872
2873 2874 2875
2874 2873 2876
2877 2878 2879
2878 2877 2880
2878 2881 2879
2881 2878 2882
2882 2883 2881
2883 2882 2884
2883 2884 2885
2634 2886 2887
2887 2886 2888
2889 2888 2886
2889 2890 2888
2890 2889 2891
2887 2888 2892
2893 2892 2888
2892 2893 2894
2634 2895 2896
2896 2895 2897
2898 2897 2895
2898 2899 2897
2899 2898 2900
2896 2897 2901
2902 2901 2897
2901 2902 2903
2904 2905 2906
2905 2904 2907
2908 2909 2910
2911 2909 2908
2909 2911 2912
2912 2911 2913
2914 2915 2916
2915 2914 2917
2918 2919 2920
2919 2918 2921
2922 2919 2921
2919 2922 2923
2920 2924 2918
2924 2920 2925
2926 2927 2928
2927 2926 2929
2930 2931 2932
2931 2930 2933
2934 2935 2936
2935 2934 2937
2938 2939 2940
2939 2938 2941
2942 2940 2939
2940 2942 2943
2942 2944 2943
2944 2942 2945
2946 2947 2948
2947 2946 2949
2950 2951 2952
2950 2953 2951
2953 2950 2954
2955 2956 2957
2956 2955 2958
2959 2960 2961
2960 2959 2962
2963 2964 2965
2964 2963 2966
2967 2968 2969
2968 2967 2970
2971 2972 2973
2974 2975 2976
2975 2974 2977
2978 2979 2980
2979 2978 2981
2981 2978 2982
2983 2984 2985
2984 2983 2986
2985 2984 2987
2988 2989 2990
2989 2988 2991
2992 2993 2994
2993 2992 2995
2996 2997 2998
2997 2996 2999
2997 3000 2998
3000 2997 3001
3001 3002 3000
3002 3001 3003
3002 3003 3004
3005 3006 3007
3006 3005 3008
3009 3010 3011
3012 3010 3009
3010 3012 3013
3013 3012 3014
3015 3016 3017
3016 3015 3018
3019 3020 3021
3020 3019 3022
3023 3020 3022
3020 3023 3024
3021 3025 3019
3025 3021 3026
3027 3028 3029
3028 3027 3030
3031 3032 3033
3032 3031 3034
3035 3036 3037
3036 3035 3038
3039 3040 3041
3040 3039 3042
3043 3041 3040
3041 3043 3044
3043 3045 3044
3045 3043 3046
3047 3048 3049
3048 3047 3050
3051 3052 3053
3051 3054 3052
3054 3051 3055
3056 3057 3058
3057 3056 3059
3060 3061 3062
3061 3060 3063
3064 3065 3066
3065 3064 3067
3068 3069 3070
3069 3068 3071
3072 3073 3074
3075 3076 3077
3076 3075 3078
3079 3080 3081
3080 3079 3082
3082 3079 3083
3084 3085 3086
3085 3084 3087
3086 3085 3088
3089 3090 3091
3090 3089 3092
3093 3094 3095
3094 3093 3096
3097 3098 3099
3098 3097 3100
3098 3101 3099
3101 3098 3102
3102 3103 3101
3103 3102 3104
3103 3104 3105
2634 3106 3107
3107 3106 3108
3109 3108 3106
3109 3110 3108
3110 3109 3111
3107 3108 3112
3113 3112 3108
3112 3113 3114
2634 3115 3116
3116 3115 3117
3118 3117 3115
3118 3119 3117
3119 3118 3120
3116 3117 3121
3122 3121 3117
3121 3122 3123
3124 3125 3126
3125 3124 3127
3128 3129 3130
3131 3129 3128
3129 3131 3132
3132 3131 3133
3134 3135 3136
3135 3134 3137
3138 3139 3140
3139 3138 3141
3142 3139 3141
3139 3142 3143
3140 3144 3138
3144 3140 3145
3146 3147 3148
3147 3146 3149
3150 3151 3152
3151 3150 3153
3154 3155 3156
3155 3154 3157
3158 3159 3160
3159 3158 3161
3162 3160 3159
3160 3162 3163
3162 3164 3163
3164 3162 3165
3166 3167 3168
3167 3166 3169
3170 3171 3172
3170 3173 3171
3173 3170 3174
3175 3176 3177
3176 3175 3178
3179 3180 3181
3180 3179 3182
3183 3184 3185
3184 3183 3186
3187 3188 3189
3188 3187 3190
3191 3192 3193
3194 3195 3196
3195 3194 3197
3198 3199 3200
3199 3198 3201
3201 3198 3202
3203 3204 3205
3204 3203 3206
3205 3204 3207
3208 3209 3210
3209 3208 3211
3212 3213 3214
3213 3212 3215
3216 3217 3218
3217 3216 3219
3217 3220 3218
3220 3217 3221
3221 3222 3220
3222 3221 3223
3222 3223 3224
3225 3226 3227
3226 3225 3228
3229 3230 3231
3232 3230 3229
3230 3232 3233
3233 3232 3234
3235 3236 3237
3236 3235 3238
3239 3240 3241
3240 3239 3242
3243 3240 3242
3240 3243 3244
3241 3245 3239
3245 3241 3246
3247 3248 3249
3248 3247 3250
3251 3252 3253
3252 3251 3254
3255 3256 3257
3256 3255 3258
3259 3260 3261
3260 3259 3262
3263 3261 3260
3261 3263 3264
3263 3265 3264
3265 3263 3266
3267 3268 3269
3268 3267 3270
3271 3272 3273
3271 3274 3272
3274 3271 3275
3276 3277 3278
3277 3276 3279
3280 3281 3282
3281 3280 3283
3284 3285 3286
3285 3284 3287
3288 3289 3290
3289 3288 3291
3292 3293 3294
3295 3296 3297
3296 3295 3298
3299 3300 3301
3300 3299 3302
3302 3299 3303
3304 3305 3306
3305 3304 3307
3306 3305 3308
3309 3310 3311
3310 3309 3312
3313 3314 3315
3314 3313 3316
3317 3318 3319
3318 3317 3320
3320 3321 3318
3321 3320 3322
3322 3323 3321
3323 3322 3324
3325 3326 3327
3326 3325 3328
3329 3325 3327
3325 3329 3330
3331 3332 3333
3332 3331 3334
3333 3335 3331
3335 3333 3336
3336 3337 3335
3337 3336 3338
3339 3340 3341
3340 3339 3342
3343 3344 3345
3346 3343 3345
3347 3343 3346
3348 3343 3347
3349 3343 3348
3350 3343 3349
3351 3343 3350
3352 3343 3351
3353 3343 3352
3343 3353 3354
3343 3355 3344
3356 3355 3343
3357 3356 3343
3358 3357 3343
3359 3358 3343
3360 3359 3343
3361 3360 3343
3362 3361 3343
3363 3362 3343
3343 3354 3363
3364 3365 3366
3365 3364 3367
3365 3368 3366
3365 3369 3368
3364 3370 3367
3367 3370 3371
3372 3373 3374
3373 3372 3375
3376 3377 3378
3377 3376 3379
3380 3376 3378
3376 3380 3381
3382 3383 3384
3383 3382 3385
3386 3387 3388
3387 3386 3389
3390 3391 3392
3391 3390 3393
3394 3395 3396
3395 3394 3397
3398 3399 3400
3399 3398 3401
3402 3403 3404
3403 3402 3405
3406 3407 3408
3406 3409 3407
3409 3406 3410
3409 3410 3411
3411 3412 3409
3412 3411 3413
3414 3410 3406
3410 3414 3415
3416 3417 3418
3417 3416 3419
3420 3421 3422
3421 3420 3423
3424 3425 3426
3425 3424 3427
3428 3429 3430
3429 3428 3431
3432 3433 3434
3433 3432 3435
3436 3437 3438
3437 3436 3439
3440 3441 3442
3441 3440 3443
3444 3445 3446
3445 3444 3447
3448 3449 3450
3449 3448 3451
3452 3453 3454
3453 3452 3455
3453 3456 3454
3456 3453 3457
3457 3458 3456
3458 3457 3459
3460 3461 3462
3461 3460 3463
3464 3460 3462
3460 3464 3465
3466 3467 3468
3467 3466 3469
3470 3471 3472
3471 3470 3473
3474 3475 3476
3475 3474 3477
3478 3476 3475
3476 3478 3479
3479 3480 3476
3480 3479 3481
3482 3478 3475
3478 3482 3483
3484 3485 3486
3485 3484 3487
3488 3489 3490
3489 3488 3491
3490 3492 3488
3492 3490 3493
3494 3492 3493
3492 3494 3495
3488 3496 3491
3496 3488 3497
3492 3497 3488
3497 3492 3498
3492 3499 3498
3499 3492 3495
3500 3501 3502
3500 3503 3501
3503 3504 3501
3504 3503 3505
3503 3500 3506
3503 3506 3507
3500 3502 3508
3502 3509 3508
3509 3502 3510
3511 3509 3510
3512 3511 3510
3511 3512 3513
3509 3511 3514
3511 3515 3514
3516 3517 3518
3516 3519 3517
3516 3520 3519
3521 3520 3516
3521 3522 3520
3523 3522 3521
3524 3523 3521
3523 3524 3525
3526 3527 3528
3527 3526 3529
3530 3531 3532
3531 3530 3533
3533 3534 3531
3534 3533 3535
3535 3536 3534
3536 3535 3537
3537 3538 3536
3538 3537 3539
3540 3541 3542
3541 3540 3543
3544 3545 3546
3545 3544 3547
3548 3545 3547
3545 3548 3549
3548 3550 3549
3550 3548 3551
3544 3546 3552
3553 3552 3546
3552 3553 3554
3551 3555 3550
3550 3555 3556
3556 3555 3557
3558 3559 3560
3559 3558 3561
3562 3563 3564
3562 3565 3563
3563 3565 3566
3565 3567 3566
3567 3568 3566
3568 3569 3566
3569 3568 3570
3570 3571 3569
3572 3573 3574
3575 3573 3572
3573 3575 3576
3575 3577 3576
3577 3575 3578
3578 3579 3577
3580 3581 3582
3581 3580 3583
3582 3584 3580
3584 3582 3585
3586 3585 3582
3585 3586 3587
3588 3583 3580
3584 3588 3580
3583 3588 3589
3588 3584 3590
3590 3591 3588
3591 3590 3592
3593 3594 3595
3594 3596 3595
3596 3594 3597
3598 3596 3597
3596 3598 3599
3600 3599 3598
3601 3602 3603
3604 3605 3606
3605 3604 3607
3608 3609 3610
3609 3608 3611
3612 3613 3614
3613 3612 3615
3616 3617 3618
3618 3617 3619
3619 3617 3620
3620 3617 3621
3620 3621 3622
3623 3624 3625
3624 3623 3626
3627 3628 3629
3628 3627 3630
3627 3631 3630
3631 3627 3632
3633 3634 3635
3636 3637 3638
3637 3636 3639
3636 3640 3639
3640 3636 3641
3642 3643 3644
3643 3642 3645
3646 3644 3643
3644 3646 3647
3648 3647 3646
3647 3648 3649
3650 3651 3652
3651 3650 3653
3654 3653 3650
3653 3654 3655
3656 3655 3654
3655 3656 3657
3658 3659 3660
3659 3658 3661
3662 3663 3664
3663 3662 3665
3662 3664 3666
3667 3668 3669
3670 3667 3669
3667 3670 3671
3667 3671 3672
3667 3673 3668
3673 3667 3674
3675 3676 3677
3676 3675 3678
3679 3680 3681
3680 3679 3682
3683 3684 3685
3684 3683 3686
3687 3688 3689
3688 3687 3690
3691 3687 3689
3687 3691 3692
3693 3688 3690
3688 3693 3694
3695 3694 3693
3694 3695 3696
3697 3698 3699
3698 3697 3700
3701 3702 3703
3702 3701 3704
3705 3706 3707
3706 3705 3708
3709 3710 3711
3710 3709 3712
3709 3711 3713
3714 3715 3716
3717 3714 3716
3714 3717 3718
3714 3718 3719
3714 3720 3715
3720 3714 3721
3722 3723 3724
3723 3722 3725
3726 3727 3728
3727 3726 3729
3730 3731 3732
3731 3730 3733
3734 3735 3736
3735 3734 3737
3738 3734 3736
3734 3738 3739
3740 3735 3737
3735 3740 3741
3742 3741 3740
3741 3742 3743
3744 3745 3746
3745 3744 3747
3748 3749 3750
3749 3748 3751
3752 3753 3754
3753 3752 3755
3756 3757 3758
3757 3756 3759
3756 3758 3760
3761 3762 3763
3764 3761 3763
3761 3764 3765
3761 3765 3766
3761 3767 3762
3767 3761 3768
3769 3770 3771
3770 3769 3772
3773 3774 3775
3774 3773 3776
3777 3778 3779
3778 3777 3780
3781 3782 3783
3782 3781 3784
3785 3781 3783
3781 3785 3786
3787 3782 3784
3782 3787 3788
3789 3788 3787
3788 3789 3790
3791 3792 3793
3792 3791 3794
3795 3796 3797
3796 3795 3798
3799 3800 3801
3800 3799 3802
3803 3804 3805
3804 3803 3806
3803 3805 3807
3808 3809 3810
3811 3808 3810
3808 3811 3812
3808 3812 3813
3808 3814 3809
3814 3808 3815
3816 3817 3818
3817 3816 3819
3820 3821 3822
3821 3820 3823
3824 3825 3826
3825 3824 3827
3828 3829 3830
3829 3828 3831
3832 3828 3830
3828 3832 3833
3834 3829 3831
3829 3834 3835
3836 3835 3834
3835 3836 3837
3838 3839 3840
3839 3838 3841
3842 3843 3844
3843 3842 3845
3846 3847 3848
3847 3846 3849
3850 3851 3852
3851 3850 3853
3850 3852 3854
3855 3856 3857
3858 3855 3857
3855 3858 3859
3855 3859 3860
3855 3861 3856
3861 3855 3862
3863 3864 3865
3864 3863 3866
3867 3868 3869
3868 3867 3870
3871 3872 3873
3872 3871 3874
3875 3876 3877
3876 3875 3878
3879 3875 3877
3875 3879 3880
3881 3876 3878
3876 3881 3882
3883 3882 3881
3882 3883 3884
3885 3886 3887
3886 3885 3888
3889 3890 3891
3890 3889 3892
3893 3894 3895
3894 3893 3896
3897 3898 3899
3898 3897 3900
3897 3899 3901
3902 3903 3904
3905 3902 3904
3902 3905 3906
3902 3906 3907
3902 3908 3903
3908 3902 3909
3910 3911 3912
3911 3910 3913
3914 3915 3916
3915 3914 3917
3918 3919 3920
3919 3918 3921
3922 3923 3924
3923 3922 3925
3926 3922 3924
3922 3926 3927
3928 3923 3925
3923 3928 3929
3930 3929 3928
3929 3930 3931
3932 3933 3934
3933 3932 3935
3936 3937 3938
3937 3936 3939
3940 3941 3942
3941 3940 3943
3944 3945 3946
3945 3944 3947
3948 3944 3946
3944 3948 3949
3950 3951 3952
3951 3950 3953
3950 3954 3953
3954 3950 3955
3956 3957 3958
3957 3956 3959
3960 3958 3957
3961 3958 3960
3958 3961 3962
3963 3962 3961
3957 3964 3960
3964 3957 3965
3966 3964 3965
3956 3966 3959
3964 3966 3967
3968 3967 3966
3966 3956 3968
3969 3970 3971
3970 3969 3972
3973 3974 3975
3974 3973 3976
3977 3978 3979
3978 3977 3980
3981 3982 3983
3982 3981 3984
3985 3986 3987
3986 3985 3988
3989 3990 3991
3990 3989 3992
3989 3993 3992
3993 3989 3994
3995 3991 3990
3991 3995 3996
3997 3998 3999
3998 3997 4000
4001 4002 4003
4002 4001 4004
4005 4006 4007
4006 4005 4008
4009 4010 4011
4010 4009 4012
4013 4014 4015
4014 4013 4016
4017 4018 4019
4018 4017 4020
4021 4022 4023
4022 4021 4024
4025 4026 4027
4026 4025 4028
4029 4030 4031
4030 4029 4032
4033 4034 4035
4034 4033 4036
4037 4038 4039
4038 4037 4040
4041 4042 4043
4042 4041 4044
4045 4046 4047
4046 4045 4048
4049 4050 4051
4050 4049 4052
4053 4054 4055
4054 4053 4056
4057 4058 4059
4058 4057 4060
4061 4062 4063
4061 4064 4062
4064 4061 4065
4066 4064 4065
4064 4066 4067
4068 4067 4066
4067 4068 4069
4069 4068 4070
4071 4072 4073
4074 4072 4071
4072 4074 4075
4076 4075 4074
4077 4078 4079
4077 4080 4078
4080 4077 4081
4082 4080 4081
4083 4084 4085
4086 4084 4083
4084 4086 4087
4088 4087 4086
4089 4090 4091
4092 4090 4089
4090 4092 4093
4094 4093 4092
4095 4096 4097
4096 4095 4098
4099 4100 4101
4100 4099 4102
4103 4104 4105
4104 4103 4106
4104 4107 4105
4107 4104 4108
4109 4110 4111
4110 4109 4112
4113 4110 4112
4110 4113 4114
4115 4116 4117
4116 4115 4118
4116 4119 4117
4119 4116 4120
4121 4122 4123
4122 4121 4124
4125 4121 4123
4121 4125 4126
4127 4128 4129
4128 4127 4130
4131 4128 4130
4130 4132 4131
4132 4130 4133
4134 4132 4133
4135 4128 4131
4128 4135 4136
4135 4137 4136
4137 4127 4129
4137 4135 4138
4139 4137 4138
4127 4137 4139
4140 4141 4142
4141 4140 4143
4144 4145 4146
4145 4144 4147
4148 4149 4150
4149 4148 4151
4152 4153 4154
4153 4152 4155
4156 4153 4155
4153 4156 4157
4154 4158 4152
4158 4154 4159
4160 4161 4162
4161 4160 4163
4164 4165 4166
4165 4164 4167
4168 4169 4170
4169 4168 4171
4172 4173 4174
4173 4172 4175
4176 4177 4178
4177 4176 4179
4180 4181 4182
4181 4180 4183
4184 4185 4186
4185 4184 4187
4188 4189 4190
4189 4188 4191
4192 4193 4194
4193 4192 4195
4196 4197 4198
4197 4196 4199
4200 4201 4202
4201 4200 4203
4204 4205 4206
4205 4204 4207
4208 4209 4210
4209 4208 4211
4212 4213 4214
4213 4212 4215
4216 4217 4218
4217 4216 4219
4220 4221 4222
4221 4220 4223
4224 4225 4226
4227 4224 4226
4224 4227 4228
4227 4229 4228
4229 4227 4230
4230 4231 4229
4231 4230 4232
4232 4233 4231
4234 4235 4236
4236 4237 4234
4237 4236 4238
4239 4237 4238
4240 4241 4242
4243 4240 4242
4240 4243 4244
4245 4244 4243
4246 4247 4248
4248 4249 4246
4249 4248 4250
4251 4249 4250
4252 4253 4254
4254 4255 4252
4255 4254 4256
4257 4255 4256
4258 4259 4260
4259 4258 4261
4262 4263 4264
4263 4262 4265
4266 4267 4268
4269 4270 4271
4272 4273 4274
4273 4272 4275
4276 4277 4278
4277 4276 4279
4280 4281 4282
4281 4280 4283
4281 4284 4282
4284 4281 4285
4286 4284 4285
4284 4286 4287
4280 4288 4283
4288 4280 4289
4287 4286 4290
4291 4287 4290
4291 4290 4292
4292 4293 4291
4293 4292 4294
4293 4294 4295
4293 4295 4296
4297 4293 4296
4297 4296 4298
4297 4298 4299
4300 4299 4298
4299 4301 4297
4302 4303 4304
4303 4302 4305
4306 4304 4303
4304 4306 4307
4308 4305 4302
4305 4308 4309
4310 4309 4308
4309 4310 4311
4312 4311 4310
4311 4312 4313
4312 4314 4313
4314 4312 4315
4315 4316 4314
4316 4315 4317
4317 4318 4316
4319 4320 4321
4319 4321 4322
4319 4322 4323
4320 4324 4321
4320 4319 4325
4326 4320 4325
4322 4327 4323
4328 4327 4322
4327 4328 4329
4327 4329 4330
4329 4331 4330
4331 4329 4332
4328 4333 4329
4333 4328 4334
4334 4335 4333
4329 4336 4332
4336 4329 4337
4338 4335 4334
4339 4335 4338
4335 4339 4340
4340 4341 4335
4334 4342 4338
4338 4342 4343
4342 4344 4343
4343 4344 4345
4342 4346 4344
4344 4346 4347
4347 4346 4348
4346 4349 4348
4350 4349 4346
4350 4351 4349
4350 4352 4351
4352 4350 4353
4354 4351 4352
4351 4354 4355
4356 4357 4358
4357 4356 4359
4358 4360 4356
4360 4358 4361
4361 4362 4360
4362 4361 4363
4363 4364 4362
4364 4363 4365
4365 4366 4364
4366 4365 4367
4368 4366 4367
4366 4368 4369
4370 4369 4368
4371 4369 4370
4371 4370 4372
4373 4374 4375
4374 4373 4376
4376 4377 4374
4377 4376 4378
4378 4379 4377
4379 4378 4380
4380 4381 4379
4381 4380 4382
4382 4383 4381
4383 4382 4384
4384 4385 4383
4385 4384 4386
4375 4387 4373
4387 4375 4388
4389 4390 4391
4391 4392 4389
4393 4392 4391
4393 4391 4394
4395 4396 4397
4395 4398 4396
4398 4395 4399
4398 4399 4400
4400 4401 4398
4400 4402 4401
4403 4404 4405
4406 4407 4408
4407 4406 4409
4408 4410 4406
4410 4408 4411
4412 4413 4414
4413 4412 4415
4412 4414 4416
4417 4416 4414
4418 4419 4420
4420 4419 4421
4419 4422 4421
4418 4423 4419
4423 4418 4424
4425 4426 4427
4427 4426 4428
4426 4425 4429
4430 4431 4432
4433 4434 4435
4434 4433 4436
4437 4435 4434
4435 4437 4438
4437 4439 4438
4439 4437 4440
4441 4442 4443
4441 4444 4442
4445 4446 4447
4446 4445 4448
4445 4449 4448
4449 4445 4450
4451 4452 4453
4452 4451 4454
4455 4456 4457
4456 4455 4458
4455 4459 4458
4460 4461 4462
4460 4463 4461
4464 4465 4466
4467 4468 4469
4470 4471 4472
4473 4474 4475
4476 4320 4326
4320 4476 4324
4477 4478 4479
4478 4477 4480
4481 4482 4483
4482 4481 4484
4485 4486 4487
4486 4485 4488
4489 4490 4491
4490 4489 4492
4492 4493 4490
4493 4492 4494
4494 4495 4493
4495 4494 4496
4496 4497 4495
4497 4496 4498
4498 4499 4497
4499 4498 4500
4500 4501 4499
4501 4500 4502
4503 4504 4505
4503 4505 4506
4504 4507 4505
4504 4508 4507
4506 4509 4503
4510 4509 4506
4509 4510 4511
4510 4512 4511
4512 4513 4511
4513 4512 4514
4509 4515 4503
4516 4507 4508
4517 4518 4519
4518 4517 4520
4521 4519 4518
4521 4522 4519
4521 4523 4522
4524 4522 4523
4522 4524 4525
4526 4527 4528
4527 4526 4529
4530 4531 4532
4532 4531 4533
4532 4533 4534
4534 4533 4535
4534 4535 4536
4530 4537 4531
4537 4530 4538
4530 4539 4538
4539 4530 4540
4530 4541 4540
4539 4542 4538
4542 4539 4543
4539 4540 4544
4539 4544 4545
4539 4545 4546
4546 4547 4539
4540 4548 4544
4548 4540 4549
4548 4550 4544
4551 4548 4549
4552 4551 4549
4553 4552 4549
4554 4552 4553
4548 4551 4555
4551 4556 4555
4550 4557 4544
4557 4550 4558
4559 4554 4553
4554 4559 4560
4561 4562 4563
4562 4561 4564
4565 4566 4567
4566 4565 4568
4569 4566 4568
4569 4570 4566
4571 4570 4569
4572 4570 4571
4573 4572 4571
4571 4574 4573
4575 4573 4574
4576 4577 4578
4577 4576 4579
4535 4580 4581
4580 4582 4581
4582 4580 4583
4535 4581 4584
4535 4584 4585
4535 4585 4536
4586 4587 4588
4587 4586 4589
4590 4586 4588
4591 4592 4593
4593 4594 4591
4595 4596 4597
4595 4598 4596
4595 4599 4598
4600 4598 4599
4600 4599 4601
4600 4601 4602
4599 4603 4601
4599 4604 4603
4604 4605 4603
4606 4605 4604
4606 4607 4605
4606 4604 4608
4609 4608 4604
4609 4610 4608
4609 4611 4610
4612 4613 4614
4613 4612 4615
4613 4616 4614
4616 4613 4617
4617 4618 4616
4618 4617 4619
4619 4620 4618
4620 4619 4621
4622 4620 4621
4620 4622 4623
4624 4615 4612
4615 4624 4625
4626 4615 4625
4626 4625 4627
4628 4626 4627
4627 4629 4628
4626 4628 4630
4626 4630 4631
4632 4626 4631
4631 4633 4632
4632 4634 4626
4634 4635 4626
4635 4634 4636
4636 4637 4635
4637 4638 4635
4638 4637 4639
4640 4638 4639
4638 4640 4641
4642 4641 4640
4641 4642 4643
4644 4643 4642
4643 4644 4645
4644 4646 4645
4646 4644 4647
4648 4649 4650
4649 4648 4651
4652 4653 4654
4653 4652 4655
4656 4657 4658
4657 4656 4659
4660 4659 4656
4659 4660 4661
4662 4663 4664
4663 4662 4665
4663 4665 4666
4667 4666 4665
4666 4667 4668
4669 4670 4671
4670 4669 4672
4673 4674 4675
4676 4677 4678
4677 4676 4679
4680 4681 4682
4681 4680 4683
4684 4685 4686
4685 4684 4687
4688 4689 4690
4688 4690 4691
4688 4692 4689
4693 4690 4689
4690 4693 4694
4695 4696 4697
4696 4695 4698
4698 4699 4696
4698 4700 4699
4701 4700 4698
4701 4702 4700
4703 4702 4701
4701 4704 4703
4705 4706 4707
4706 4705 4708
4709 4710 4711
4710 4709 4712
4713 4714 4715
4714 4713 4716
4717 4718 4719
4718 4717 4720
4721 4722 4723
4722 4721 4724
4725 4726 4727
4726 4725 4728
4729 4728 4725
4728 4729 4730
4731 4732 4733
4734 4735 4736
4737 4738 4739
4740 4741 4742
4743 4744 4745
4746 4747 4748
4749 4750 4751
4752 4750 4749
4750 4752 4753
4754 4751 4755
4751 4754 4756
4757 4758 4759
4760 4761 4762
4763 4764 4765
4766 4767 4768
4769 4770 4771
4772 4773 4774
4775 4776 4777
4776 4775 4778
4779 4780 4781
4782 4783 4784
4785 4786 4787
4788 4789 4790
4791 4792 4793
4794 4795 4796
4795 4794 4797
4798 4797 4794
4798 4794 4799
4798 4799 4800
4801 4798 4800
4798 4801 4802
4803 4804 4805
4804 4803 4806
4807 4808 4809
4808 4807 4810
4811 4812 4813
4812 4811 4814
4815 4816 4817
4816 4815 4818
4819 4820 4821
4820 4819 4822
4823 4821 4820
4821 4823 4824
4825 4822 4819
4822 4825 4826
4827 4824 4823
4824 4827 4828
4829 4828 4827
4828 4829 4830
4829 4831 4830
4831 4829 4832
4832 4833 4831
4833 4832 4834
4834 4835 4833
4835 4834 4836
4837 4835 4836
4835 4837 4838
4839 4838 4837
4838 4839 4840
4841 4840 4839
4840 4841 4842
4841 4843 4842
4843 4841 4844
4844 4845 4843
4845 4844 4846
4846 4847 4845
4847 4846 4848
4848 4849 4847
4849 4848 4850
4850 4851 4849
4851 4850 4852
4853 4851 4852
4851 4853 4854
4853 4825 4854
4825 4853 4826
4855 4856 4857
4858 4856 4855
4859 4858 4855
4860 4859 4855
4861 4859 4860
4862 4861 4860
4859 4861 4863
4864 4859 4863
4859 4864 4865
4859 4865 4858
4861 4866 4863
4866 4861 4867
4866 4867 4868
4869 4866 4868
4868 4870 4869
4866 4869 4871
4863 4871 4864
4871 4863 4866
4872 4867 4861
4862 4872 4861
4867 4872 4873
4867 4873 4874
4868 4867 4874
4874 4875 4868
4875 4870 4868
4874 4876 4875
4876 4877 4875
4876 4874 4878
4874 4873 4878
4875 4879 4870
4877 4879 4875
4880 4869 4870
4869 4881 4871
4881 4869 4880
4881 4880 4882
4883 4881 4882
4881 4883 4884
4884 4871 4881
4883 4885 4884
4885 4883 4886
4887 4886 4883
4885 4864 4884
4864 4885 4865
4886 4888 4885
4885 4858 4865
4885 4888 4858
4889 4888 4886
4889 4886 4887
4888 4889 4890
4882 4891 4883
4887 4883 4891
4891 4882 4892
4882 4893 4892
4871 4884 4864
4858 4888 4856
4888 4890 4856
4893 4894 4892
4895 4894 4893
4893 4896 4895
4893 4880 4896
4896 4880 4870
4896 4870 4879
4896 4879 4897
4895 4896 4897
4880 4893 4882
4898 4860 4855
4898 4862 4860
4855 4857 4898
4899 4900 4901
4900 4899 4902
4903 4902 4899
4902 4903 4904
4905 4904 4903
4904 4905 4906
4905 4907 4906
4908 4909 4910
4909 4908 4911
4912 4913 4914
4915 4916 4917
4918 4919 4920
4919 4918 4921
4922 4923 4924
4923 4922 4925
4926 4927 4928
4929 4930 4931
4932 4933 4934
4933 4932 4935
4936 4937 4938
4937 4936 4939
4940 4941 4942
4941 4940 4943
4944 4945 4946
4945 4944 4947
4948 4949 4950
4949 4948 4951
4952 4953 4954
4953 4952 4955
4956 4957 4958
4957 4956 4959
4960 4961 4962
4963 4962 4961
4962 4963 4964
4965 4966 4967
4968 4969 4970
4971 4972 4973
4972 4971 4974
4975 4976 4977
4976 4975 4978
4979 4980 4981
4980 4979 4982
4983 4979 4981
4979 4983 4984
4983 4985 4984
4985 4983 4986
4987 4980 4982
4980 4987 4988
4986 4989 4985
4990 4989 4986
4990 4991 4989
4992 4991 4990
4991 4992 4993
4992 4994 4993
4992 4995 4994
4996 4995 4992
4996 4997 4995
4998 4997 4996
4996 4999 4998
5000 4997 4998
5001 5002 5003
5002 5001 5004
5005 5004 5001
5004 5005 5006
5007 5006 5005
5006 5007 5008
5009 5008 5007
5008 5009 5010
5011 5010 5009
5010 5011 5012
5013 5012 5011
5012 5013 5014
5015 5003 5002
5003 5015 5016
5017 5018 5019
5018 5017 5020
5019 5021 5017
5021 5019 5022
5020 5023 5018
5023 5020 5024
5024 5025 5023
5025 5024 5026
5026 5027 5025
5027 5026 5028
5029 5027 5028
5027 5029 5030
5031 5030 5029
5030 5031 5032
5032 5031 5033
5034 5035 5036
5034 5037 5035
5034 5038 5037
5036 5035 5039
5036 5040 5034
5041 5040 5036
5037 5038 5042
5042 5043 5037
5043 5042 5044
5042 5045 5044
5046 5044 5045
5044 5046 5047
5048 5043 5044
5043 5048 5049
5049 5048 5050
5051 5044 5047
5044 5051 5052
5053 5049 5050
5054 5053 5050
5050 5055 5054
5055 5050 5056
5049 5053 5057
5053 5058 5057
5057 5058 5059
5058 5060 5059
5057 5059 5061
5059 5062 5061
5062 5063 5061
5061 5063 5064
5065 5061 5064
5065 5064 5066
5067 5065 5066
5065 5067 5068
5069 5067 5066
5066 5070 5069
5071 5072 5073
5072 5071 5074
5075 5073 5072
5073 5075 5076
5077 5076 5075
5076 5077 5078
5079 5078 5077
5078 5079 5080
5081 5080 5079
5080 5081 5082
5081 5083 5082
5083 5081 5084
5085 5083 5084
5086 5085 5084
5086 5087 5085
5088 5089 5090
5089 5088 5091
5092 5089 5091
5092 5093 5089
5094 5095 5096
5094 5096 5097
5097 5098 5094
5097 5099 5098
5099 5097 5100
5099 5100 5101
5102 5103 5104
5105 5106 5107
5106 5105 5108
5109 5107 5106
5107 5109 5110
5105 5111 5108
5111 5105 5112
5113 5114 5115
5115 5116 5113
5113 5117 5114
5118 5114 5117
5119 5120 5121
5120 5122 5121
5121 5122 5123
5124 5119 5121
5119 5124 5125
5126 5127 5128
5127 5129 5128
5128 5130 5126
5131 5132 5133
5134 5135 5136
5134 5136 5137
5138 5139 5140
5139 5138 5141
5142 5143 5144
5143 5142 5145
5142 5144 5146
5147 5148 5149
5147 5149 5150
5151 5152 5153
5154 5155 5156
5157 5158 5159
5160 5161 5162
5036 5163 5041
5163 5036 5039
5164 5165 5166
5165 5164 5167
5168 5169 5170
5169 5168 5171
5172 5173 5174
5173 5172 5175
5176 5177 5178
5176 5179 5177
5178 5177 5180
5178 5180 5181
5179 5176 5182
5182 5183 5179
5183 5182 5184
5183 5184 5185
5186 5185 5184
5185 5186 5187
5182 5176 5188
5189 5181 5180
5190 5191 5192
5191 5190 5193
5194 5191 5193
5194 5193 5195
5194 5195 5196
5195 5197 5196
5197 5195 5198
5199 5200 5201
5200 5199 5202
5203 5204 5205
5204 5206 5205
5204 5207 5206
5207 5208 5206
5207 5209 5208
5210 5203 5205
5203 5210 5211
5212 5203 5211
5203 5212 5213
5203 5213 5214
5215 5212 5211
5212 5215 5216
5212 5217 5213
5212 5218 5217
5212 5219 5218
5219 5212 5220
5213 5217 5221
5221 5222 5213
5221 5217 5223
5221 5224 5222
5225 5222 5224
5226 5222 5225
5224 5221 5227
5224 5227 5228
5229 5223 5217
5223 5229 5230
5231 5226 5225
5231 5232 5226
5232 5231 5233
5234 5235 5236
5235 5234 5237
5238 5239 5240
5240 5241 5238
5242 5241 5240
5242 5240 5243
5244 5242 5243
5245 5244 5243
5246 5244 5245
5244 5246 5247
5248 5247 5246
5249 5250 5251
5250 5249 5252
5208 5253 5254
5255 5254 5253
5254 5255 5256
5208 5257 5253
5208 5258 5257
5208 5209 5258
5259 5260 5261
5260 5259 5262
5263 5261 5260
5264 5265 5266
5265 5264 5267
5268 5269 5270
5269 5268 5271
5272 5273 5274
5273 5272 5275
5276 5277 5278
5277 5276 5279
5279 5280 5277
5280 5279 5281
5282 5283 5284
5283 5282 5285
5283 5286 5284
5286 5287 5284
5287 5286 5288
5289 5290 5291
5290 5289 5292
5293 5294 5295
5296 5297 5298
5297 5296 5299
5300 5301 5302
5301 5300 5303
5304 5305 5306
5305 5304 5307
5308 5309 5310
5309 5308 5311
5311 5308 5312
5311 5312 5313
5314 5311 5313
5314 5313 5315
5316 5314 5315
5314 5316 5317
5318 5319 5320
5319 5318 5321
5322 5323 5324
5323 5322 5325
5326 5327 5328
5327 5326 5329
5330 5331 5332
5331 5330 5333
5334 5335 5336
5335 5334 5337
5338 5339 5340
5339 5338 5341
5342 5343 5344
5345 5346 5347
5346 5345 5348
5345 5349 5348
5349 5345 5350
5351 5352 5353
5354 5355 5356
5355 5354 5357
5358 5359 5360
5361 5362 5363
5364 5365 5366
5367 5368 5369
5370 5371 5372
5372 5373 5370
5373 5372 5374
5375 5371 5376
5371 5375 5377
5378 5379 5380
5381 5382 5383
5384 5385 5386
5387 5388 5389
5390 5391 5392
5393 5394 5395
5396 5397 5398
5397 5396 5399
5400 5401 5402
5403 5404 5405
5406 5407 5408
5409 5410 5411
5412 5413 5414
5415 5416 5417
5416 5415 5418
5419 5416 5418
5419 5420 5416
5419 5421 5420
5419 5422 5421
5422 5419 5423
5424 5425 5426
5425 5424 5427
5428 5426 5425
5426 5428 5429
5430 5431 5432
5431 5430 5433
5434 5433 5430
5433 5434 5435
5434 5436 5435
5436 5434 5437
5438 5432 5431
5432 5438 5439
5438 5440 5439
5441 5442 5443
5442 5441 5444
5445 5446 5447
5448 5449 5450
5451 5452 5453
5452 5451 5454
5455 5456 5457
5456 5455 5458
5459 5460 5461
5462 5463 5464
5465 5466 5467
5466 5465 5468
5469 5470 5471
5470 5469 5472
5473 5474 5475
5474 5473 5476
5477 5478 5479
5478 5477 5480
5481 5482 5483
5482 5481 5484
5485 5486 5487
5486 5485 5488
5489 5490 5491
5490 5489 5492
5493 5494 5495
5494 5493 5496
5497 5498 5499
5498 5497 5500
5497 5501 5500
5501 5497 5502
5503 5504 5505
5504 5503 5506
5507 5508 5509
5508 5507 5510
5511 5512 5513
5512 5511 5514
5515 5516 5517
5518 5515 5517
5515 5518 5519
5518 5520 5519
5521 5520 5518
5520 5521 5522
5519 5523 5515
5523 5519 5524
5525 5526 5527
5526 5525 5528
5529 5530 5531
5530 5529 5532
5533 5534 5535
5534 5533 5536
5537 5538 5539
5538 5537 5540
5541 5542 5543
5542 5541 5544
5541 5545 5544
5545 5541 5546
5547 5548 5549
5548 5547 5550
5551 5552 5553
5552 5551 5554
5555 5556 5557
5556 5555 5558
5559 5560 5561
5560 5559 5562
5563 5564 5565
5564 5563 5566
5567 5568 5569
5568 5567 5570
5567 5571 5570
5571 5567 5572
5573 5574 5575
5574 5573 5576
5577 5578 5579
5578 5577 5580
5581 5577 5579
5577 5581 5582
5583 5582 5581
5582 5583 5584
5585 5586 5587
5586 5585 5588
5585 5589 5588
5589 5585 5590
5591 5592 5593
5592 5591 5594
5595 5596 5597
5596 5595 5598
5599 5600 5601
5600 5599 5602
5602 5603 5600
5603 5602 5604
5605 5604 5602
5604 5605 5606
5603 5607 5600
5607 5603 5608
5609 5610 5611
5610 5609 5612
5613 5614 5615
5614 5613 5616
5615 5617 5613
5617 5615 5618
5613 5619 5616
5619 5613 5620
5617 5620 5613
5620 5617 5621
5622 5623 5624
5623 5622 5625
5622 5626 5625
5626 5622 5627
5628 5629 5630
5629 5628 5631
5628 5632 5631
5632 5628 5633
5634 5635 5636
5634 5636 5637
5634 5637 5638
5639 5634 5638
5639 5638 5640
5641 5639 5640
5641 5642 5639
5642 5641 5643
5644 5645 5646
5645 5644 5647
5648 5649 5650
5649 5648 5651
5652 5650 5649
5650 5652 5653
5654 5653 5652
5653 5654 5655
5656 5655 5654
5655 5656 5657
5658 5659 5660
5659 5658 5661
5662 5661 5658
5663 5664 5665
5664 5663 5666
5664 5667 5665
5667 5664 5668
5669 5667 5668
5667 5669 5670
5663 5671 5666
5671 5672 5666
5672 5671 5673
5670 5669 5674
5669 5675 5674
5675 5676 5674
5677 5678 5679
5678 5677 5680
5681 5682 5683
5681 5683 5684
5683 5685 5684
5684 5685 5686
5686 5685 5687
5687 5685 5688
5688 5689 5687
5689 5688 5690
5691 5692 5693
5692 5691 5694
5695 5692 5694
5692 5695 5696
5697 5698 5699
5700 5701 5702
5701 5700 5703
5704 5705 5706
5705 5704 5707
5708 5709 5710
5709 5708 5711
5712 5713 5714
5713 5715 5714
5715 5716 5714
5716 5717 5714
5716 5718 5717
5719 5720 5721
5720 5719 5722
5719 5723 5722
5723 5719 5724
5725 5726 5727
5726 5725 5728
5725 5729 5728
5729 5725 5730
5731 5732 5733
5732 5731 5734
5735 5732 5734
5732 5735 5736
5737 5738 5739
5738 5737 5740
5741 5742 5743
5744 5745 5746
5745 5744 5747
5748 5745 5747
5745 5748 5749
5750 5751 5752
5751 5750 5753
5754 5751 5753
5751 5754 5755
5756 5755 5754
5755 5756 5757
5758 5757 5756
5757 5758 5759
5760 5759 5758
5759 5760 5761
5762 5761 5760
5761 5762 5763
5764 5763 5762
5763 5764 5765
5766 5765 5764
5765 5766 5767
5768 5767 5766
5767 5768 5769
5770 5769 5768
5769 5770 5771
5772 5771 5770
5771 5772 5773
5772 5774 5773
5774 5772 5775
5775 5776 5774
5776 5775 5777
5777 5778 5776
5778 5777 5779
5779 5780 5778
5780 5779 5781
5781 5782 5780
5782 5781 5783
5783 5784 5782
5784 5783 5785
5785 5786 5784
5786 5785 5787
5787 5788 5786
5788 5787 5789
5789 5752 5788
5752 5789 5750
5790 5791 5792
5791 5793 5792
5793 5794 5792
5795 5794 5793
5794 5795 5796
5797 5796 5795
5798 5797 5795
5798 5799 5797
5798 5800 5799
5800 5801 5799
5800 5802 5801
5801 5802 5803
5802 5804 5803
5804 5802 5805
5805 5806 5804
5807 5806 5805
5808 5806 5807
5808 5807 5809
5808 5809 5810
5808 5810 5811
5810 5812 5811
5812 5813 5811
5814 5813 5812
5813 5814 5815
5816 5815 5814
5817 5816 5814
5818 5816 5817
5819 5818 5817
5819 5820 5818
5819 5821 5820
5820 5821 5822
5821 5823 5822
5823 5821 5824
5824 5825 5823
5826 5825 5824
5790 5825 5826
5790 5826 5827
5790 5827 5791
5828 5829 5830
5829 5828 5831
5832 5830 5829
5830 5832 5833
5834 5833 5832
5833 5834 5835
5836 5835 5834
5835 5836 5837
5838 5837 5836
5837 5838 5839
5840 5839 5838
5839 5840 5841
5842 5841 5840
5841 5842 5843
5844 5843 5842
5843 5844 5845
5846 5845 5844
5845 5846 5847
5848 5847 5846
5847 5848 5849
5848 5850 5849
5850 5848 5851
5851 5852 5850
5852 5851 5853
5853 5854 5852
5854 5853 5855
5855 5856 5854
5856 5855 5857
5857 5858 5856
5858 5857 5859
5859 5860 5858
5860 5859 5861
5861 5862 5860
5862 5861 5863
5863 5864 5862
5864 5863 5865
5865 5866 5864
5866 5865 5867
5867 5868 5866
5868 5867 5869
5870 5871 5872
5871 5870 5873
5874 5870 5872
5870 5874 5875
5876 5875 5874
5875 5876 5877
5876 5878 5877
5879 5880 5881
5880 5879 5882
5881 5883 5879
5884 5885 5886
5885 5884 5887
5888 5889 5890
5889 5888 5891
5892 5893 5894
5894 5895 5892
5895 5894 5896
5896 5897 5895
5898 5899 5900
5898 5900 5901
5898 5902 5899
5903 5898 5901
5898 5904 5905
5898 5905 5906
5898 5907 5904
5908 5898 5906
5898 5909 5910
5898 5910 5911
5898 5912 5909
5913 5898 5911
5898 5914 5915
5898 5915 5916
5898 5917 5914
5918 5898 5916
5898 5919 5920
5898 5920 5921
5898 5922 5919
5923 5898 5921
5898 5924 5925
5898 5925 5926
5898 5927 5924
5928 5898 5926
5929 5930 5931
5930 5929 5932
5930 5933 5931
5933 5930 5934
5935 5932 5929
5932 5935 5936
5937 5938 5939
5938 5937 5940
5941 5942 5943
5942 5941 5944
5945 5946 5947
5946 5945 5948
5949 5950 5951
5950 5949 5952
5951 5953 5949
5953 5951 5954
5955 5953 5954
5953 5955 5956
5957 5958 5959
5957 5959 5960
5957 5960 5961
5962 5961 5960
5962 5963 5961
5961 5964 5957
5965 5966 5967
5968 5969 5970
5969 5971 5970
5972 5970 5971
5973 5972 5971
5972 5973 5974
5969 5975 5971
5975 5976 5971
5976 5975 5977
5968 5978 5979
5978 5980 5979
5981 5979 5980
5982 5981 5980
5981 5982 5983
5978 5984 5980
5984 5985 5980
5985 5984 5986
5987 5988 5989
5988 5987 5990
5991 5992 5993
5992 5991 5994
5995 5996 5997
5996 5995 5998
5999 6000 6001
6000 5999 6002
6003 6004 6005
6006 6007 6008
6009 6010 6011
6012 6013 6014
6013 6012 6015
6016 6012 6014
6012 6016 6017
6018 6017 6016
6017 6018 6019
6018 6020 6019
6021 6022 6023
6022 6021 6024
6023 6025 6021
6026 6027 6028
6027 6026 6029
6030 6031 6032
6031 6030 6033
6034 6035 6036
6036 6037 6034
6037 6036 6038
6038 6039 6037
6040 6041 6042
6041 6040 6043
6041 6044 6042
6044 6041 6045
6046 6043 6040
6043 6046 6047
6048 6049 6050
6049 6048 6051
6052 6053 6054
6053 6052 6055
6056 6057 6058
6057 6056 6059
6060 6061 6062
6061 6060 6063
6062 6064 6060
6064 6062 6065
6066 6064 6065
6064 6066 6067
6068 6069 6070
6068 6070 6071
6068 6071 6072
6073 6072 6071
6073 6074 6072
6072 6075 6068
6076 6077 6078
6079 6080 6081
6080 6079 6082
6083 6084 6085
6084 6083 6086
6087 6088 6089
6088 6087 6090
6091 6092 6093
6092 6091 6094
6095 6096 6097
6098 6099 6100
6101 6102 6103
6104 6105 6106
6105 6104 6107
6108 6104 6106
6104 6108 6109
6110 6109 6108
6109 6110 6111
6110 6112 6111
6113 6114 6115
6114 6113 6116
6115 6117 6113
6118 6119 6120
6119 6118 6121
6122 6123 6124
6123 6122 6125
6126 6127 6128
6128 6129 6126
6129 6128 6130
6130 6131 6129
6132 6133 6134
6133 6132 6135
6133 6136 6134
6136 6133 6137
6138 6135 6132
6135 6138 6139
6140 6141 6142
6141 6140 6143
6144 6145 6146
6145 6144 6147
6148 6149 6150
6149 6148 6151
6152 6153 6154
6153 6152 6155
6154 6156 6152
6156 6154 6157
6158 6156 6157
6156 6158 6159
6160 6161 6162
6160 6162 6163
6160 6163 6164
6165 6164 6163
6165 6166 6164
6164 6167 6160
6168 6169 6170
5968 6171 6172
6171 6173 6172
6174 6172 6173
6175 6174 6173
6174 6175 6176
6171 6177 6173
6177 6178 6173
6178 6177 6179
5968 6180 6181
6180 6182 6181
6183 6181 6182
6184 6183 6182
6183 6184 6185
6180 6186 6182
6186 6187 6182
6187 6186 6188
6189 6190 6191
6190 6189 6192
6193 6194 6195
6194 6193 6196
6197 6198 6199
6198 6197 6200
6201 6202 6203
6202 6201 6204
6205 6206 6207
6208 6209 6210
6211 6212 6213
6214 6215 6216
6215 6214 6217
6218 6214 6216
6214 6218 6219
6220 6219 6218
6219 6220 6221
6220 6222 6221
6223 6224 6225
6224 6223 6226
6225 6227 6223
6228 6229 6230
6229 6228 6231
6232 6233 6234
6233 6232 6235
6236 6237 6238
6238 6239 6236
6239 6238 6240
6240 6241 6239
6242 6243 6244
6243 6242 6245
6243 6246 6244
6246 6243 6247
6248 6245 6242
6245 6248 6249
6250 6251 6252
6251 6250 6253
6254 6255 6256
6255 6254 6257
6258 6259 6260
6259 6258 6261
6262 6263 6264
6263 6262 6265
6264 6266 6262
6266 6264 6267
6268 6266 6267
6266 6268 6269
6270 6271 6272
6270 6272 6273
6270 6273 6274
6275 6274 6273
6275 6276 6274
6274 6277 6270
6278 6279 6280
6281 6282 6283
6282 6281 6284
6285 6286 6287
6286 6285 6288
6289 6290 6291
6290 6289 6292
6293 6294 6295
6294 6293 6296
6297 6298 6299
6300 6301 6302
6303 6304 6305
6306 6307 6308
6307 6306 6309
6310 6306 6308
6306 6310 6311
6312 6311 6310
6311 6312 6313
6312 6314 6313
6315 6316 6317
6316 6315 6318
6317 6319 6315
6320 6321 6322
6321 6320 6323
6324 6325 6326
6325 6324 6327
6328 6329 6330
6330 6331 6328
6331 6330 6332
6332 6333 6331
6334 6335 6336
6335 6334 6337
6335 6338 6336
6338 6335 6339
6340 6337 6334
6337 6340 6341
6342 6343 6344
6343 6342 6345
6346 6347 6348
6347 6346 6349
6350 6351 6352
6351 6350 6353
6354 6355 6356
6355 6354 6357
6356 6358 6354
6358 6356 6359
6360 6358 6359
6358 6360 6361
6362 6363 6364
6362 6364 6365
6362 6365 6366
6367 6366 6365
6367 6368 6366
6366 6369 6362
6370 6371 6372
5968 6373 6374
6373 6375 6374
6376 6374 6375
6377 6376 6375
6376 6377 6378
6373 6379 6375
6379 6380 6375
6380 6379 6381
5968 6382 6383
6382 6384 6383
6385 6383 6384
6386 6385 6384
6385 6386 6387
6382 6388 6384
6388 6389 6384
6389 6388 6390
6391 6392 6393
6392 6391 6394
6395 6396 6397
6396 6395 6398
6399 6400 6401
6400 6399 6402
6403 6404 6405
6404 6403 6406
6407 6408 6409
6410 6411 6412
6413 6414 6415
6416 6417 6418
6417 6416 6419
6420 6416 6418
6416 6420 6421
6422 6421 6420
6421 6422 6423
6422 6424 6423
6425 6426 6427
6426 6425 6428
6427 6429 6425
6430 6431 6432
6431 6430 6433
6434 6435 6436
6435 6434 6437
6438 6439 6440
6440 6441 6438
6441 6440 6442
6442 6443 6441
6444 6445 6446
6445 6444 6447
6445 6448 6446
6448 6445 6449
6450 6447 6444
6447 6450 6451
6452 6453 6454
6453 6452 6455
6456 6457 6458
6457 6456 6459
6460 6461 6462
6461 6460 6463
6464 6465 6466
6465 6464 6467
6466 6468 6464
6468 6466 6469
6470 6468 6469
6468 6470 6471
6472 6473 6474
6472 6474 6475
6472 6475 6476
6477 6476 6475
6477 6478 6476
6476 6479 6472
6480 6481 6482
6483 6484 6485
6484 6483 6486
6487 6488 6489
6488 6487 6490
6491 6492 6493
6492 6491 6494
6495 6496 6497
6496 6495 6498
6499 6500 6501
6502 6503 6504
6505 6506 6507
6508 6509 6510
6509 6508 6511
6511 6512 6509
6512 6511 6513
6513 6514 6512
6514 6513 6515
6515 6516 6514
6516 6515 6517
6518 6517 6515
6517 6518 6519
6520 6519 6518
6519 6520 6521
6520 6522 6521
6522 6520 6523
6523 6524 6522
6524 6523 6525
6518 6526 6520
6526 6523 6520
6526 6518 6527
6515 6527 6518
6527 6515 6513
6528 6526 6527
6513 6528 6527
6526 6528 6529
6528 6530 6529
6530 6528 6531
6530 6532 6529
6532 6530 6533
6533 6534 6532
6534 6533 6535
6536 6532 6534
6532 6536 6537
6537 6529 6532
6529 6537 6526
6523 6526 6537
6525 6537 6536
6537 6525 6523
6538 6533 6530
6531 6538 6530
6525 6539 6524
6539 6525 6540
6536 6540 6525
6540 6536 6541
6534 6541 6536
6541 6534 6542
6535 6542 6534
6542 6535 6543
6511 6531 6528
6528 6513 6511
6531 6511 6508
6544 6545 6546
6545 6544 6547
6548 6549 6550
6549 6548 6551
6550 6552 6548
6552 6550 6553
6554 6555 6556
6555 6554 6557
6558 6554 6556
6554 6558 6559
6560 6559 6558
6559 6560 6561
6562 6563 6564
6563 6562 6565
6566 6563 6565
6563 6566 6567
6566 6568 6567
6568 6566 6569
6564 6570 6562
6570 6564 6571
6572 6568 6569
6568 6572 6573
6574 6573 6572
6573 6574 6575
6576 6577 6578
6577 6576 6579
6576 6580 6579
6580 6576 6581
6582 6583 6584
6583 6582 6585
6586 6587 6588
6587 6586 6589
6588 6590 6586
6590 6588 6591
6592 6590 6591
6590 6592 6593
6594 6595 6596
6595 6594 6597
6598 6596 6595
6596 6598 6599
6600 6599 6598
6599 6600 6601
6602 6601 6600
6601 6602 6603
6596 6604 6594
6604 6596 6605
6599 6605 6596
6605 6606 6604
6606 6605 6607
6608 6606 6607
6606 6608 6609
6610 6609 6608
6609 6610 6611
6608 6612 6610
6612 6608 6613
6607 6613 6608
6613 6607 6614
6605 6614 6607
6614 6605 6615
6616 6614 6615
6615 6601 6616
6603 6616 6601
6614 6616 6617
6618 6617 6616
6616 6603 6618
6617 6618 6619
6620 6617 6619
6617 6620 6621
6614 6621 6613
6621 6614 6617
6622 6621 6620
6621 6622 6623
6613 6623 6612
6623 6613 6621
6624 6611 6610
6611 6624 6625
6610 6626 6624
6626 6610 6612
6612 6627 6626
6627 6612 6623
6623 6628 6627
6628 6623 6622
6605 6599 6615
6601 6615 6599
6629 6630 6631
6630 6629 6632
6633 6634 6635
6634 6633 6636
6637 6636 6633
6636 6637 6638
6639 6640 6641
6640 6639 6642
6639 6643 6642
6643 6639 6644
6644 6645 6643
6645 6644 6646
6647 6648 6649
6648 6647 6650
6648 6651 6649
6651 6648 6652
6653 6651 6652
6651 6653 6654
6655 6650 6647
6650 6655 6656
6653 6657 6654
6657 6653 6658
6658 6659 6657
6659 6658 6660
6661 6662 6663
6662 6661 6664
6665 6664 6661
6664 6665 6666
6667 6668 6669
6668 6667 6670
6671 6672 6673
6672 6671 6674
6675 6673 6672
6673 6675 6676
6677 6676 6675
6676 6677 6678
6679 6606 6609
6604 6606 6679
6680 6681 6682
6681 6680 6683
6683 6680 6684
6684 6685 6683
6680 6686 6684
6686 6687 6684
6687 6686 6688
6687 6688 6689
6688 6690 6689
6690 6688 6691
6689 6692 6687
6693 6694 6695
6694 6693 6696
6697 6698 6699
6698 6697 6700
6701 6702 6703
6702 6701 6704
6705 6706 6707
6705 6707 6708
6709 6710 6711
6710 6709 6712
6709 6713 6712
6713 6709 6714
6714 6715 6713
6715 6716 6713
6716 6717 6713
6717 6716 6718
6718 6719 6717
6719 6718 6720
6720 6721 6719
6722 6721 6720
6721 6722 6723
6724 6725 6726
6725 6724 6727
6728 6724 6726
6724 6728 6729
6729 6728 6730
6730 6728 6731
6732 6731 6728
6731 6732 6733
6734 6733 6732
6733 6734 6735
6735 6734 6736
6737 6735 6736
6735 6737 6738
6739 6740 6741
6740 6739 6742
6741 6743 6739
6743 6741 6744
6745 6746 6747
6746 6745 6748
6746 6749 6747
6749 6746 6750
6751 6752 6753
6752 6751 6754
6755 6756 6757
6756 6755 6758
6756 6759 6757
6759 6756 6760
6761 6762 6763
6762 6761 6764
6765 6766 6767
6766 6765 6768
6769 6770 6771
6770 6769 6772
6773 6774 6775
6774 6773 6776
6777 6778 6779
6778 6777 6780
6781 6782 6783
6782 6781 6784
6785 6786 6787
6786 6785 6788
6789 6790 6791
6790 6789 6792
6793 6794 6795
6794 6793 6796
6797 6793 6795
6793 6797 6798
6798 6797 6799
6799 6797 6800
6801 6800 6797
6800 6801 6802
6803 6802 6801
6802 6803 6804
6804 6803 6805
6805 6806 6804
6806 6805 6807
6808 6809 6810
6809 6808 6811
6808 6812 6811
6812 6808 6813
6813 6814 6812
6814 6815 6812
6815 6816 6812
6816 6815 6817
6817 6818 6816
6818 6817 6819
6819 6820 6818
6819 6821 6820
6821 6819 6822
6823 6824 6825
6824 6823 6826
6827 6825 6824
6825 6827 6828
6829 6830 6831
6830 6829 6832
6833 6830 6832
6830 6833 6834
6835 6836 6837
6836 6835 6838
6839 6840 6841
6840 6839 6842
6843 6840 6842
6840 6843 6844
6845 6846 6847
6846 6845 6848
6849 6850 6851
6850 6849 6852
6853 6854 6855
6854 6853 6856
6857 6858 6859
6858 6857 6860
6861 6862 6863
6862 6861 6864
6865 6866 6867
6866 6865 6868
6869 6870 6871
6870 6869 6872
6873 6874 6875
6874 6873 6876
6877 6878 6879
6878 6877 6880
6881 6880 6877
6880 6881 6882
6881 6883 6882
6883 6881 6884
6885 6886 6887
6886 6885 6888
6889 6885 6887
6885 6889 6890
6891 6892 6893
6892 6891 6894
6893 6895 6891
6895 6893 6896
6897 6895 6896
6895 6897 6898
6899 6900 6901
6900 6899 6902
6903 6904 6905
6904 6903 6906
6903 6907 6906
6907 6903 6908
6909 6910 6911
6910 6909 6912
6912 6913 6910
6913 6912 6914
6915 6913 6914
6913 6915 6916
6917 6918 6919
6918 6917 6920
6921 6920 6917
6920 6921 6922
6921 6923 6922
6923 6921 6924
6925 6926 6927
6926 6925 6928
6929 6930 6931
6929 6932 6930
6929 6933 6932
6929 6934 6933
6929 6935 6934
6929 6936 6935
6929 6937 6936
6929 6938 6937
6929 6931 6939
6929 6940 6938
6929 6941 6940
6929 6942 6941
6929 6943 6942
6929 6944 6943
6929 6945 6944
6929 6946 6945
6929 6947 6946
6929 6948 6947
6929 6949 6948
6929 6950 6949
6951 6952 6953
6952 6951 6954
6951 6955 6954
6955 6951 6956
6956 6957 6955
6957 6956 6958
6958 6959 6957
6959 6958 6960
6960 6961 6959
6961 6960 6962
6962 6963 6961
6963 6962 6964
6965 6963 6964
6963 6965 6966
6967 6966 6965
6966 6967 6968
6969 6968 6967
6968 6969 6970
6971 6970 6969
6970 6971 6972
6973 6972 6971
6972 6973 6974
6973 6975 6974
6975 6973 6976
6976 6977 6975
6977 6976 6978
6978 6979 6977
6979 6978 6980
6980 6981 6979
6981 6980 6982
6982 6983 6981
6983 6982 6984
6985 6983 6984
6983 6985 6986
6987 6986 6985
6986 6987 6988
6989 6988 6987
6988 6989 6990
6953 6990 6989
6990 6953 6952
6991 6992 6993
6992 6994 6993
6994 6995 6993
6994 6996 6995
6996 6994 6997
6998 6996 6997
6999 6998 6997
6999 7000 6998
6999 7001 7000
7001 7002 7000
7001 7003 7002
7002 7003 7004
7005 7004 7003
7004 7005 7006
7005 7007 7006
7008 7007 7005
7009 7007 7008
7009 7008 7010
7009 7010 7011
7009 7011 7012
7011 7013 7012
7013 7014 7012
7013 7015 7014
7015 7013 7016
7017 7015 7016
7018 7017 7016
7019 7017 7018
7020 7019 7018
7020 7021 7019
7020 7022 7021
7021 7022 7023
7024 7023 7022
7023 7024 7025
7024 7026 7025
7027 7026 7024
6991 7026 7027
6991 7027 7028
6991 7028 6992
7029 7030 7031
7030 7029 7032
7032 7033 7030
7033 7032 7034
7034 7035 7033
7035 7034 7036
7036 7037 7035
7037 7036 7038
7038 7039 7037
7039 7038 7040
7040 7041 7039
7041 7040 7042
7042 7043 7041
7043 7042 7044
7044 7045 7043
7045 7044 7046
7046 7047 7045
7047 7046 7048
7048 7049 7047
7049 7048 7050
7051 7049 7050
7049 7051 7052
7053 7052 7051
7052 7053 7054
7055 7054 7053
7054 7055 7056
7057 7056 7055
7056 7057 7058
7059 7058 7057
7058 7059 7060
7061 7060 7059
7060 7061 7062
7063 7062 7061
7062 7063 7064
7065 7064 7063
7064 7065 7066
7067 7066 7065
7066 7067 7068
7069 7068 7067
7068 7069 7070
7071 7072 7073
7072 7071 7074
7075 7076 7077
7076 7075 7078
7079 7080 7081
7080 7079 7082
7083 7084 7085
7086 7084 7083
7084 7086 7087
7088 7083 7085
7088 7085 7089
7090 7088 7089
7088 7090 7091
7086 7092 7087
7092 7086 7093
7093 7094 7092
7094 7093 7095
7095 7096 7094
7091 7090 7096
7091 7096 7095
7097 7098 7099
7098 7097 7100
7101 7102 7103
7102 7101 7104
7105 7106 7107
7107 7106 7108
7109 7105 7107
7105 7109 7110
7108 7111 7107
7111 7112 7107
7112 7111 7113
7114 7115 7116
7115 7114 7117
7116 7118 7114
7118 7116 7119
7120 7121 7122
7121 7120 7123
7124 7122 7121
7122 7124 7125
7120 7126 7123
7126 7120 7127
7128 7129 7130
7129 7128 7131
7128 7132 7131
7132 7128 7133
7134 7135 7136
7135 7134 7137
7138 7139 7140
7139 7138 7141
7141 7142 7139
7142 7141 7143
7140 7144 7138
7144 7140 7145
7146 7147 7148
7147 7146 7149
7149 7150 7147
7150 7149 7151
7152 7153 7154
7153 7152 7155
7156 7157 7158
7157 7156 7159
7160 7161 7162
7161 7160 7163
7164 7165 7166
7165 7164 7167
7168 7169 7170
7169 7168 7171
7170 7172 7168
7172 7170 7173
7174 7172 7173
7172 7174 7175
7176 7177 7178
7177 7176 7179
7177 7180 7178
7180 7177 7181
7182 7183 7184
7183 7182 7185
7186 7187 7188
7187 7186 7189
7190 7186 7188
7186 7190 7191
7192 7191 7190
7191 7192 7193
7194 7195 7196
7195 7194 7197
7198 7199 7200
7199 7198 7201
7202 7203 7204
7203 7202 7205
7206 7207 7208
7207 7206 7209
7210 7211 7212
7211 7210 7213
7211 7214 7212
7214 7211 7215
7211 7216 7215
7211 7217 7216
7217 7218 7216
7217 7219 7218
7219 7217 7220
7221 7213 7210
7213 7221 7222
7220 7223 7219
7223 7220 7224
7225 7223 7224
7223 7225 7226
7225 7227 7226
7212 7214 7227
7212 7227 7225
7228 7229 7230
7229 7231 7230
7228 7232 7229
7232 7228 7233
7231 7229 7234
7234 7229 7235
7235 7236 7234
7237 7238 7239
7238 7237 7240
7241 7240 7237
7240 7241 7242
7243 7244 7245
7244 7243 7246
7245 7247 7243
7247 7245 7248
7249 7244 7246
7244 7249 7250
7251 7252 7253
7252 7251 7254
7255 7252 7254
7252 7255 7256
7257 7258 7259
7258 7257 7260
7261 7260 7257
7260 7261 7262
7263 7264 7265
7264 7263 7266
7267 7266 7263
7266 7267 7268
7269 7270 7271
7270 7269 7272
7273 7274 7275
7274 7273 7276
7277 7278 7279
7278 7277 7280
7281 7282 7283
7282 7281 7284
7285 7281 7283
7281 7285 7286
7287 7288 7289
7288 7287 7290
7291 7292 7293
7292 7291 7294
7291 7295 7294
7295 7291 7296
7296 7297 7295
7297 7296 7298
7299 7300 7301
7300 7299 7302
7303 7304 7305
7304 7303 7306
7307 2213 7308
2213 7307 7309
7310 2213 7309
2213 7310 2214
2215 2214 7310
2215 7310 7311
7312 2215 7311
2215 7312 7313
7314 7313 7312
7314 7312 7315
7316 7317 7318
7317 7316 7319
7318 7320 7316
7320 7318 7321
7321 7322 7320
7322 7321 7323
7324 7322 7323
7322 7324 7325
7317 7319 7326
7327 7328 7329
7328 7327 7330
7327 7331 7330
7332 7333 7334
7333 7332 7335
7336 7332 7334
7332 7336 7337
7338 7337 7336
7337 7338 7339
7338 7340 7339
7340 7338 7341
7335 7342 7333
7343 7344 7345
7344 7343 7346
7344 7346 7347
