byte offset: 0
first index: 0
index count: 2856
topology: trianglelist
format: DXGI_FORMAT_R16_UINT

0 1 2
0 2 3
4 0 3
4 5 0
6 5 4
6 7 5
8 7 6
8 9 7
10 9 8
10 8 11
12 10 11
12 11 13
14 2 1
14 15 2
12 13 16
12 16 17
18 15 14
18 14 19
20 18 19
20 19 21
22 20 21
17 16 22
22 21 23
17 22 23
24 25 26
25 24 27
27 28 25
28 27 29
30 26 25
30 25 31
32 26 30
32 33 26
34 33 32
34 35 33
35 36 33
36 24 26
36 26 33
35 37 36
38 35 34
38 39 35
40 35 39
40 37 35
37 40 41
42 41 40
42 40 43
42 43 44
42 44 45
46 45 44
44 47 46
47 48 46
47 49 48
44 50 47
51 49 47
51 52 49
52 53 49
48 49 53
52 54 53
54 55 53
56 53 55
48 53 56
55 57 56
57 55 28
28 29 57
54 58 55
59 51 47
59 47 50
60 61 62
62 63 60
62 64 63
63 64 65
63 65 66
65 67 66
65 68 67
67 68 69
67 69 70
71 72 73
71 73 74
74 73 75
74 75 76
76 75 77
76 77 78
77 75 79
77 79 80
75 73 81
75 81 79
82 81 73
82 73 72
83 81 82
83 84 81
85 84 83
85 86 84
87 84 86
81 84 87
81 87 79
87 86 88
89 87 88
79 87 89
79 89 80
89 88 90
85 91 86
85 92 91
86 91 93
86 93 88
88 93 94
88 94 90
93 95 94
93 96 95
91 96 93
91 97 96
92 97 91
92 98 97
99 97 98
99 100 97
100 96 97
99 101 100
102 100 101
102 103 100
100 103 96
103 95 96
104 103 102
104 105 103
103 105 95
99 106 101
106 107 101
107 102 101
106 108 107
108 109 107
110 107 109
111 110 109
112 111 109
71 111 112
71 74 111
74 113 111
111 113 110
74 76 113
76 114 113
76 78 114
112 109 115
108 115 109
113 114 116
113 116 110
116 117 110
110 117 107
116 118 117
107 117 102
117 118 104
117 104 102
119 120 121
120 122 121
122 123 121
122 124 123
122 125 124
126 125 122
127 125 126
128 127 126
129 128 126
129 130 128
129 131 130
132 131 129
133 131 132
134 133 132
135 134 132
135 132 136
135 136 137
136 138 137
139 137 138
139 138 140
139 140 141
141 140 142
142 140 143
140 144 143
144 145 143
144 146 145
144 147 146
146 147 148
148 147 149
147 150 149
150 151 149
150 152 151
150 153 152
154 153 150
119 153 154
120 119 154
155 156 157
157 156 158
157 158 159
157 159 160
159 161 160
161 162 160
160 162 163
163 162 164
163 164 165
166 163 165
167 156 155
168 167 155
168 155 169
155 170 169
170 171 169
172 171 166
165 172 166
173 169 171
174 173 171
175 174 171
172 175 171
171 170 176
166 171 177
178 177 171
176 179 171
180 179 176
181 179 180
181 180 182
182 180 183
180 184 183
184 185 183
184 186 185
184 187 186
186 187 188
188 187 189
187 190 189
190 191 189
192 190 177
190 192 191
177 178 192
193 171 179
194 171 193
195 171 194
178 171 195
196 197 198
196 198 199
198 197 200
198 200 201
200 202 201
200 203 202
202 203 204
202 204 205
206 196 199
206 207 196
208 207 206
208 206 209
210 211 212
210 212 213
212 211 214
212 214 215
214 216 215
214 217 216
216 217 218
216 218 219
220 210 213
220 221 210
222 221 220
222 220 223
224 225 226
224 226 227
226 225 228
226 228 229
228 230 229
228 231 230
230 231 232
230 232 233
234 235 236
235 234 237
235 237 238
237 239 238
237 240 239
239 240 241
239 241 242
241 243 242
241 244 243
245 246 247
245 247 248
247 249 248
247 250 249
249 250 251
249 251 252
251 253 252
251 254 253
255 246 245
255 245 256
257 255 256
257 258 255
259 260 261
259 261 262
261 263 262
261 264 263
263 264 265
263 265 266
265 267 266
265 268 267
269 260 259
269 259 270
271 269 270
271 272 269
273 274 275
273 275 276
275 277 276
275 278 277
277 278 279
277 279 280
279 281 280
279 282 281
283 284 285
283 285 286
285 287 286
285 288 287
287 288 289
287 289 290
290 289 291
290 291 292
293 284 283
293 294 284
295 292 291
295 291 296
297 294 293
297 298 294
299 295 296
299 300 295
301 300 299
301 299 302
303 301 302
304 305 306
304 306 307
304 307 308
304 308 309
305 310 306
305 311 310
309 308 312
309 312 313
314 310 311
314 311 315
315 316 314
315 317 316
312 318 313
318 312 319
318 319 320
321 320 319
322 320 321
316 317 323
316 323 324
325 324 323
325 326 324
326 325 327
326 327 328
329 328 327
329 330 328
331 332 333
331 333 334
331 335 332
331 336 335
335 336 337
335 337 338
339 338 337
339 337 340
341 339 340
341 340 342
343 341 342
343 344 341
345 344 343
345 343 346
347 348 349
347 349 350
351 347 350
351 350 352
352 353 351
352 354 353
355 353 354
355 354 356
357 355 356
357 356 358
359 357 358
359 358 360
361 359 360
361 362 359
363 362 361
363 361 364
365 363 364
366 367 368
366 368 369
367 370 368
371 370 367
371 367 372
373 371 372
373 372 374
348 373 374
348 374 349
371 373 375
366 369 376
366 376 377
378 366 377
378 379 366
380 366 379
380 379 381
381 379 382
382 379 378
382 378 383
383 378 377
383 377 384
384 377 385
384 385 386
385 377 387
377 376 387
385 387 388
389 390 391
389 391 392
393 394 395
394 393 396
396 397 394
396 398 397
393 395 399
399 400 393
399 401 400
399 395 402
400 401 403
399 404 401
399 405 404
399 402 406
405 399 406
405 406 407
407 408 405
408 407 409
408 409 410
404 411 401
412 413 414
412 414 415
412 416 413
415 417 412
412 418 416
418 412 419
419 420 418
418 420 421
422 414 413
422 413 416
422 423 414
423 422 424
422 416 425
425 426 422
426 425 427
425 428 427
429 430 431
429 431 432
433 429 432
433 432 434
435 433 434
435 434 436
432 431 437
438 436 434
438 439 436
440 439 438
438 441 440
440 442 439
434 443 438
432 443 434
443 432 444
444 432 437
443 444 445
440 441 446
440 446 447
447 442 440
447 446 448
447 448 449
449 448 450
449 450 451
452 436 439
453 452 439
452 453 454
452 455 436
435 436 455
435 455 456
456 455 457
456 457 458
458 457 431
458 431 430
457 459 431
455 452 460
457 455 460
460 461 457
461 459 457
460 462 461
453 463 454
453 464 463
464 465 463
464 466 465
466 467 465
466 468 467
469 435 456
469 470 435
471 435 470
470 472 471
471 472 473
473 474 471
473 475 474
473 476 475
473 477 476
478 476 477
478 479 476
478 480 479
478 481 480
482 481 478
482 483 481
482 484 483
482 485 484
474 433 471
471 433 435
474 429 433
486 429 474
487 486 474
487 488 486
486 430 429
481 483 489
489 483 490
481 489 491
492 490 483
492 493 490
492 494 493
495 486 488
495 496 486
496 495 497
486 496 458
486 458 430
496 456 458
496 469 456
492 498 494
499 494 498
500 499 498
501 500 498
501 498 502
501 502 503
501 504 500
504 505 500
504 506 505
504 507 506
504 508 507
509 497 507
509 507 508
469 509 510
470 469 510
470 510 511
470 511 472
500 512 499
512 500 513
512 513 514
513 515 514
513 516 515
516 517 515
516 518 517
519 518 516
519 520 518
491 520 519
491 519 481
509 469 496
509 496 497
521 522 523
522 521 524
524 521 525
524 525 526
526 525 527
526 527 528
529 526 528
528 527 530
528 530 531
531 530 532
531 532 533
534 526 529
534 535 526
526 535 524
524 535 536
524 536 537
524 537 538
539 538 537
539 540 538
541 538 540
541 542 538
543 542 541
544 540 539
544 545 540
544 546 545
542 522 538
542 547 522
522 547 548
549 541 540
545 549 540
549 550 541
551 550 549
550 551 552
550 552 541
552 543 541
551 549 553
549 554 553
549 555 554
545 555 549
556 555 545
545 546 556
546 557 556
557 558 556
556 558 555
555 558 554
557 559 558
557 546 560
560 561 557
562 557 561
563 557 562
557 563 564
564 559 557
564 565 559
564 566 565
563 562 567
566 564 568
564 563 568
568 563 569
570 563 567
570 571 563
572 571 570
561 560 573
561 573 534
534 573 535
574 565 566
574 559 565
566 575 574
574 575 576
577 574 576
574 577 559
575 578 576
577 558 559
577 579 558
576 580 577
580 581 577
582 577 581
576 583 580
584 583 576
584 576 585
586 584 585
577 582 587
587 579 577
579 588 558
579 589 588
589 579 587
590 589 587
590 591 589
590 592 591
592 593 591
594 591 593
594 593 595
543 594 595
592 596 593
597 593 596
597 596 598
597 598 599
595 593 600
600 593 597
600 597 521
521 523 600
597 525 521
597 601 525
601 597 599
601 527 525
601 602 527
603 602 601
602 530 527
604 601 599
604 603 601
602 605 530
605 532 530
605 533 532
604 599 606
581 604 606
581 606 582
600 523 548
522 548 523
547 607 548
608 607 547
609 548 607
609 607 608
600 548 609
595 600 609
608 595 609
543 595 608
543 608 542
547 542 608
522 524 538
594 543 552
610 594 552
610 552 551
551 611 610
611 594 610
551 553 611
611 553 554
611 554 588
611 591 594
589 591 611
589 611 588
588 554 558
612 613 614
612 614 615
614 616 615
614 617 616
617 618 616
617 619 618
620 613 612
620 612 621
618 619 622
618 622 623
622 624 623
622 625 624
625 626 624
625 627 626
627 628 626
627 629 628
628 629 630
628 630 631
620 621 632
620 632 633
632 634 633
632 635 634
634 635 636
634 636 637
637 636 638
637 638 639
638 640 639
638 641 640
640 641 642
640 642 643
643 642 644
643 644 645
645 644 646
645 646 647
646 648 647
646 649 648
650 651 652
650 652 653
654 650 653
654 655 650
656 655 654
656 654 657
658 659 660
658 660 661
662 659 658
662 658 663
664 665 666
664 666 667
668 664 667
668 667 669
670 668 669
670 669 671
672 673 674
672 674 675
676 674 673
676 677 674
678 679 680
678 680 681
678 681 682
678 682 683
684 685 686
684 686 687
685 688 686
685 689 688
688 689 690
688 690 691
690 692 691
690 693 692
694 695 696
694 696 697
695 698 696
695 699 698
699 700 698
699 701 700
701 702 700
701 703 702
703 704 702
703 705 704
705 706 704
705 707 706
694 697 708
694 708 709
709 708 710
709 710 711
711 710 712
711 712 713
713 712 714
713 714 715
715 714 716
715 716 717
717 716 718
717 718 719
720 721 722
720 722 723
724 720 723
724 723 725
726 722 721
726 727 722
728 727 726
728 729 727
730 731 732
730 732 733
731 734 732
731 735 734
735 736 734
735 737 736
737 738 736
737 739 738
739 740 738
739 741 740
741 742 740
741 743 742
743 744 742
743 745 744
745 730 733
745 733 744
746 733 732
746 732 747
747 732 734
748 742 744
748 744 749
750 740 742
750 742 748
751 738 740
751 740 750
752 736 738
752 738 751
753 736 752
753 734 736
747 734 753
749 744 733
749 733 746
754 755 756
754 756 757
756 755 758
756 758 759
758 760 759
758 761 760
761 762 760
761 763 762
764 754 757
764 757 765
766 762 763
766 767 762
768 764 765
768 765 769
770 767 766
770 766 771
772 770 771
772 773 770
774 773 772
775 776 777
775 777 778
775 779 776
775 780 779
778 777 781
778 781 782
780 783 779
780 784 783
785 782 781
785 786 782
786 785 787
786 787 788
783 784 789
789 790 783
789 791 790
792 790 791
793 792 791
787 794 788
787 795 794
796 794 795
796 795 797
797 798 796
797 799 798
800 798 799
800 799 801
802 803 804
802 804 805
802 805 806
802 806 807
806 808 807
806 809 808
810 808 809
810 811 808
812 811 810
812 813 811
814 813 812
814 812 815
816 814 815
816 817 814
818 819 820
818 820 821
822 819 818
822 823 819
823 822 824
823 824 825
826 825 824
826 827 825
828 827 826
828 829 827
830 829 828
830 831 829
832 831 830
832 830 833
834 832 833
834 835 832
836 835 834
821 820 837
838 837 839
838 839 840
840 839 841
840 841 842
841 843 842
844 843 841
844 845 843
821 837 838
840 846 838
844 847 845
844 848 847
849 848 844
849 844 850
851 850 844
851 852 850
852 853 850
853 849 850
853 854 849
854 848 849
854 855 848
855 856 848
855 857 856
856 858 848
848 858 847
856 859 858
860 861 862
860 862 863
453 439 864
464 453 864
865 866 867
865 867 868
869 866 865
869 865 870
871 869 870
871 872 869
873 874 875
873 875 876
877 873 876
877 878 873
879 880 881
879 881 882
883 880 879
883 884 880
885 884 883
885 886 884
887 888 889
887 889 890
890 889 891
890 891 892
891 893 892
891 894 893
893 894 895
893 895 896
475 487 474
