byte offset: 0
first index: 0
index count: 1668
topology: trianglelist
format: DXGI_FORMAT_R16_UINT

0 1 2
0 2 3
0 3 4
0 4 5
6 2 1
6 7 2
8 5 4
8 4 9
3 2 10
3 10 11
4 3 11
10 12 11
13 12 10
14 13 10
11 12 15
4 11 15
15 9 4
16 15 12
15 16 17
15 17 18
15 18 9
19 14 10
2 7 19
2 19 10
20 5 8
20 21 5
20 22 21
23 21 22
23 5 21
24 23 22
22 25 24
26 24 25
25 27 26
26 28 24
28 26 29
29 26 30
31 24 28
24 31 23
23 31 32
33 32 31
34 33 31
31 35 34
36 34 35
35 37 36
37 38 36
33 1 32
33 6 1
23 32 1
23 1 0
23 0 5
39 40 41
39 41 42
43 41 40
43 44 41
43 45 44
43 46 45
47 45 46
47 48 45
45 48 49
45 49 50
44 45 50
49 17 50
17 51 50
44 50 52
41 44 52
50 53 52
54 53 50
52 53 55
41 52 55
42 41 55
56 55 53
55 56 57
55 57 58
42 55 58
59 47 46
59 46 60
59 60 61
62 59 61
61 63 62
64 62 63
63 65 64
65 66 64
67 61 60
68 61 67
68 67 69
69 70 68
71 68 70
70 72 71
72 73 71
67 74 69
75 69 74
76 69 75
69 76 77
78 77 76
77 78 79
79 78 80
71 81 68
81 71 82
61 68 81
75 74 40
75 40 39
67 40 74
67 43 40
67 46 43
67 60 46
82 83 84
85 86 87
85 87 88
89 85 88
88 90 89
91 85 89
85 92 86
85 93 92
93 85 94
91 94 85
94 95 93
88 96 97
97 98 88
96 99 97
96 100 99
100 96 101
96 102 101
96 103 102
96 104 103
96 105 104
101 106 100
107 108 109
107 109 110
110 111 112
113 114 115
116 114 117
116 117 118
119 113 120
121 122 123
124 122 121
121 123 125
122 126 123
126 127 123
124 128 129
124 129 130
129 131 130
129 132 131
130 131 133
133 131 134
135 136 137
136 138 137
138 139 137
140 141 142
140 143 141
143 144 141
145 146 147
145 148 146
149 150 151
149 151 152
153 154 155
153 155 156
157 158 159
157 160 158
160 161 162
163 164 165
166 167 165
166 168 167
169 170 163
171 172 173
171 173 174
173 175 174
173 176 175
174 175 177
177 175 178
171 179 172
172 179 180
172 180 181
179 182 180
182 183 180
184 185 186
186 185 187
187 185 188
189 190 191
189 191 192
192 191 193
194 195 196
194 196 197
198 199 200
198 201 199
202 203 204
202 205 203
206 207 208
206 209 210
210 209 211
212 213 214
215 213 216
215 216 217
218 219 220
219 221 220
221 222 220
223 224 225
223 226 224
226 227 224
228 229 230
228 231 229
232 233 234
232 234 235
236 237 238
236 238 239
240 241 242
240 243 244
243 245 244
246 247 248
249 250 248
249 251 250
252 253 254
254 253 255
255 253 256
257 258 259
257 259 260
260 259 261
262 263 264
262 264 265
266 267 268
266 269 267
270 271 272
270 273 271
274 275 276
276 275 277
277 275 278
279 274 276
279 276 277
279 280 274
281 277 278
281 282 277
279 277 282
283 284 285
283 285 286
285 284 287
285 287 288
288 287 289
288 289 290
291 292 293
293 294 291
295 291 294
294 296 295
297 295 296
298 297 296
299 291 295
300 291 299
301 299 295
300 302 291
302 292 291
303 292 302
301 295 304
304 295 297
305 304 297
305 297 306
306 297 307
308 307 297
309 306 307
306 310 305
304 305 310
299 311 300
302 300 311
308 312 313
298 313 314
313 312 315
316 315 312
315 316 317
318 317 316
317 318 319
320 315 317
321 320 317
322 315 320
323 314 313
324 323 313
325 314 323
324 313 326
322 326 315
326 313 315
321 317 327
327 317 319
328 327 319
327 329 321
320 321 329
326 330 324
323 324 330
331 332 333
331 333 334
335 332 331
335 336 332
337 336 335
337 338 336
339 340 341
340 342 341
342 343 341
344 340 339
344 342 340
344 339 345
346 343 342
346 342 347
344 347 342
348 349 350
348 350 351
350 352 351
350 353 352
353 354 352
353 355 354
356 357 358
356 358 359
360 356 359
360 359 361
362 360 361
362 361 363
364 365 366
365 364 367
368 366 365
365 369 368
370 369 365
369 371 368
368 371 372
366 368 372
373 370 365
365 367 373
373 374 370
375 376 377
377 378 375
379 377 376
377 379 380
381 377 380
380 379 382
379 383 382
376 383 379
384 378 377
377 381 384
381 385 384
27 386 387
388 389 390
389 388 391
392 390 389
389 393 392
394 393 389
393 395 392
392 395 396
390 392 396
397 394 389
389 391 397
397 398 394
399 400 401
401 402 399
403 401 400
401 403 404
405 401 404
404 403 406
403 407 406
400 407 403
408 402 401
401 405 408
405 409 408
410 411 412
412 413 410
414 413 412
412 415 414
415 412 416
415 417 414
418 419 416
419 418 411
416 419 420
419 421 420
411 421 419
422 423 424
424 425 422
426 424 423
424 426 427
428 424 427
427 426 429
426 430 429
423 430 426
431 425 424
428 432 431
433 428 431
434 435 436
435 434 437
438 436 435
435 439 438
440 439 435
439 441 438
438 441 442
436 438 442
435 437 443
443 444 440
443 440 445
446 447 448
447 446 449
447 449 450
450 451 447
451 452 447
450 453 451
454 452 455
455 448 454
452 456 455
455 456 457
448 455 457
458 459 460
459 458 461
460 459 462
22 461 458
461 22 20
463 464 465
466 463 465
467 463 466
467 466 468
465 464 469
470 467 468
471 467 470
464 472 469
469 472 473
473 472 474
474 472 475
475 476 474
475 477 476
477 478 476
477 479 478
479 480 478
481 480 479
481 479 482
483 484 485
483 485 486
487 483 486
487 486 488
489 487 488
489 488 490
491 489 490
491 490 492
484 493 485
484 494 493
494 495 493
494 496 495
496 497 495
496 498 497
498 499 497
498 500 499
500 501 499
500 502 501
502 503 501
502 504 503
505 506 504
505 507 506
508 509 510
509 511 510
509 512 511
512 513 511
512 514 513
508 510 515
516 508 515
517 514 512
516 515 518
519 516 518
520 516 519
521 520 519
522 520 521
523 522 521
524 522 523
524 523 525
526 524 525
526 527 524
528 529 530
528 530 531
532 529 528
532 533 529
534 533 532
534 535 533
531 530 536
531 536 537
537 536 538
537 538 539
539 538 540
539 540 541
541 540 542
541 542 543
543 542 544
543 544 545
546 547 548
546 548 549
550 551 552
553 551 550
554 553 550
554 555 553
551 556 552
557 555 554
558 557 554
552 556 559
556 560 559
560 561 559
561 562 559
562 561 563
562 563 564
564 563 565
564 565 566
566 565 567
568 566 567
568 569 566
570 571 572
570 572 573
574 571 570
574 575 571
576 575 574
576 577 575
578 577 576
578 579 577
573 572 580
573 580 581
581 580 582
581 582 583
583 582 584
583 584 585
585 584 586
585 586 587
587 586 588
587 588 589
589 588 590
589 590 591
592 591 593
592 593 594
595 596 597
597 596 598
597 598 599
599 598 600
599 600 601
595 602 596
603 602 595
604 599 601
603 605 602
606 605 603
607 606 603
608 606 607
609 608 607
610 608 609
611 610 609
611 612 610
613 612 611
613 611 614
615 616 617
615 617 618
619 615 618
619 618 620
621 619 620
621 620 622
616 623 617
616 624 623
624 625 623
624 626 625
626 627 625
626 628 627
628 629 627
628 630 629
630 631 629
630 632 631
633 634 635
633 635 636
