byte offset: 0
first index: 0
index count: 6636
topology: trianglelist
format: DXGI_FORMAT_R16_UINT

0 1 2
3 1 0
3 4 1
5 4 3
5 6 4
7 6 5
7 8 6
7 9 8
10 9 7
10 11 9
12 11 10
13 11 12
14 13 12
15 13 14
15 14 16
17 16 14
17 18 16
17 19 18
20 18 19
21 22 23
23 24 21
24 23 25
25 26 24
22 21 27
27 28 22
28 27 29
29 30 28
31 30 29
32 30 31
33 32 31
24 26 34
35 34 26
35 36 34
37 36 35
37 35 38
39 37 38
40 41 42
42 41 43
43 41 44
44 41 45
46 40 42
46 47 40
46 48 47
49 44 45
47 48 50
50 48 51
49 52 44
53 52 49
52 53 54
55 54 53
54 55 56
57 56 55
56 57 58
57 59 58
59 57 60
60 61 59
61 60 62
61 62 63
62 64 63
64 62 65
66 55 53
53 67 66
67 53 49
55 66 68
55 69 57
69 55 68
69 60 57
60 69 70
62 70 65
70 62 60
49 71 67
71 49 45
41 71 45
71 41 72
41 40 72
72 40 73
40 74 73
73 74 75
76 75 74
75 76 77
77 76 78
79 80 81
81 80 82
80 79 83
80 83 84
84 83 85
85 86 84
84 86 87
84 87 88
84 88 80
80 88 89
80 89 82
79 81 90
81 91 90
92 91 81
92 81 82
90 91 93
93 91 94
94 91 95
91 92 95
96 92 82
92 96 97
92 97 95
98 95 97
98 97 99
95 98 100
95 100 94
87 86 101
86 102 101
101 102 103
102 104 103
102 105 104
106 105 102
106 102 86
107 104 105
104 107 108
106 86 85
100 98 109
109 110 100
109 111 110
100 110 112
100 112 94
113 94 112
93 94 113
114 108 107
114 115 108
115 114 116
117 108 115
118 116 114
116 118 119
114 107 120
118 114 120
121 118 120
122 118 121
122 123 118
118 123 119
122 121 124
124 125 122
126 125 124
122 125 127
122 127 123
104 117 103
117 104 108
128 129 130
131 130 129
51 132 133
50 51 133
134 135 136
135 134 137
138 137 134
137 138 139
138 140 139
140 138 141
141 142 140
142 141 143
143 144 142
143 145 144
146 136 135
146 147 136
148 149 150
148 150 151
148 151 152
148 152 153
152 154 153
153 154 155
155 154 156
156 157 155
158 157 156
158 159 157
160 159 158
155 157 161
157 162 161
163 162 157
159 163 157
163 164 162
165 164 163
165 163 166
165 166 167
167 166 168
168 166 169
170 168 169
168 170 171
172 171 170
171 172 173
174 173 172
173 174 175
174 176 175
177 169 166
163 177 166
177 178 169
177 179 178
178 179 180
177 181 179
177 182 181
177 183 182
182 183 184
177 185 183
177 186 185
187 186 177
187 188 186
187 177 189
189 177 190
177 191 190
191 177 192
177 163 192
191 192 193
192 163 159
192 159 194
193 192 194
195 194 159
160 195 159
195 196 194
196 193 194
196 197 193
196 198 197
199 200 201
200 199 202
203 201 200
204 203 200
203 204 205
205 206 203
201 207 199
207 201 208
208 201 203
209 207 208
207 209 210
211 208 203
211 209 208
211 203 212
213 212 203
203 206 213
214 212 213
212 214 211
215 210 209
216 210 215
217 216 215
215 218 217
218 215 219
215 220 219
220 215 221
215 209 221
220 221 222
221 209 223
211 223 209
221 223 224
223 225 224
211 225 223
225 226 224
226 221 224
222 221 226
225 227 226
228 216 217
229 216 228
225 230 227
225 231 230
211 231 225
214 231 211
214 232 231
230 231 233
231 234 233
231 232 234
235 232 214
213 235 214
213 236 235
213 237 236
236 237 238
239 238 237
238 239 240
240 239 241
241 239 242
242 239 243
243 239 237
241 244 240
241 245 244
245 241 246
246 241 242
245 247 244
247 245 248
247 248 249
249 248 250
250 248 251
251 248 252
248 245 252
253 245 246
245 253 252
237 206 243
237 213 206
254 255 256
257 256 255
255 258 257
258 255 259
260 258 259
258 260 261
260 262 261
262 260 263
254 256 264
254 264 265
266 265 264
266 264 256
266 256 267
268 267 256
269 267 268
267 269 270
269 271 270
271 269 272
273 271 272
271 273 274
275 276 277
275 278 276
276 279 277
276 278 280
278 281 280
281 278 282
282 283 281
283 282 284
283 284 285
285 286 283
286 285 287
288 287 285
289 290 291
290 289 292
291 290 293
293 294 291
291 294 295
295 294 296
295 296 297
295 297 298
298 297 299
298 299 300
300 301 298
298 301 302
303 302 301
303 304 302
293 305 294
306 307 308
308 309 306
306 309 310
311 308 307
312 311 307
311 312 313
314 313 312
313 314 315
316 315 314
315 316 317
308 311 318
319 317 316
317 319 320
320 319 321
320 321 322
322 321 323
322 323 324
325 322 324
324 326 325
325 326 327
327 326 328
327 328 329
328 330 329
331 308 318
308 331 309
309 331 332
309 332 333
333 332 334
334 335 333
335 334 336
335 336 337
338 335 337
338 337 339
309 333 340
340 333 335
340 335 341
341 335 338
341 338 342
338 343 342
343 338 344
339 344 338
345 344 339
346 344 345
346 347 344
347 343 344
346 345 348
349 346 348
346 349 350
346 350 347
351 350 349
351 349 352
349 348 352
353 354 355
354 353 356
353 357 356
357 353 358
359 355 354
360 357 358
360 358 361
361 362 360
362 361 363
363 364 362
364 363 365
365 366 364
366 365 367
367 368 366
368 367 369
370 368 369
368 370 371
370 372 371
373 372 370
374 372 373
374 375 372
374 376 375
374 377 376
377 378 376
378 379 376
378 380 379
380 378 381
382 380 381
380 382 383
384 383 382
383 384 385
386 385 384
385 386 387
388 387 386
387 388 389
389 388 390
389 390 391
392 391 390
391 392 393
392 394 393
394 392 395
396 394 395
397 398 399
400 401 402
401 400 403
404 402 401
402 404 405
404 406 405
406 404 407
408 403 400
403 408 409
410 411 412
411 410 413
410 414 413
414 410 415
415 416 414
416 415 417
417 418 416
418 417 419
419 420 418
420 419 421
411 422 412
421 423 420
423 421 424
425 423 424
423 425 426
427 426 425
426 427 428
428 427 429
430 431 432
433 431 430
433 434 431
435 434 433
435 436 434
437 436 435
435 438 437
438 435 439
439 435 433
437 438 440
433 430 441
439 433 441
430 432 442
437 440 443
443 440 444
443 444 445
445 444 446
445 446 447
447 448 445
448 447 449
450 449 447
446 450 447
449 450 451
452 445 448
452 443 445
452 453 443
453 437 443
453 436 437
454 450 446
455 454 446
455 446 456
454 457 450
457 454 458
459 457 458
459 460 457
450 457 460
460 459 461
462 461 459
455 463 454
454 463 458
463 455 464
463 464 465
461 462 466
467 466 462
466 468 461
468 469 461
461 469 460
469 468 470
471 460 469
471 469 470
472 460 471
460 472 450
451 450 472
473 89 474
88 474 89
473 82 89
82 473 475
96 82 475
476 477 478
478 477 479
479 477 480
479 480 481
481 480 482
481 482 483
484 483 482
484 485 483
486 485 484
486 487 485
150 149 488
150 488 489
490 150 489
490 491 150
490 492 491
490 493 492
492 493 494
493 495 494
495 496 494
496 495 497
498 496 497
498 497 499
500 498 499
495 501 497
497 501 502
503 497 502
499 497 503
503 502 504
505 503 504
505 506 503
505 507 506
507 508 506
508 509 506
508 510 509
510 508 511
511 512 510
512 511 513
513 514 512
514 513 515
514 515 516
517 506 509
517 503 506
517 509 518
517 518 519
518 520 519
517 519 521
517 521 522
517 522 523
522 524 523
517 523 525
517 525 526
527 517 526
527 526 528
527 529 517
529 530 517
531 517 530
517 531 532
503 517 532
531 533 532
532 499 503
532 534 499
533 534 532
535 499 534
500 499 535
535 534 536
536 534 533
536 533 537
536 537 538
539 540 541
540 539 542
543 541 540
541 543 544
545 542 539
542 545 546
543 547 544
547 543 548
548 549 547
549 548 550
550 551 549
551 550 552
552 553 551
553 552 554
554 555 553
555 554 556
556 557 555
557 556 558
559 557 558
557 559 560
560 559 561
562 546 545
546 562 563
564 563 562
563 564 565
566 565 564
565 566 567
568 567 566
567 568 569
568 570 569
570 568 571
571 572 570
572 571 573
573 574 572
574 573 575
574 575 576
577 578 579
578 577 580
581 578 580
582 578 581
583 582 581
583 584 582
585 584 583
584 585 586
587 586 585
587 588 586
589 588 587
589 590 588
591 590 589
591 592 590
591 593 592
594 592 593
592 594 595
594 596 595
596 594 597
598 596 597
596 598 599
600 601 602
601 603 602
604 605 606
605 604 607
608 607 604
607 608 609
610 606 605
606 610 611
610 612 611
612 610 613
613 614 612
613 615 614
616 614 615
617 614 616
616 618 617
618 616 619
619 620 618
620 619 621
621 622 620
622 621 623
624 625 626
627 625 624
625 627 628
629 630 631
630 629 632
629 633 632
633 629 634
635 631 630
631 635 636
637 636 635
636 637 638
639 638 637
638 639 640
641 640 639
640 641 642
643 644 645
644 643 646
577 647 648
647 577 579
649 648 647
648 649 650
651 650 649
650 651 652
653 652 651
652 653 654
654 653 655
656 654 655
654 656 657
657 656 658
659 657 658
659 658 660
660 661 659
661 660 662
663 664 665
664 663 666
665 667 663
667 665 668
669 667 668
667 669 670
671 670 669
670 671 672
664 666 673
674 672 671
672 674 675
676 675 674
675 676 677
677 676 678
679 680 681
681 680 682
680 683 682
682 683 684
682 684 685
686 682 685
687 686 685
688 686 687
688 689 686
690 689 688
690 691 689
692 691 690
692 693 691
692 694 693
694 695 693
695 694 696
697 695 696
695 697 698
699 698 697
698 699 700
699 701 700
701 699 702
703 701 702
704 701 703
704 703 705
704 705 706
706 705 707
707 705 708
708 709 707
708 710 709
710 711 709
712 711 710
713 711 712
711 713 714
715 714 713
716 714 715
714 716 717
718 717 716
719 720 721
722 720 719
720 722 723
724 723 722
723 724 725
726 725 724
727 725 726
728 727 726
729 728 726
730 728 729
730 731 728
728 731 732
733 728 732
733 732 734
733 734 735
735 734 736
737 735 736
736 738 737
739 737 738
739 735 737
739 738 740
740 738 741
740 741 742
742 741 743
744 743 741
738 744 741
743 744 745
744 746 745
746 747 745
747 746 748
748 749 747
749 748 750
750 751 749
751 750 752
751 752 753
744 738 754
743 755 742
756 755 743
756 757 755
758 755 757
758 757 759
757 760 759
761 758 759
762 758 761
763 762 761
764 762 763
765 764 763
763 766 765
765 767 764
765 768 767
767 768 769
770 769 768
771 769 770
771 770 772
771 773 769
774 773 771
774 775 773
773 775 776
777 776 775
776 777 778
779 778 777
778 779 780
781 780 779
780 781 782
783 782 781
784 785 730
731 730 785
786 787 788
787 786 789
789 790 787
790 789 791
792 790 791
790 792 793
794 793 792
795 793 794
795 794 796
796 797 795
797 796 798
799 798 796
798 799 800
801 786 788
800 799 802
800 802 803
804 800 803
805 804 803
806 804 805
807 804 806
804 807 808
808 807 809
810 811 812
810 813 811
814 813 810
812 811 815
812 815 816
814 817 813
818 817 814
814 819 818
820 817 818
818 821 820
816 815 822
822 823 816
824 825 826
825 824 827
828 827 824
827 828 829
830 826 825
826 830 831
832 831 830
831 832 833
834 835 836
835 834 837
838 834 836
834 838 839
840 839 838
839 840 841
842 841 840
841 842 843
844 843 842
843 844 845
846 845 844
845 846 847
848 847 846
847 848 849
848 850 849
850 848 851
852 853 854
852 855 853
855 852 856
856 857 855
857 856 858
858 859 857
859 858 860
860 861 859
861 860 862
862 863 861
863 862 864
864 865 863
865 864 866
866 867 865
867 866 868
868 869 867
869 868 870
870 871 869
871 870 872
872 873 871
873 872 874
875 873 874
873 875 876
877 876 875
876 877 878
877 879 878
879 877 880
881 879 880
882 879 881
881 883 882
883 881 884
884 885 883
885 884 886
887 885 886
885 887 888
889 890 891
892 890 889
893 894 895
893 896 894
896 897 894
898 893 895
898 895 899
900 898 899
900 899 901
901 902 900
903 902 901
903 904 902
902 904 905
906 905 904
907 905 906
908 907 906
896 909 897
909 910 897
910 909 911
912 910 911
911 913 912
913 914 912
910 912 915
913 916 914
913 917 916
721 916 917
721 917 918
719 721 918
919 920 921
921 922 919
923 919 922
919 923 924
925 924 923
924 925 926
927 926 925
926 927 928
927 929 928
920 930 921
931 932 735
735 739 931
933 934 935
934 933 936
937 935 934
935 937 938
939 940 941
940 939 942
943 944 945
944 943 946
947 948 949
948 947 950
951 952 953
952 951 954
955 956 957
958 957 956
957 958 959
956 955 960
961 962 963
962 961 964
965 963 962
963 965 966
967 968 969
967 970 968
971 970 967
972 970 971
970 972 973
974 973 972
973 974 975
976 975 974
975 976 977
969 968 978
979 980 981
981 982 979
980 983 984
985 980 984
984 986 985
986 984 987
980 985 988
985 989 988
989 985 990
991 990 985
989 990 992
992 990 993
991 985 994
994 985 995
994 995 996
994 996 997
997 996 998
997 998 999
1000 1001 1002
1001 1000 1003
1004 1005 1006
1005 1004 1007
1008 1009 1010
1011 1009 1008
1009 1011 1012
1011 1013 1012
1010 1009 1014
1015 1016 1017
1016 1015 1018
1019 1018 1015
1018 1019 1020
1016 1021 1017
1021 1016 1022
1019 1023 1020
1019 1024 1023
1024 1019 1025
1026 1027 1028
1027 1026 1029
1030 1029 1026
1029 1030 1031
1032 1031 1030
1031 1032 1033
1034 1028 1027
1035 1028 1034
1028 1035 1036
1037 1038 1039
1038 1037 1040
1041 1037 1039
1037 1041 1042
1043 1044 1045
1044 1043 1046
1047 1048 1049
1048 1047 1050
1047 1049 1051
1049 1052 1051
1051 1052 1053
1054 1055 1056
1056 1057 1054
1057 1056 1058
1059 1058 1056
1058 1059 1060
1057 1061 1054
1056 1062 1059
1062 1056 1055
1063 1062 1055
1062 1063 1064
1065 1055 1054
1055 1065 1063
1065 1054 1061
1066 1067 1068
1067 1066 1069
1070 1067 1069
1067 1070 1071
1070 1072 1071
1072 1070 1073
1073 1074 1072
1074 1073 1075
1076 1074 1075
1077 1078 1079
1078 1077 1080
1078 1081 1079
1081 1078 1082
1083 1081 1082
1081 1083 1084
1085 1080 1077
1080 1085 1086
1085 1087 1086
1088 1089 1090
1089 1088 1091
1089 1092 1090
1093 1090 1092
1091 1088 1094
1095 1094 1088
1094 1095 1096
1095 1097 1096
1097 1095 1098
1097 1098 1099
1100 1093 1092
1101 1093 1100
1101 1102 1093
1102 1101 1103
1104 1102 1103
1102 1104 1105
1105 1104 1106
1105 1106 1107
1107 1108 1105
1107 1109 1108
1108 1109 1110
1111 1110 1109
1112 1110 1111
1112 1113 1110
1113 1112 1114
1115 1113 1114
1113 1115 1116
1116 1115 1117
1116 1117 1118
1118 1119 1116
1119 1118 1120
1120 1121 1119
1122 1121 1120
1123 1121 1122
1123 1124 1121
1124 1123 1125
1126 1124 1125
1124 1126 1127
1128 1127 1126
1129 1127 1128
1129 1130 1127
1130 1129 1131
1130 1131 1098
1098 1131 1099
1132 1133 1134
1132 1135 1133
1134 1136 1132
1137 1138 1139
1139 1140 1137
1139 1141 1140
1141 1139 1142
1142 1143 1141
1143 1142 1144
1140 1145 1137
1146 1140 1141
1140 1146 1145
1147 1138 1137
1146 1147 1145
1147 1137 1145
1147 1146 1148
1149 1148 1146
1141 1149 1146
1149 1141 1143
1148 1149 1150
1151 1152 1153
1152 1151 1154
1153 1152 1155
1152 1156 1155
1157 1158 1159
1158 1157 1160
1158 1160 1161
1158 1161 1162
1163 1164 1165
1165 1164 1166
1164 1167 1166
1163 1165 1168
1163 1168 1169
1170 1171 1172
1171 1170 1173
1173 1174 1171
1174 1173 1175
1176 1174 1175
1174 1176 1177
1176 1178 1177
1178 1176 1179
1180 1181 1182
1183 1181 1180
1181 1183 1184
1184 1185 1181
1185 1184 1186
1183 1180 1187
1187 1180 1188
1182 1188 1180
1188 1182 1189
1190 1189 1182
1190 1181 1185
1181 1190 1182
1189 1190 1191
1192 1193 1194
1193 1192 1195
1196 1193 1195
1193 1196 1197
1196 1198 1197
1198 1196 1199
1194 1200 1192
1200 1194 1201
1202 1203 1204
1203 1202 1205
1206 1205 1202
1205 1206 1207
1208 1207 1206
1207 1208 1209
1210 1204 1203
1204 1210 1211
1211 1210 1212
1213 1209 1208
1209 1213 1214
1215 1214 1213
1214 1215 1216
1216 1215 1217
1218 1219 1220
1218 1220 1221
1219 1218 1222
1223 1224 1225
1226 1227 1228
738 736 754
1229 1230 1231
1231 1230 1232
1231 1232 1233
1234 1233 1232
1235 1236 1237
1236 1238 1237
1236 1239 1238
1238 1239 1240
1241 1242 1243
1244 1245 1246
1247 1244 1246
1247 1246 1248
1249 1247 1248
1249 1248 1250
1251 1249 1250
1251 1250 1252
1251 1252 1253
1254 1251 1253
1254 1253 1255
1256 1254 1255
1257 1256 1255
1258 1256 1257
1259 1258 1257
1259 1260 1258
1261 1258 1260
1261 1260 1262
1261 1262 1263
1264 1263 1262
1265 1266 1267
1266 1265 1268
1268 1269 1266
1269 1268 1270
1267 1271 1265
1271 1267 1272
1272 1273 1271
1273 1272 1274
1275 1273 1274
1276 1275 1274
1277 1275 1276
1268 1278 1270
1279 1270 1278
1279 1278 1280
1281 1279 1280
1281 1282 1279
1283 1282 1281
1284 1285 1286
1285 1287 1286
1287 1288 1286
1288 1289 1286
1290 1285 1284
1290 1284 1291
1290 1291 1292
1293 1289 1288
1291 1294 1292
1294 1295 1292
1293 1288 1296
1296 1297 1293
1297 1296 1298
1298 1299 1297
1299 1298 1300
1300 1301 1299
1301 1300 1302
1303 1301 1302
1301 1303 1304
1305 1304 1303
1304 1305 1306
1305 1307 1306
1308 1306 1307
1306 1308 1309
1299 1310 1297
1311 1297 1310
1297 1311 1293
1310 1299 1312
1313 1299 1301
1299 1313 1312
1304 1313 1301
1313 1304 1314
1306 1314 1304
1314 1306 1309
1315 1293 1311
1293 1315 1289
1315 1286 1289
1286 1315 1316
1286 1316 1284
1317 1284 1316
1284 1317 1318
1319 1318 1317
1319 1320 1318
1320 1319 1321
1322 1320 1321
1323 1324 1325
1324 1326 1325
1325 1327 1323
1325 1328 1327
1325 1329 1328
1328 1330 1327
1330 1328 1331
1328 1332 1331
1329 1332 1328
1323 1333 1324
1324 1333 1334
1335 1324 1334
1335 1326 1324
1333 1336 1334
1336 1337 1334
1337 1338 1334
1334 1338 1335
1339 1326 1335
1335 1340 1339
1335 1338 1340
1341 1340 1338
1341 1342 1340
1338 1343 1341
1338 1337 1343
1332 1344 1331
1331 1344 1345
1346 1331 1345
1346 1345 1347
1345 1348 1347
1348 1349 1347
1349 1348 1350
1345 1351 1348
1344 1351 1345
1343 1352 1341
1343 1337 1353
1343 1353 1354
1352 1343 1354
1352 1354 1355
1356 1349 1350
1357 1356 1350
1356 1357 1358
1359 1357 1350
1348 1351 1359
1359 1350 1348
1358 1360 1356
1360 1358 1361
1356 1362 1349
1360 1362 1356
1363 1362 1360
1364 1363 1360
1364 1360 1365
1360 1361 1365
1364 1366 1363
1366 1364 1367
1368 1366 1367
1364 1369 1367
1364 1365 1369
1370 1371 1295
1294 1370 1295
1372 1373 1374
1373 1372 1375
1375 1376 1373
1376 1375 1377
1378 1376 1377
1376 1378 1379
1380 1379 1378
1379 1380 1381
1381 1380 1382
1381 1382 1383
1384 1372 1374
1384 1374 1385
199 1386 202
1386 199 1387
1388 1386 1387
1388 1389 1386
1389 1388 1390
1390 1388 1391
207 1387 199
1387 207 1392
1392 1388 1387
207 1393 1392
1393 207 210
1394 1388 1392
1394 1392 1393
1394 1395 1388
1396 1388 1395
1388 1396 1391
1397 1396 1395
1395 1394 1397
1398 1393 210
216 1398 210
1399 1398 216
1400 1398 1399
1398 1400 1401
1402 1398 1401
1398 1402 1403
1398 1403 1393
1402 1404 1403
1403 1405 1393
1394 1393 1405
1403 1406 1405
1405 1406 1407
1394 1405 1407
1407 1406 1408
1408 1406 1403
1404 1408 1403
1407 1408 1409
1410 1399 216
229 1410 216
1407 1409 1411
1407 1411 1412
1394 1407 1412
1397 1394 1412
1397 1412 1413
1411 1414 1412
1412 1414 1415
1412 1415 1413
1416 1397 1413
1396 1397 1416
1396 1416 1417
1396 1417 1418
1417 1419 1418
1419 1420 1418
1420 1419 1421
1421 1422 1420
1422 1423 1420
1423 1424 1420
1424 1418 1420
1422 1421 1425
1422 1425 1426
1426 1427 1422
1427 1423 1422
1428 1426 1425
1426 1428 1429
1428 1430 1429
1430 1431 1429
1431 1432 1429
1432 1433 1429
1429 1433 1426
1434 1427 1426
1426 1433 1434
1418 1424 1391
1418 1391 1396
1435 1436 1437
1435 1437 1438
1437 1436 1439
1437 1440 1438
1441 1438 1440
1438 1441 1442
1443 1442 1441
1442 1443 1444
1443 1445 1444
1445 1443 1446
1446 1447 1445
1448 1445 1447
1449 1450 1451
1451 1452 1449
1450 1453 1451
1453 1450 1454
1450 1455 1454
1455 1456 1454
1455 1457 1456
1455 1458 1457
1458 1459 1457
1458 1460 1459
1460 1458 1461
1458 1462 1461
1463 1461 1462
1463 1462 1464
1453 1454 1465
1466 1467 1468
1467 1466 1469
1466 1470 1469
1471 1467 1469
1467 1471 1472
1467 1473 1468
1473 1467 1472
1473 1474 1468
1474 1473 1475
1475 1476 1474
1476 1475 1477
1477 1478 1476
1478 1477 1479
1479 1480 1478
1480 1479 1481
1481 1482 1480
1481 1483 1482
1483 1484 1482
1483 1485 1484
1486 1485 1483
1485 1486 1487
1486 1488 1487
1488 1489 1487
1488 1490 1489
1489 1490 1491
1492 1493 1494
1495 1496 1497
1496 1495 1498
1498 1499 1496
1499 1498 1500
1501 1499 1500
1499 1501 1502
1497 1503 1495
1503 1497 1504
1505 1506 1329
1505 1329 1325
1325 1326 1505
1505 1326 1507
1505 1507 1506
1508 1507 1326
1339 1508 1326
1509 1510 1511
1510 1509 1512
1513 1509 1511
1509 1513 1514
1515 1514 1513
1514 1515 1516
1517 1516 1515
1516 1517 1518
1519 1518 1517
1518 1519 1520
1510 1512 1521
1522 1520 1519
1520 1522 1523
1522 1524 1523
1524 1522 1525
1525 1526 1524
1526 1525 1527
1528 1526 1527
1529 1530 1531
1532 1529 1531
1532 1531 1533
1534 1532 1533
1534 1533 1535
1536 1534 1535
1534 1536 1537
1537 1538 1534
1538 1532 1534
1536 1539 1537
1532 1540 1529
1538 1540 1532
1529 1541 1530
1536 1542 1539
1542 1543 1539
1542 1544 1543
1544 1545 1543
1544 1546 1545
1547 1546 1544
1546 1547 1548
1548 1549 1546
1545 1546 1549
1549 1548 1550
1549 1550 1551
1547 1544 1552
1552 1544 1542
1552 1542 1553
1553 1542 1536
1553 1536 1535
1554 1545 1549
1555 1545 1554
1555 1556 1545
1554 1549 1557
1557 1558 1554
1559 1558 1557
1560 1559 1557
1549 1560 1557
1551 1560 1549
1559 1560 1561
1562 1559 1561
1555 1554 1563
1554 1558 1563
1563 1564 1555
1563 1565 1564
1561 1566 1562
1567 1562 1566
1566 1561 1568
1569 1568 1561
1561 1560 1569
1568 1569 1570
1571 1569 1560
1571 1570 1569
1560 1551 1571
1572 1573 1574
1573 1575 1574
1575 1576 1574
1575 1577 1576
1577 1578 1576
1577 1579 1578
1580 1578 1579
1580 1579 1581
1582 1580 1581
1582 1581 1583
1584 1585 1586
1585 1584 1587
1586 1588 1584
1588 1586 1589
1587 1590 1585
1590 1587 1591
1592 1588 1589
1588 1592 1593
1594 1593 1592
1593 1594 1595
1596 1595 1594
1595 1596 1597
1598 1597 1596
1597 1598 1599
1600 1599 1598
1599 1600 1601
1602 1601 1600
1601 1602 1603
1602 1604 1603
1604 1602 1605
1605 1606 1604
1607 1591 1608
1591 1607 1590
1608 1609 1607
1609 1608 1610
1610 1611 1609
1611 1610 1612
1612 1613 1611
1613 1612 1614
1615 1613 1614
1613 1615 1616
1617 1616 1615
1616 1617 1618
1619 1618 1617
1618 1619 1620
1619 1621 1620
1622 1623 1624
1623 1622 1625
1626 1624 1623
1627 1626 1623
1628 1626 1627
1628 1627 1629
1629 1630 1628
1630 1629 1631
1632 1630 1631
1632 1631 1633
1634 1632 1633
1634 1633 1635
1636 1634 1635
1636 1635 1637
1636 1637 1638
1637 1639 1638
1639 1637 1640
1641 1639 1640
1639 1641 1642
1641 1643 1642
1643 1641 1644
1645 1353 1337
1336 1645 1337
1346 1330 1331
1646 1647 1648
1648 1647 1649
1650 1651 1652
1651 1650 1653
1652 1654 1650
1654 1652 1655
1656 1651 1653
1653 1657 1656
1658 1656 1657
1656 1658 1659
1659 1658 1660
1659 1660 1661
1662 1661 1660
1663 1662 1660
1664 1662 1663
1662 1664 1665
1666 1665 1664
1665 1666 1667
1668 1667 1666
1667 1668 1669
1670 1671 1672
1672 1673 1670
1673 1672 1674
1675 1676 1677
1676 1675 1678
1679 1675 1677
1675 1679 1680
1678 1681 1676
1681 1678 1682
1682 1683 1681
1683 1682 1684
1684 1685 1683
1685 1684 1686
1686 1687 1685
1687 1686 1688
1689 1690 1691
1692 1691 1690
1689 1693 1690
1690 1694 1692
1690 1693 1694
1692 1694 1695
1692 1695 1696
1692 1696 1697
1692 1697 1691
1695 1698 1696
1697 1696 1699
1700 1699 1696
1698 1700 1696
1699 1700 1701
1700 1698 1702
1700 1702 1703
1703 1702 1704
1705 1703 1704
1703 1705 1706
1706 1705 1707
1708 1703 1706
1469 1708 1706
1469 1706 1707
1708 1709 1703
1709 1700 1703
1709 1701 1700
1469 1707 1471
1710 1711 1712
1711 1710 1713
1714 1622 1715
1622 1714 1625
1715 1716 1714
1716 1715 1717
1717 1718 1716
1718 1717 1719
1719 1720 1718
1720 1719 1721
1721 1722 1720
1721 1723 1722
1723 1721 1724
1724 1725 1723
1726 1725 1724
1726 1727 1725
1727 1726 1728
1728 1729 1727
1730 1731 1732
1731 1730 1733
1734 1733 1730
1733 1734 1735
1734 1736 1735
1736 1734 1737
1737 1738 1736
1738 1737 1739
1731 1740 1732
1739 1741 1738
1741 1739 1742
1742 1743 1741
1743 1742 1744
1744 1745 1743
1746 1747 1748
1747 1749 1748
1748 1749 1750
1749 1751 1750
1749 1752 1751
1753 1752 1749
1754 1752 1753
1755 1754 1753
1755 1753 1756
1757 1755 1756
1757 1756 1758
1759 1757 1758
1759 1758 1760
1759 1760 1761
1762 1761 1760
1761 1762 1763
1762 1764 1763
1764 1762 1765
1765 1766 1764
1766 1765 1767
1768 1766 1767
1766 1768 1769
1770 1769 1768
1771 1770 1768
1771 1772 1770
1771 1773 1772
1773 1774 1772
1774 1775 1772
1775 1774 1776
1775 1776 1777
1777 1776 1778
1779 1777 1778
1778 1780 1779
1780 1778 1781
1782 1780 1781
1781 1783 1782
1783 1781 1784
1785 1783 1784
1786 1787 1788
1788 1789 1786
1789 1788 1790
1790 1791 1789
1791 1790 1792
1793 1791 1792
1794 1793 1792
1795 1793 1794
1796 1793 1795
1797 1796 1795
1798 1797 1795
1795 1799 1798
1800 1799 1795
1800 1801 1799
1800 1802 1801
1802 1803 1801
1804 1803 1802
1805 1803 1804
1806 1805 1804
1802 1806 1804
1806 1807 1805
1807 1808 1805
1807 1809 1808
1809 1810 1808
1810 1811 1808
1811 1805 1808
1811 1810 1812
1811 1812 1813
1814 1813 1812
1813 1814 1815
1816 1815 1814
1815 1816 1817
1818 1817 1816
1817 1818 1819
1818 1820 1819
1805 1811 1821
1810 1809 1822
1823 1810 1822
1823 1822 1824
1825 1824 1822
1825 1826 1824
1824 1826 1827
1828 1826 1825
1829 1828 1825
1830 1828 1829
1831 1830 1829
1832 1830 1831
1830 1832 1833
1832 1831 1834
1832 1834 1835
1834 1836 1835
1837 1835 1836
1838 1837 1836
1838 1839 1837
1838 1836 1840
1841 1838 1840
1841 1840 1842
1840 1843 1842
1843 1844 1842
1844 1843 1845
1845 1846 1844
1846 1845 1847
1847 1848 1846
1848 1847 1849
1850 1848 1849
1851 1797 1852
1797 1798 1852
1853 1854 1855
1854 1853 1856
1857 1855 1854
1855 1857 1858
1857 1859 1858
1859 1857 1860
1861 1859 1860
1862 1861 1860
1862 1863 1861
1863 1862 1864
1864 1865 1863
1866 1863 1865
1865 1867 1866
1868 1856 1853
1867 1869 1866
1867 1870 1869
1871 1870 1867
1872 1870 1871
1873 1872 1871
1874 1873 1871
1871 1875 1874
1875 1876 1874
1877 1878 1879
1877 1879 1880
1881 1877 1880
1878 1882 1879
1878 1883 1882
1881 1880 1884
1885 1881 1884
1881 1885 1886
1887 1885 1884
1885 1887 1888
1883 1889 1882
1889 1883 1890
1891 1892 1893
1892 1891 1894
1893 1895 1891
1895 1893 1896
1894 1897 1892
1897 1894 1898
1898 1899 1897
1899 1898 1900
1901 1902 1903
1902 1901 1904
1902 1905 1903
1905 1902 1906
1906 1907 1905
1907 1906 1908
1908 1909 1907
1909 1908 1910
1910 1911 1909
1911 1910 1912
1912 1913 1911
1913 1912 1914
1914 1915 1913
1915 1914 1916
1917 1915 1916
1915 1917 1918
1919 1920 1921
1922 1919 1921
1919 1922 1923
1924 1923 1922
1923 1924 1925
1926 1925 1924
1925 1926 1927
1928 1927 1926
1927 1928 1929
1930 1929 1928
1929 1930 1931
1932 1931 1930
1931 1932 1933
1934 1933 1932
1933 1934 1935
1936 1935 1934
1935 1936 1937
1938 1937 1936
1937 1938 1939
1940 1939 1938
1939 1940 1941
1940 1942 1941
1942 1940 1943
1943 1944 1942
1944 1943 1945
1946 1944 1945
1944 1946 1947
1948 1947 1946
1949 1948 1946
1950 1948 1949
1948 1950 1951
1952 1951 1950
1951 1952 1953
1952 1954 1953
1954 1952 1955
1956 1957 1958
1959 1956 1958
1960 1961 1962
1960 1962 1963
1963 1962 1964
1965 1961 1960
1965 1966 1961
1967 1966 1965
1967 1968 1966
1968 1967 1969
1970 1968 1969
1970 1969 1971
1969 1972 1971
1973 1971 1972
1974 1973 1972
1975 1973 1974
1963 1964 1976
1977 1976 1964
1976 1977 1978
1977 1979 1978
1978 1979 1980
1980 1979 1981
1979 1977 1982
1980 1981 1983
1980 1983 1984
1787 1984 1983
1787 1985 1984
1786 1985 1787
1986 1987 1988
1987 1986 1989
1986 1990 1989
1990 1986 1991
1991 1992 1990
1992 1991 1993
1993 1994 1992
1994 1993 1995
1994 1995 1996
1988 1987 1997
1998 1802 1999
1806 1802 1998
2000 2001 2002
2001 2000 2003
2003 2004 2001
2004 2003 2005
2006 2007 2008
2007 2006 2009
2010 2011 2012
2011 2010 2013
2014 2015 2016
2015 2014 2017
2018 2019 2020
2019 2018 2021
2022 2023 2024
2023 2025 2024
2025 2023 2026
2024 2027 2022
2028 2029 2030
2029 2028 2031
2031 2032 2029
2032 2031 2033
2034 2035 2036
2034 2036 2037
2038 2034 2037
2037 2039 2038
2039 2037 2040
2040 2041 2039
2041 2040 2042
2042 2043 2041
2043 2042 2044
2035 2045 2036
2046 2047 2048
2047 2046 2049
2048 2050 2051
2050 2048 2052
2052 2053 2050
2053 2054 2050
2048 2055 2052
2052 2055 2056
2056 2057 2052
2058 2052 2057
2056 2059 2057
2059 2060 2057
2058 2061 2052
2061 2062 2052
2061 2063 2062
2061 2064 2063
2064 2065 2063
2064 2066 2065
2067 2068 2069
2068 2067 2070
2071 2072 2073
2072 2071 2074
2075 2076 2077
2077 2078 2075
2078 2077 2079
2078 2079 2080
2076 2081 2077
2082 2083 2084
2083 2082 2085
2085 2086 2083
2086 2085 2087
2088 2082 2084
2082 2088 2089
2086 2087 2090
2091 2086 2090
2086 2091 2092
2093 2094 2095
2094 2093 2096
2095 2097 2093
2097 2095 2098
2098 2099 2097
2099 2098 2100
2101 2094 2096
2096 2102 2101
2102 2096 2103
2104 2105 2106
2105 2104 2107
2104 2108 2107
2108 2104 2109
2110 2111 2112
2111 2110 2113
2114 2115 2116
2116 2117 2114
2114 2118 2115
2115 2118 2119
2118 2120 2119
2121 2122 2123
2124 2122 2121
2122 2124 2125
2125 2126 2122
2126 2125 2127
2124 2121 2128
2122 2129 2123
2129 2122 2126
2129 2130 2123
2130 2129 2131
2123 2132 2121
2132 2123 2130
2132 2128 2121
2133 2134 2135
2134 2133 2136
2133 2137 2136
2137 2133 2138
2139 2137 2138
2137 2139 2140
2141 2140 2139
2140 2141 2142
2143 2142 2141
2144 2145 2146
2145 2144 2147
2148 2145 2147
2145 2148 2149
2148 2150 2149
2150 2148 2151
2146 2152 2144
2152 2146 2153
2152 2153 2154
2155 2156 2157
2157 2158 2155
2157 2156 2159
2160 2159 2156
2158 2161 2155
2161 2162 2155
2162 2161 2163
2164 2162 2163
2162 2164 2165
2164 2166 2165
2167 2159 2160
2168 2167 2160
2169 2168 2160
2168 2169 2170
2169 2171 2170
2171 2169 2172
2172 2173 2171
2172 2174 2173
2174 2172 2175
2174 2175 2176
2175 2177 2176
2178 2176 2177
2179 2178 2177
2180 2179 2177
2179 2180 2181
2180 2182 2181
2182 2180 2183
2183 2184 2182
2183 2185 2184
2185 2183 2186
2186 2187 2185
2187 2186 2188
2189 2187 2188
2190 2189 2188
2191 2190 2188
2190 2191 2192
2191 2193 2192
2193 2191 2194
2195 2193 2194
2196 2195 2194
2196 2194 2197
2197 2198 2196
2197 2165 2198
2165 2166 2198
2199 2200 2201
2199 2201 2202
2200 2199 2203
2204 2205 2206
2204 2206 2207
2208 2204 2207
2204 2208 2209
2210 2209 2208
2209 2210 2211
2207 2206 2212
2213 2207 2212
2207 2213 2208
2206 2205 2214
2214 2213 2212
2214 2212 2206
2213 2214 2215
2215 2216 2213
2208 2216 2210
2216 2208 2213
2216 2215 2217
2218 2219 2220
2219 2218 2221
2220 2222 2218
2218 2222 2223
2224 2225 2226
2225 2224 2227
2225 2228 2226
2225 2229 2228
2230 2231 2232
2231 2233 2232
2232 2233 2234
2230 2235 2231
2230 2236 2235
2237 2238 2239
2238 2237 2240
2241 2239 2238
2239 2241 2242
2241 2243 2242
2243 2241 2244
2245 2243 2244
2243 2245 2246
2247 2248 2249
2249 2250 2247
2250 2249 2251
2252 2251 2249
2251 2252 2253
2250 2254 2247
2254 2255 2247
2255 2248 2247
2248 2255 2256
2256 2257 2248
2249 2257 2252
2257 2249 2248
2257 2256 2258
2259 2260 2261
2260 2259 2262
2260 2263 2261
2263 2260 2264
2265 2263 2264
2263 2265 2266
2267 2262 2259
2262 2267 2268
2269 2270 2271
2270 2269 2272
2271 2273 2269
2273 2271 2274
2274 2275 2273
2275 2274 2276
2272 2277 2270
2277 2272 2278
2278 2279 2277
2276 2280 2275
2280 2276 2281
2281 2282 2280
2282 2281 2283
2283 2284 2282
2285 2286 2287
2285 2288 2286
2287 2289 2285
2290 2291 2292
2293 2294 2295
1803 1805 1821
2296 2297 2298
2297 2299 2298
2297 2300 2299
2301 2299 2300
2302 2303 2304
2304 2303 2305
2304 2305 2306
2305 2307 2306
2308 2309 2310
