byte offset: 0
first index: 0
index count: 2400
topology: trianglelist
format: DXGI_FORMAT_R16_UINT

0 1 2
3 0 2
0 3 4
1 5 2
5 6 2
7 4 3
8 7 3
3 9 8
9 3 10
11 9 10
12 11 10
11 12 13
14 13 12
15 16 17
15 18 16
18 15 19
17 16 20
20 16 21
22 18 19
23 18 22
24 18 23
18 24 25
26 25 24
26 27 25
27 26 28
29 27 28
30 31 32
31 30 33
34 32 31
32 34 35
36 35 34
35 36 37
38 37 36
37 38 39
40 39 38
39 40 41
42 41 40
41 42 43
44 45 46
45 44 47
48 46 45
46 48 49
50 51 52
51 50 53
54 55 56
57 58 59
58 60 59
60 58 61
61 62 60
62 61 63
63 64 62
64 63 65
65 66 64
66 65 67
68 69 70
68 71 69
71 68 72
70 69 73
73 69 74
75 71 72
76 71 75
77 71 76
71 77 78
79 78 77
79 80 78
80 79 81
82 80 81
83 84 85
86 83 85
83 86 87
84 88 85
88 89 85
90 87 86
91 90 86
86 92 91
92 86 93
94 92 93
95 94 93
94 95 96
97 96 95
98 99 100
99 98 101
100 102 98
102 100 103
103 104 102
104 103 105
105 106 104
106 105 107
107 108 106
108 107 109
109 110 108
110 109 111
112 113 114
113 112 115
114 116 112
116 114 117
118 119 120
119 118 121
122 123 124
125 126 127
128 127 126
127 128 129
130 129 128
129 130 131
132 131 130
131 132 133
134 133 132
133 134 135
136 137 138
137 139 138
137 140 139
137 141 140
137 142 141
137 143 142
137 144 143
137 145 144
137 146 145
145 147 144
137 148 146
137 149 148
149 137 150
137 151 150
151 137 152
149 150 153
137 154 152
154 137 155
156 155 137
137 157 156
137 158 157
137 159 158
137 160 159
137 161 160
137 162 161
137 163 162
137 164 163
137 165 164
137 166 165
136 166 137
159 160 167
156 168 155
169 170 171
171 170 172
171 172 173
171 173 174
171 174 175
171 175 176
171 176 177
171 177 178
171 178 179
178 177 180
171 179 181
171 181 182
182 183 171
184 171 183
171 184 185
182 186 183
187 171 185
171 187 188
189 171 188
171 189 190
171 190 191
171 191 192
171 192 193
171 193 194
171 194 195
171 195 196
171 196 197
171 197 198
171 198 199
169 171 199
192 200 193
189 188 201
202 203 204
203 202 205
204 206 202
206 204 207
207 208 206
208 207 209
209 210 208
210 209 211
211 212 210
212 211 213
214 215 216
215 214 217
217 218 215
218 217 219
216 220 214
220 216 221
222 223 224
223 222 225
225 226 223
226 225 227
224 228 222
228 224 229
229 230 228
230 229 231
231 232 230
232 231 233
234 235 236
235 234 237
238 239 240
239 238 241
242 243 244
243 242 245
246 247 248
247 246 249
249 250 247
250 249 251
251 252 250
252 251 253
253 254 252
254 253 255
255 256 254
256 255 257
258 259 260
259 258 261
260 262 258
262 260 263
261 264 259
264 261 265
266 267 268
267 266 269
268 270 266
270 268 271
269 272 267
272 269 273
273 274 272
274 273 275
275 276 274
276 275 277
278 279 280
279 278 281
282 283 284
283 282 285
286 287 288
287 286 289
290 291 292
292 291 293
292 293 294
292 294 295
292 295 296
292 296 297
292 297 298
292 298 299
292 299 300
299 298 301
292 300 302
292 302 303
303 304 292
305 292 304
292 305 306
303 307 304
308 292 306
292 308 309
310 292 309
292 310 311
292 311 312
292 312 313
292 313 314
292 314 315
292 315 316
292 316 317
292 317 318
292 318 319
292 319 320
290 292 320
313 321 314
310 309 322
323 324 325
324 326 325
324 327 326
324 328 327
324 329 328
324 330 329
324 331 330
324 332 331
324 333 332
332 334 331
324 335 333
324 336 335
336 324 337
324 338 337
338 324 339
336 337 340
324 341 339
341 324 342
343 342 324
324 344 343
324 345 344
324 346 345
324 347 346
324 348 347
324 349 348
324 350 349
324 351 350
324 352 351
324 353 352
323 353 324
346 347 354
343 355 342
356 357 358
357 356 359
360 358 357
358 360 361
362 361 360
361 362 363
364 363 362
363 364 365
366 365 364
365 366 367
368 369 370
369 368 371
372 371 368
371 372 373
374 370 369
370 374 375
376 377 378
377 376 379
380 379 376
379 380 381
382 378 377
378 382 383
384 383 382
383 384 385
386 385 384
385 386 387
388 389 390
389 388 391
392 393 394
393 392 395
396 397 398
397 396 399
400 401 402
401 400 403
404 403 400
403 404 405
406 405 404
405 406 407
408 407 406
407 408 409
410 409 408
409 410 411
412 413 414
413 412 415
416 414 413
414 416 417
418 415 412
415 418 419
420 421 422
421 420 423
424 422 421
422 424 425
426 423 420
423 426 427
428 427 426
427 428 429
430 429 428
429 430 431
432 433 434
433 432 435
436 437 438
437 436 439
440 441 442
441 440 443
444 445 446
446 445 447
446 447 448
446 448 449
446 449 450
446 450 451
446 451 452
446 452 453
446 453 454
453 452 455
446 454 456
446 456 457
457 458 446
459 446 458
446 459 460
457 461 458
462 446 460
446 462 463
464 446 463
446 464 465
446 465 466
446 466 467
446 467 468
446 468 469
446 469 470
446 470 471
446 471 472
446 472 473
446 473 474
444 446 474
467 475 468
464 463 476
477 478 479
478 480 479
478 481 480
478 482 481
478 483 482
478 484 483
478 485 484
478 486 485
478 487 486
486 488 485
478 489 487
478 490 489
490 478 491
478 492 491
492 478 493
490 491 494
478 495 493
495 478 496
497 496 478
478 498 497
478 499 498
478 500 499
478 501 500
478 502 501
478 503 502
478 504 503
478 505 504
478 506 505
478 507 506
477 507 478
500 501 508
497 509 496
510 511 512
511 510 513
514 512 511
512 514 515
516 515 514
515 516 517
518 517 516
517 518 519
520 519 518
519 520 521
522 523 524
523 522 525
526 525 522
525 526 527
528 524 523
524 528 529
530 531 532
531 530 533
534 533 530
533 534 535
536 532 531
532 536 537
538 537 536
537 538 539
540 539 538
539 540 541
542 543 544
543 542 545
546 547 548
547 546 549
550 551 552
551 550 553
554 555 556
555 554 557
558 557 554
557 558 559
560 559 558
559 560 561
562 561 560
561 562 563
564 563 562
563 564 565
566 567 568
567 566 569
570 568 567
568 570 571
572 569 566
569 572 573
574 575 576
575 574 577
578 576 575
576 578 579
580 577 574
577 580 581
582 581 580
581 582 583
584 583 582
583 584 585
586 587 588
587 586 589
590 591 592
591 590 593
594 595 596
595 594 597
598 599 600
599 601 600
599 602 601
599 603 602
599 604 603
599 605 604
599 606 605
599 607 606
599 608 607
607 609 606
599 610 608
599 611 610
611 599 612
599 613 612
613 599 614
611 612 615
599 616 614
616 599 617
618 617 599
599 619 618
599 620 619
599 621 620
599 622 621
599 623 622
599 624 623
599 625 624
599 626 625
599 627 626
599 628 627
598 628 599
621 622 629
618 630 617
631 632 633
633 632 634
633 634 635
633 635 636
633 636 637
633 637 638
633 638 639
633 639 640
633 640 641
640 639 642
633 641 643
633 643 644
644 645 633
646 633 645
633 646 647
644 648 645
649 633 647
633 649 650
651 633 650
633 651 652
633 652 653
633 653 654
633 654 655
633 655 656
633 656 657
633 657 658
633 658 659
633 659 660
633 660 661
631 633 661
654 662 655
651 650 663
664 665 666
665 664 667
666 668 664
668 666 669
669 670 668
670 669 671
671 672 670
672 671 673
673 674 672
674 673 675
676 677 678
677 676 679
679 680 677
680 679 681
678 682 676
682 678 683
684 685 686
685 684 687
687 688 685
688 687 689
686 690 684
690 686 691
691 692 690
692 691 693
693 694 692
694 693 695
696 697 698
697 696 699
700 701 702
701 700 703
704 705 706
705 704 707
708 709 710
709 708 711
711 712 709
712 711 713
713 714 712
714 713 715
715 716 714
716 715 717
717 718 716
718 717 719
720 721 722
721 720 723
722 724 720
724 722 725
723 726 721
726 723 727
728 729 730
729 728 731
730 732 728
732 730 733
731 734 729
734 731 735
735 736 734
736 735 737
737 738 736
738 737 739
740 741 742
741 740 743
744 745 746
745 744 747
748 749 750
749 748 751
752 753 754
754 753 755
755 753 756
756 753 757
757 753 758
758 753 759
759 753 760
760 753 752
761 762 763
764 762 761
765 762 764
766 762 765
767 762 766
768 762 767
769 762 768
763 762 769
770 771 772
771 770 773
772 774 770
774 772 775
775 776 774
776 775 777
773 778 771
778 773 779
779 780 778
780 779 781
781 782 780
782 781 783
783 784 782
784 783 785
785 786 784
786 785 787
788 789 790
789 788 791
791 792 789
792 791 793
793 794 792
794 793 795
790 796 788
796 790 797
797 798 796
798 797 799
799 800 798
800 799 801
801 802 800
802 801 803
803 804 802
804 803 805
806 807 808
807 809 808
809 810 808
810 811 808
811 812 808
812 813 808
813 814 808
814 806 808
815 816 817
818 815 817
819 818 817
820 819 817
821 820 817
822 821 817
823 822 817
816 823 817
824 825 826
825 824 827
828 826 825
826 828 829
830 829 828
829 830 831
832 827 824
827 832 833
834 833 832
833 834 835
836 835 834
835 836 837
838 837 836
837 838 839
840 839 838
839 840 841
842 843 844
843 842 845
846 845 842
845 846 847
848 847 846
847 848 849
850 844 843
844 850 851
852 851 850
851 852 853
854 853 852
853 854 855
856 855 854
855 856 857
858 857 856
857 858 859
860 861 862
860 863 861
860 864 863
864 865 863
864 860 866
864 866 867
866 860 868
860 869 868
869 860 862
869 870 868
870 869 871
870 871 872
873 864 867
874 864 873
873 875 874
875 876 874
875 873 877
875 878 876
879 878 875
875 880 879
880 875 877
880 881 879
879 881 882
879 882 883
879 883 878
884 882 881
882 884 885
886 885 884
876 887 874
864 874 887
864 887 865
888 889 890
888 891 889
888 892 891
892 888 893
888 890 893
893 894 892
892 894 895
894 896 895
896 897 895
898 897 896
891 899 889
900 901 902
900 902 903
900 903 904
904 903 905
904 906 900
904 907 906
906 908 900
900 908 909
909 901 900
909 908 910
910 911 909
910 912 911
913 907 904
914 913 904
913 914 915
915 914 916
915 917 913
915 916 918
919 915 918
915 919 920
920 917 915
920 919 921
919 922 921
919 923 922
919 918 923
922 924 921
924 922 925
926 924 925
916 914 927
904 927 914
904 905 927
928 929 930
928 930 931
928 931 932
932 933 928
928 933 929
933 932 934
932 935 934
934 935 936
936 935 937
938 936 937
931 930 939
