byte offset: 0
first index: 2400
index count: 8868
topology: trianglelist
format: DXGI_FORMAT_R16_UINT

940 941 942
941 940 943
942 944 940
944 942 945
945 946 944
946 945 947
947 948 946
948 947 949
949 950 948
950 949 951
951 952 950
952 951 953
954 941 943
941 954 955
956 955 954
955 956 957
958 957 956
957 958 959
960 952 953
952 960 961
962 961 960
961 962 963
964 963 962
963 964 965
966 967 968
969 967 966
970 967 969
971 967 970
972 967 971
973 967 972
974 968 967
975 974 967
976 975 967
977 976 967
978 977 967
973 978 967
979 980 981
981 980 982
982 980 983
983 980 984
984 980 985
985 980 986
979 987 980
987 988 980
988 989 980
989 990 980
990 991 980
991 986 980
992 993 994
992 995 993
992 996 995
997 996 992
997 998 996
998 999 996
998 1000 999
998 1001 1000
1002 1003 1004
1002 1004 1005
1002 1005 1006
1007 1002 1006
1007 1006 1008
1008 1006 1009
1008 1009 1010
1008 1010 1011
1012 1013 1014
1013 1012 1015
1016 1013 1015
1013 1016 1017
1018 1017 1016
1017 1018 1019
1020 1021 1022
1021 1020 1023
1021 1024 1022
1024 1021 1025
1025 1026 1024
1026 1025 1027
1028 1029 1030
1028 1031 1029
1028 1032 1031
1033 1032 1028
1034 1035 1036
1034 1036 1037
1034 1037 1038
1039 1034 1038
1039 1038 1040
1040 1038 1041
1040 1041 1042
1040 1042 1043
1044 1045 1046
1045 1044 1047
1048 1045 1047
1045 1048 1049
1050 1049 1048
1049 1050 1051
1052 1053 1054
1052 1054 1055
1052 1055 1056
1057 1052 1056
1058 1059 1060
1059 1058 1061
1059 1062 1060
1062 1059 1063
1063 1064 1062
1064 1063 1065
1066 1067 1068
1066 1069 1067
1066 1070 1069
1071 1070 1066
1071 1072 1070
1072 1073 1070
1072 1074 1073
1072 1075 1074
1076 1077 1078
1076 1078 1079
1076 1079 1080
1081 1076 1080
1081 1080 1082
1082 1080 1083
1082 1083 1084
1082 1084 1085
1086 1087 1088
1087 1086 1089
1090 1087 1089
1087 1090 1091
1092 1091 1090
1091 1092 1093
1094 1095 1096
1095 1094 1097
1095 1098 1096
1098 1095 1099
1099 1100 1098
1100 1099 1101
1102 1103 1104
1102 1104 1105
1102 1105 1106
1107 1102 1106
1107 1106 1108
1108 1106 1109
1108 1109 1110
1108 1110 1111
1112 1113 1114
1112 1115 1113
1112 1116 1115
1117 1116 1112
1117 1118 1116
1118 1119 1116
1118 1120 1119
1118 1121 1120
1122 1123 1124
1123 1122 1125
1123 1126 1124
1126 1123 1127
1127 1128 1126
1128 1127 1129
1130 1131 1132
1131 1130 1133
1134 1131 1133
1131 1134 1135
1136 1135 1134
1135 1136 1137
1138 1139 1140
1138 1140 1141
1138 1141 1142
1143 1138 1142
1144 1145 1146
1144 1147 1145
1144 1148 1147
1149 1148 1144
1149 1150 1148
1150 1151 1148
1150 1152 1151
1150 1153 1152
1154 1155 1156
1155 1154 1157
1155 1158 1156
1158 1155 1159
1159 1160 1158
1160 1159 1161
1162 1163 1164
1162 1165 1163
1162 1166 1165
1167 1166 1162
1168 1169 1170
1169 1168 1171
1172 1169 1171
1169 1172 1173
1174 1173 1172
1173 1174 1175
1176 1177 1178
1176 1178 1179
1176 1179 1180
1181 1176 1180
1181 1180 1182
1182 1180 1183
1182 1183 1184
1182 1184 1185
1186 1187 1188
1186 1189 1187
1186 1190 1189
1191 1190 1186
1191 1192 1190
1192 1193 1190
1192 1194 1193
1192 1195 1194
1196 1197 1198
1197 1196 1199
1197 1200 1198
1200 1197 1201
1201 1202 1200
1202 1201 1203
1204 1205 1206
1205 1204 1207
1208 1205 1207
1205 1208 1209
1210 1209 1208
1209 1210 1211
1212 1213 1214
1213 1212 1215
1214 1216 1212
1216 1214 1217
1217 1218 1216
1218 1217 1219
1215 1220 1213
1220 1215 1221
1221 1222 1220
1222 1221 1223
1223 1224 1222
1224 1223 1225
1225 1226 1224
1226 1225 1227
1227 1228 1226
1228 1227 1229
1230 1231 1232
1233 1231 1230
1234 1231 1233
1235 1231 1234
1236 1231 1235
1237 1231 1236
1238 1231 1237
1232 1231 1238
1239 1240 1241
1241 1240 1242
1242 1240 1243
1244 1240 1239
1245 1240 1244
1246 1240 1245
1247 1240 1246
1248 1240 1247
1249 1250 1251
1250 1249 1252
1253 1251 1250
1251 1253 1254
1255 1254 1253
1254 1255 1256
1257 1258 1259
1258 1257 1260
1261 1259 1258
1259 1261 1262
1263 1262 1261
1262 1263 1264
1263 1265 1264
1266 1267 1268
1267 1269 1268
1269 1270 1268
1269 1271 1270
1271 1272 1270
1271 1273 1272
1273 1274 1272
1273 1275 1274
1275 1273 1276
1276 1277 1275
1278 1275 1277
1275 1278 1279
1278 1280 1279
1280 1278 1281
1281 1282 1280
1281 1283 1282
1283 1284 1282
1283 1285 1284
1286 1287 1288
1287 1289 1288
1287 1290 1289
1290 1291 1289
1290 1292 1291
1292 1293 1291
1294 1295 1296
1295 1294 1297
1295 1298 1296
1298 1295 1299
1299 1300 1298
1300 1299 1301
1301 1302 1300
1302 1301 1303
1304 1302 1303
1302 1304 1305
1304 1306 1305
1306 1304 1307
1308 1309 1310
1311 1309 1308
1312 1311 1308
1313 1311 1312
1314 1313 1312
1315 1313 1314
1313 1315 1316
1317 1316 1315
1317 1318 1316
1319 1318 1317
1319 1320 1318
1321 1320 1319
1322 1320 1321
1323 1324 1325
1326 1324 1323
1324 1326 1327
1328 1329 1330
1331 1332 1333
1332 1331 1334
1335 1331 1333
1331 1335 1336
1337 1336 1335
1336 1337 1338
1337 1339 1338
1339 1337 1340
1340 1341 1339
1341 1340 1342
1343 1341 1342
1341 1343 1344
1345 1344 1343
1346 1344 1345
1345 1343 1347
1348 1347 1343
1347 1348 1349
1350 1349 1348
1349 1350 1351
1350 1352 1351
1352 1350 1353
1354 1352 1353
1353 1355 1354
1355 1353 1356
1356 1357 1355
1357 1356 1358
1358 1359 1357
1358 1360 1359
1358 1361 1360
1361 1358 1362
1358 1363 1362
1363 1358 1364
1363 1364 1365
1366 1367 1368
1369 1370 1371
1370 1369 1372
1372 1373 1370
1373 1372 1374
1375 1373 1374
1373 1375 1376
1377 1376 1375
1376 1377 1378
1377 1379 1378
1379 1377 1380
1380 1381 1379
1381 1380 1382
1383 1381 1382
1383 1382 1384
1371 1385 1369
1385 1371 1386
1386 1387 1385
1387 1386 1388
1388 1389 1387
1389 1388 1390
1390 1391 1389
1383 1384 1392
1393 1392 1384
1393 1394 1392
1395 1394 1393
1394 1395 1396
1397 1396 1395
1396 1397 1398
1399 1398 1397
1400 1399 1397
1401 1400 1397
1400 1402 1399
1402 1403 1399
1398 1399 1404
1403 1404 1399
1401 1405 1400
1406 1397 1395
1397 1406 1401
1407 1406 1395
1407 1395 1393
1407 1393 1408
1393 1384 1408
1382 1408 1384
1409 1410 1411
1412 1411 1410
1411 1412 1413
1413 1412 1414
1415 1409 1411
1415 1416 1409
1417 1418 1419
1418 1417 1420
1420 1421 1418
1421 1420 1422
1423 1421 1422
1421 1423 1424
1419 1425 1417
1425 1419 1426
1426 1427 1425
1427 1426 1428
1427 1428 1429
1428 1430 1429
1429 1430 1431
1431 1432 1429
1433 1431 1430
1431 1433 1434
1434 1433 1435
1436 1437 1438
1437 1436 1439
1438 1440 1436
1440 1438 1441
1441 1442 1440
1442 1441 1443
1444 1442 1443
1442 1444 1445
1444 1446 1445
1446 1444 1447
1447 1448 1446
1448 1447 1449
1449 1450 1448
1450 1449 1451
1451 1452 1450
1452 1451 1453
1453 1454 1452
1454 1453 1455
1455 1456 1454
1456 1455 1457
1458 1456 1457
1456 1458 1459
1439 1460 1437
1460 1439 1461
1461 1462 1460
1462 1461 1463
1463 1464 1462
1464 1463 1465
1466 1464 1465
1464 1466 1467
1468 1469 1470
1469 1468 1471
1468 1470 1472
1473 1469 1471
1469 1473 1474
1475 1474 1473
1474 1475 1476
1477 1476 1475
1476 1477 1478
1477 1479 1478
1479 1477 1480
1481 1479 1480
1479 1481 1482
1483 1484 1485
1484 1483 1486
1487 1486 1483
1486 1487 1488
1488 1489 1486
1489 1488 1490
1490 1488 1491
1486 1492 1484
1492 1486 1489
1493 1490 1491
1490 1493 1494
1489 1490 1494
1493 1491 1495
1493 1495 1496
1496 1497 1493
1498 1491 1488
1487 1498 1488
1487 1499 1498
1500 1498 1499
1498 1500 1501
1501 1491 1498
1501 1495 1491
1493 1497 1502
1502 1503 1493
1493 1503 1494
1496 1495 1504
1501 1504 1495
1505 1501 1500
1501 1505 1506
1504 1501 1506
1505 1507 1506
1504 1506 1507
1507 1505 1508
1494 1503 1509
1494 1509 1510
1511 1500 1499
1487 1511 1499
1500 1511 1512
1512 1505 1500
1512 1511 1513
1511 1514 1513
1487 1514 1511
1487 1515 1514
1515 1487 1483
1483 1516 1515
1516 1483 1485
1517 1514 1515
1514 1517 1518
1518 1513 1514
1519 1515 1516
1515 1519 1517
1520 1513 1518
1518 1521 1520
1517 1521 1518
1520 1522 1513
1512 1513 1522
1520 1523 1522
1523 1520 1524
1520 1525 1524
1525 1520 1526
1520 1521 1526
1523 1527 1522
1527 1512 1522
1512 1527 1528
1505 1512 1528
1529 1505 1528
1527 1529 1528
1505 1529 1508
1521 1530 1526
1521 1531 1530
1532 1531 1521
1517 1532 1521
1533 1532 1517
1533 1534 1532
1519 1533 1517
1535 1533 1519
1535 1534 1533
1535 1519 1536
1537 1535 1536
1538 1537 1536
1537 1538 1539
1536 1540 1538
1540 1536 1541
1536 1542 1541
1541 1542 1543
1543 1544 1541
1544 1543 1545
1543 1546 1545
1546 1543 1547
1547 1543 1548
1549 1547 1548
1543 1550 1548
1543 1542 1550
1546 1551 1545
1551 1544 1545
1551 1546 1552
1553 1551 1552
1551 1553 1554
1555 1554 1553
1555 1553 1556
1557 1556 1553
1557 1553 1558
1553 1552 1558
1556 1557 1559
1557 1560 1559
1560 1557 1561
1562 1561 1557
1562 1557 1558
1561 1562 1563
1564 1563 1562
1563 1564 1565
1565 1566 1563
1566 1565 1567
1568 1567 1565
1567 1568 1569
1569 1568 1570
1569 1570 1571
1571 1570 1572
1563 1573 1561
1573 1563 1566
1560 1561 1574
1561 1573 1574
1560 1574 1575
1562 1576 1564
1576 1562 1558
1568 1565 1577
1577 1565 1564
1568 1577 1578
1570 1568 1578
1571 1572 1579
1579 1580 1571
1579 1581 1580
1580 1581 1582
1582 1583 1580
1582 1584 1583
1582 1585 1584
1585 1582 1586
1586 1582 1581
1586 1581 1587
1587 1581 1588
1588 1589 1587
1590 1589 1588
1589 1590 1591
1589 1591 1592
1591 1593 1592
1585 1594 1584
1595 1584 1594
1592 1593 1596
1594 1597 1595
1597 1598 1595
1598 1599 1595
1598 1600 1599
1600 1601 1599
1602 1600 1598
1596 1593 1603
1596 1603 1604
1604 1549 1596
1549 1604 1605
1605 1547 1549
1547 1605 1606
1546 1547 1606
1607 1546 1606
1552 1546 1607
1558 1552 1607
1608 1600 1602
1600 1608 1609
1600 1609 1601
1608 1602 1610
1611 1608 1610
1608 1611 1612
1608 1612 1609
1611 1613 1612
1613 1614 1612
1613 1615 1614
1613 1616 1615
1617 1613 1611
1617 1611 1610
1617 1618 1613
1618 1616 1613
1619 1616 1618
1620 1618 1617
1619 1618 1620
1621 1614 1615
1621 1612 1614
1622 1612 1621
1623 1612 1622
1623 1609 1612
1624 1609 1623
1621 1615 1625
1626 1622 1621
1626 1621 1627
1627 1621 1625
1628 1627 1625
1626 1629 1622
1622 1629 1623
1623 1629 1630
1623 1630 1624
1630 1631 1624
1631 1599 1624
1631 1595 1599
1624 1599 1601
1632 1626 1627
1628 1632 1627
1633 1595 1631
1634 1595 1633
1595 1634 1584
1635 1584 1634
1636 1584 1635
1635 1637 1636
1636 1583 1584
1636 1580 1583
1580 1636 1638
1637 1638 1636
1639 1580 1638
1639 1571 1580
1571 1639 1640
1571 1640 1641
1569 1571 1641
1569 1641 1642
1642 1567 1569
1567 1642 1643
1643 1566 1567
1566 1643 1644
1645 1644 1643
1644 1645 1646
1644 1573 1566
1573 1644 1647
1646 1647 1644
1647 1646 1648
1648 1649 1647
1649 1648 1650
1648 1651 1650
1651 1648 1652
1648 1653 1652
1646 1653 1648
1650 1651 1654
1649 1574 1647
1647 1574 1573
1654 1651 1555
1555 1651 1652
1654 1555 1556
1559 1654 1556
1559 1655 1654
1650 1654 1655
1575 1655 1559
1575 1650 1655
1649 1575 1574
1649 1650 1575
1560 1575 1559
1555 1652 1554
1652 1551 1554
1551 1652 1656
1652 1653 1656
1544 1551 1656
1653 1657 1656
1656 1657 1544
1657 1658 1544
1544 1658 1541
1541 1658 1540
1659 1660 1661
1659 1662 1660
1659 1661 1663
1664 1663 1661
1664 1665 1663
1666 1665 1664
1661 1667 1664
1667 1661 1668
1661 1669 1668
1669 1670 1668
1671 1670 1669
1662 1672 1660
1662 1673 1672
1673 1674 1672
1675 1674 1673
1674 1675 1676
1677 1676 1675
1676 1677 1678
1679 1678 1677
1679 1680 1678
1678 1680 1681
1678 1681 1682
1683 1682 1681
1682 1683 1684
1684 1683 1685
1670 1671 1686
1686 1671 1687
1687 1685 1686
1687 1684 1685
1688 1494 1510
1489 1494 1688
1689 1489 1688
1689 1688 1690
1492 1489 1689
1691 1492 1689
1691 1689 1690
1691 1549 1492
1596 1549 1691
1596 1691 1592
1549 1484 1492
1484 1549 1548
1548 1485 1484
1485 1548 1550
1542 1485 1550
1485 1542 1516
1536 1516 1542
1516 1536 1519
1692 1693 1694
1692 1695 1693
1692 1696 1695
1696 1697 1695
1696 1692 1698
1696 1698 1699
1698 1692 1700
1692 1701 1700
1701 1692 1694
1701 1702 1700
1702 1701 1703
1702 1703 1704
1705 1696 1699
1706 1696 1705
1705 1707 1706
1707 1708 1706
1707 1705 1709
1707 1710 1708
1711 1710 1707
1707 1712 1711
1712 1707 1709
1712 1713 1711
1711 1713 1714
1711 1714 1715
1711 1715 1710
1716 1714 1713
1714 1716 1717
1718 1717 1716
1708 1719 1706
1696 1706 1719
1696 1719 1697
1720 1721 1722
1720 1723 1721
1721 1723 1724
1725 1722 1721
1726 1722 1725
1722 1726 1727
1726 1728 1727
1728 1726 1729
1729 1730 1728
1724 1731 1721
1732 1730 1729
1732 1733 1730
1732 1734 1733
1735 1734 1732
1736 1734 1735
1737 1736 1735
1738 1736 1737
1739 1738 1737
1738 1739 1740
1741 1740 1739
1742 1740 1741
1743 1742 1741
1743 1744 1742
1743 1745 1744
1745 1743 1746
1746 1747 1745
1747 1746 1748
1749 1747 1748
1747 1749 1750
1751 1750 1749
1750 1751 1752
1753 1752 1751
1754 1752 1753
1755 1753 1751
1755 1751 1756
1757 1755 1756
1758 1755 1757
1759 1758 1757
1759 1760 1758
1760 1759 1761
1762 1760 1761
1761 1763 1762
1762 1763 1764
1764 1765 1762
1766 1765 1764
1765 1766 1767
1766 1768 1767
1731 1767 1768
1731 1724 1767
1720 1769 1770
1720 1770 1723
1564 1576 1771
1564 1771 1577
1772 1773 1774
1772 1775 1773
1772 1776 1775
1776 1772 1777
1772 1774 1777
1777 1778 1776
1776 1778 1779
1778 1780 1779
1780 1781 1779
1782 1781 1780
1775 1783 1773
1784 1785 1786
1787 1785 1784
1788 1785 1787
1789 1785 1788
1790 1785 1789
1791 1785 1790
1792 1786 1785
1793 1792 1785
1794 1793 1785
1795 1794 1785
1796 1795 1785
1791 1796 1785
1797 1798 1799
1799 1800 1797
1801 1799 1798
1801 1798 1802
1800 1803 1797
1803 1804 1797
1797 1804 1805
1800 1806 1803
1806 1807 1803
1807 1808 1803
1803 1808 1804
1808 1807 1809
1809 1810 1808
1804 1808 1810
1810 1809 1811
1810 1812 1804
1813 1811 1809
1809 1807 1814
1809 1814 1815
1809 1815 1813
1816 1813 1815
1815 1814 1817
1815 1817 1816
1817 1818 1816
1818 1817 1819
1820 1817 1814
1819 1821 1818
1822 1818 1821
1818 1822 1823
1816 1818 1823
1824 1816 1823
1825 1816 1824
1825 1813 1816
1821 1819 1826
1827 1826 1819
1817 1827 1819
1827 1817 1820
1826 1827 1828
1820 1829 1827
1829 1820 1830
1829 1830 1831
1831 1832 1829
1827 1832 1828
1832 1827 1829
1832 1831 1833
1834 1833 1831
1820 1814 1830
1814 1835 1830
1836 1835 1814
1835 1836 1837
1838 1835 1837
1836 1839 1837
1840 1839 1836
1839 1840 1841
1842 1841 1840
1841 1842 1843
1844 1843 1842
1843 1844 1845
1846 1838 1837
1838 1846 1847
1848 1838 1847
1849 1848 1847
1850 1849 1847
1850 1847 1846
1849 1850 1851
1852 1851 1850
1851 1852 1853
1850 1854 1852
1854 1850 1855
1846 1855 1850
1854 1855 1856
1855 1857 1856
1846 1857 1855
1857 1846 1837
1845 1844 1858
1859 1845 1858
1860 1861 1862
1860 1863 1861
1863 1860 1864
1865 1863 1864
1863 1865 1866
1866 1865 1867
1868 1866 1867
1802 1868 1867
1868 1802 1869
1867 1865 1801
1802 1867 1801
1802 1870 1869
1870 1802 1871
1798 1871 1802
1798 1872 1871
1798 1797 1872
1872 1797 1805
1804 1873 1805
1812 1873 1804
1810 1874 1812
1810 1875 1874
1811 1875 1810
1811 1876 1875
1876 1877 1875
1878 1877 1876
1813 1878 1876
1876 1811 1813
1878 1879 1877
1834 1880 1881
1834 1881 1882
1881 1883 1882
1883 1881 1884
1884 1881 1885
1880 1885 1881
1885 1880 1886
1887 1885 1886
1888 1886 1880
1831 1888 1880
1834 1831 1880
1887 1889 1885
1885 1889 1884
1890 1884 1889
1889 1887 1891
1889 1892 1890
1889 1893 1892
1889 1891 1893
1893 1894 1892
1894 1895 1892
1894 1896 1895
1892 1895 1897
1892 1897 1890
1894 1898 1896
1896 1898 1899
1830 1888 1831
1890 1900 1884
1901 1884 1900
1901 1902 1884
1902 1901 1903
1902 1903 1904
1904 1903 1905
1905 1903 1906
1905 1906 1907
1903 1908 1906
1903 1901 1908
1905 1907 1909
1907 1910 1909
1902 1904 1911
1902 1911 1912
1912 1883 1902
1884 1902 1883
1912 1913 1883
1883 1913 1882
1914 1882 1913
1915 1882 1914
1916 1915 1914
1917 1915 1916
1832 1915 1917
1915 1832 1833
1834 1915 1833
1834 1882 1915
1918 1917 1916
1917 1918 1919
1919 1832 1917
1832 1919 1828
1919 1826 1828
1826 1919 1920
1920 1821 1826
1821 1920 1921
1922 1921 1920
1922 1919 1918
1919 1922 1920
1921 1922 1923
1921 1822 1821
1822 1921 1924
1924 1921 1923
1918 1925 1922
1918 1916 1925
1925 1916 1926
1927 1925 1926
1926 1928 1927
1929 1928 1926
1927 1928 1930
1930 1931 1927
1931 1930 1932
1932 1933 1931
1933 1932 1934
1934 1935 1933
1935 1934 1936
1937 1928 1929
1929 1938 1937
1939 1938 1929
1940 1938 1939
1940 1941 1938
1941 1937 1938
1941 1940 1942
1942 1943 1941
1943 1942 1944
1945 1941 1943
1941 1945 1946
1937 1941 1946
1945 1947 1946
1946 1947 1948
1948 1937 1946
1937 1948 1928
1936 1949 1935
1950 1949 1936
1951 1952 1953
1952 1951 1954
1951 1953 1955
1953 1956 1955
1955 1957 1951
1954 1951 1957
1958 1954 1957
1957 1955 1959
1960 1959 1955
1956 1960 1955
1959 1960 1961
1960 1956 1962
1963 1960 1962
1961 1960 1963
1954 1964 1952
1964 1954 1965
1965 1954 1958
1966 1964 1965
1964 1966 1967
1968 1966 1965
1965 1958 1968
1966 1968 1969
1970 1967 1966
1969 1970 1966
1967 1970 1971
1970 1972 1971
1971 1972 1973
1971 1973 1974
1975 1971 1974
1971 1975 1976
1970 1969 1977
1977 1978 1970
1979 1977 1969
1969 1968 1979
1977 1979 1980
1980 1981 1977
1981 1982 1977
1975 1983 1976
1975 1984 1983
1984 1985 1983
1985 1986 1983
1986 1985 1987
1987 1988 1986
1988 1987 1989
1988 1989 1990
1991 1979 1968
1968 1958 1991
1958 1992 1991
1992 1958 1993
1994 1995 1996
1997 1995 1994
1997 1998 1995
1999 1997 1994
1998 1997 2000
1997 2001 2000
1997 2002 2001
2002 1997 2003
1999 2003 1997
1999 2004 2003
2003 2005 2002
2004 2006 2003
2003 2006 2005
2005 2006 2007
1994 1996 2008
2001 2009 2000
2001 2010 2009
2001 2011 2010
2002 2012 2001
2012 2002 2013
2013 2002 2005
2005 2007 2014
2013 2005 2014
2015 2013 2014
2016 2013 2015
2016 2012 2013
2016 2017 2012
2012 2017 2018
2017 2019 2018
2012 2018 2020
2020 2021 2012
2012 2021 2001
2001 2021 2011
2017 2022 2019
2023 2024 2025
2024 2023 2026
2023 2025 2027
2027 2025 2028
2024 2029 2025
2028 2025 2029
2028 2029 2030
2031 2030 2029
2029 2024 2031
2027 2032 2023
2023 2032 2033
2033 1963 2023
2023 1963 2026
1963 1962 2026
1961 1963 2033
2034 2035 2036
2034 2037 2035
2037 2034 2038
2038 2039 2037
2039 2038 2040
2040 2041 2039
2041 2040 2042
2042 2043 2041
2043 2042 2044
2045 2043 2044
2046 2047 2048
2047 2046 2049
2048 2050 2046
2050 2048 2051
2051 2052 2050
2052 2051 2053
2054 2048 2047
2048 2054 2055
2055 2051 2048
2056 2055 2054
2055 2056 2057
2058 2055 2057
2055 2058 2059
2051 2055 2059
2059 2053 2051
2053 2059 2060
2059 2058 2060
2058 2061 2060
2057 2062 2058
2057 2063 2062
2056 2063 2057
2056 2064 2063
1824 2050 2052
2046 2050 1824
2052 2065 1824
1824 2065 1825
2058 2066 2061
2058 2067 2066
2067 2058 2068
2069 2067 2068
2068 2070 2069
2070 2071 2069
2072 2071 2070
2073 2072 2070
1823 2046 1824
1823 2049 2046
2049 1823 1822
1924 2049 1822
2049 1924 2074
2074 2047 2049
2047 2074 2075
2076 2075 2074
2075 2076 2077
2078 2077 2076
2077 2078 2079
2075 2054 2047
2054 2075 2080
2077 2080 2075
2080 2056 2054
2056 2080 2081
2080 2082 2081
2082 2080 2083
2080 2077 2083
2079 2083 2077
2083 2079 2084
2083 2084 2082
2082 2084 2085
2081 2082 2086
2081 2086 2087
2056 2081 2087
2056 2087 2064
2088 2078 2076
2078 2088 2089
2088 2090 2089
2090 2088 1923
2082 2085 2091
2082 2091 2092
2092 2093 2082
2094 2093 2092
2093 2094 2095
2095 2094 2096
2097 2095 2096
2098 2095 2097
2090 1923 2099
1923 2100 2099
2101 2099 2100
2099 2101 2102
2101 2103 2102
2103 2101 2104
2105 2104 2101
2104 2105 2106
2106 2107 2104
2103 2104 2107
2107 2108 2103
2101 1925 2105
2101 2100 1925
2109 2106 2105
2110 2106 2109
2110 2111 2106
2106 2111 2107
2111 2110 2112
2112 2113 2111
2114 2113 2112
2115 2113 2114
2103 2108 2116
2115 2117 2113
2113 2117 2118
2113 2118 2111
2118 2119 2111
2119 2107 2111
2108 2107 2120
2119 2120 2107
2115 2121 2117
2121 2115 2122
2115 2123 2122
2123 2115 2124
2114 2124 2115
2123 2124 2125
2124 2114 2126
2125 2124 2126
2126 2127 2125
2127 2126 2128
2129 2127 2128
2127 2129 2130
2129 2131 2130
2103 2116 2132
2102 2103 2132
2102 2132 2133
2133 2132 2134
2135 2133 2134
2133 2135 2099
2099 2102 2133
2135 2134 2136
2137 2138 2139
2138 2137 2140
2140 2137 2141
2140 2141 2142
2142 2141 2143
2144 2145 2146
2146 2145 2147
2146 2147 2148
2148 2147 2149
2148 2149 2150
2150 2149 2151
2149 2152 2151
2152 2153 2151
2152 2154 2153
2154 2152 2155
2155 2156 2154
2144 2157 2145
2144 2158 2157
2158 2144 2159
2158 2159 2160
2161 2162 2163
2162 2161 2164
2164 2161 2165
2163 2166 2161
2166 2163 2167
2163 2168 2167
2168 2163 2169
2170 2169 2163
2170 2163 2162
2171 2168 2169
2172 2171 2169
2172 2169 2170
2168 2171 2173
2174 2173 2171
2175 2174 2171
2175 2171 2172
2173 2174 2176
2177 2176 2174
2178 2177 2174
2178 2174 2175
2176 2177 2179
2180 2179 2177
2181 2180 2177
2181 2177 2178
2182 2180 2181
2180 2182 2183
2184 2183 2182
2185 2173 2176
2173 2185 2186
2187 2186 2185
2176 2188 2185
2188 2176 2179
2189 2185 2188
2189 2187 2185
2190 2188 2179
2191 2188 2190
2191 2189 2188
2190 2192 2191
2192 2190 2193
2194 2192 2193
2187 2195 2186
2195 2196 2186
2197 2186 2196
2198 2197 2196
2199 2198 2196
2195 2199 2196
2197 2198 2200
2198 2201 2200
2201 2198 2202
2203 2202 2198
2199 2203 2198
2202 2203 2204
2204 2205 2202
2202 2205 2206
2206 2201 2202
2207 2206 2205
2206 2207 2208
2209 2206 2208
2206 2209 2210
2201 2206 2210
2208 2207 2211
2186 2197 2173
2161 2212 2165
2212 2161 2166
2213 2165 2212
2212 2214 2213
2215 2214 2212
2212 2216 2215
2166 2216 2212
2214 2217 2213
2218 2219 2220
2220 2219 2221
2221 2219 2222
2219 2223 2222
2223 2219 2224
2224 2219 2225
2219 2226 2225
2226 2219 2227
2227 2219 2228
2229 2230 2231
2230 2229 2232
2232 2233 2230
2233 2232 2234
2233 2235 2230
2235 2233 2236
2234 2237 2233
2237 2234 2238
2239 2233 2237
2233 2239 2236
2240 2229 2231
2241 2230 2235
2230 2241 2231
2242 2231 2241
2242 2240 2231
2243 2240 2242
2242 2244 2243
2244 2242 2245
2242 2241 2245
2243 2244 2246
2240 2243 2247
2248 2247 2243
2243 2246 2248
2247 2248 2249
2238 2250 2237
2237 2250 2251
2237 2251 2239
2238 2252 2250
2251 2253 2239
2251 2254 2253
2254 2251 2255
2241 2256 2245
2235 2256 2241
2256 2235 2257
2245 2258 2244
2236 2257 2235
2244 2258 2259
2257 2260 2256
2261 2260 2257
2236 2262 2257
2239 2262 2236
2262 2239 2263
2253 2264 2239
2264 2263 2239
2258 2265 2259
2258 2266 2265
2267 2266 2258
2244 2259 2246
2267 2268 2266
2269 2260 2261
2269 2261 2270
2271 2269 2270
2267 2272 2268
2272 2273 2268
2274 2272 2267
2256 2274 2267
2272 2274 2275
2276 2271 2270
2276 2277 2271
2278 2276 2270
2278 2270 2279
2280 2279 2270
2270 2261 2280
2281 2278 2279
2281 2279 2282
2283 2282 2279
2280 2283 2279
2282 2284 2281
2282 2283 2285
2286 2282 2285
2286 2284 2282
2256 2287 2245
2258 2245 2287
2267 2258 2287
2256 2267 2287
2288 2289 2290
2289 2288 2291
2292 2288 2290
2288 2292 2293
2294 2293 2292
2293 2294 2295
2296 2295 2294
2295 2296 2297
2296 2298 2297
2298 2296 2299
2299 2300 2298
2300 2299 2301
2301 2302 2300
2302 2301 2303
2303 2304 2302
2303 2305 2304
2306 2307 2250
2250 2307 2308
2252 2306 2250
2252 2309 2306
2250 2308 2251
2310 2311 2312
2313 2314 2315
2314 2316 2315
2316 2314 2317
2317 2318 2316
2318 2317 2319
2319 2320 2318
2320 2319 2321
2322 2264 2253
2254 2322 2253
2323 2324 2325
2325 2324 2326
2327 2323 2325
2328 2323 2327
2323 2328 2329
2330 2329 2328
2329 2330 2331
2332 2333 2334
2333 2332 2335
2335 2336 2333
2336 2335 2337
2338 2336 2337
2336 2338 2339
2338 2340 2339
2340 2338 2341
2341 2342 2340
2342 2341 2343
2344 2345 2346
2344 2346 2347
2348 2347 2346
2347 2348 2349
2350 2351 2352
2351 2350 2353
2353 2350 2354
2351 2353 2355
2355 2356 2351
2355 2357 2356
2357 2355 2358
2358 2359 2357
2360 2359 2358
2361 2359 2360
2361 2362 2359
2362 2363 2359
2363 2364 2359
2364 2363 2365
2365 2366 2364
2365 2367 2366
2367 2365 2368
2367 2368 2369
2369 2370 2367
2368 2371 2369
2372 2373 2374
2375 2372 2374
2373 2376 2374
2374 2376 2377
2378 2377 2376
2379 2378 2376
2380 2378 2379
2381 2378 2380
2382 2383 2384
2384 2383 2385
2385 2383 2386
2386 2383 2387
2387 2383 2388
2388 2383 2389
2389 2383 2390
2390 2383 2391
2392 2393 2394
2393 2392 2395
2393 2396 2394
2396 2393 2397
2398 2399 2400
2399 2398 2401
2402 2399 2401
2399 2402 2403
2404 2405 2406
2405 2404 2407
2408 2409 2410
2409 2408 2411
2412 2413 2414
2413 2412 2415
2416 2417 2418
2419 2416 2418
2420 2421 2422
2421 2420 2423
2424 2425 2426
2425 2424 2427
2426 2428 2424
2428 2426 2429
2429 2430 2428
2430 2429 2431
2431 2432 2430
2432 2431 2433
2434 2432 2433
2432 2434 2435
2436 2435 2434
2435 2436 2437
2438 2437 2436
2437 2438 2439
2439 2438 2440
2438 2441 2440
2441 2438 2442
2443 2441 2442
2441 2443 2444
2445 2444 2443
2444 2445 2446
2446 2445 2447
2447 2445 2448
2448 2445 2449
2449 2445 2450
2451 2452 2453
2452 2451 2454
2455 2454 2451
2454 2455 2456
2457 2456 2455
2456 2457 2458
2459 2458 2457
2458 2459 2460
2459 2461 2460
2461 2459 2462
2462 2463 2461
2463 2462 2464
2464 2465 2463
2465 2464 2466
2466 2467 2465
2468 2465 2467
2465 2468 2469
2468 2470 2469
2470 2468 2471
2471 2472 2470
2472 2471 2473
2473 2474 2472
2474 2475 2472
2475 2476 2472
2476 2477 2472
2478 2479 2480
2479 2478 2481
2479 2482 2480
2482 2479 2483
2483 2484 2482
2484 2483 2485
2485 2486 2484
2486 2485 2487
2488 2489 2490
2489 2488 2491
2491 2492 2489
2492 2491 2493
2493 2494 2492
2494 2493 2495
2495 2496 2494
2496 2495 2497
2498 2499 2500
2499 2498 2501
2499 2502 2500
2502 2499 2503
2503 2504 2502
2504 2503 2505
2506 2507 2508
2507 2506 2509
2510 2509 2506
2509 2510 2511
2512 2511 2510
2511 2512 2513
2512 2514 2513
2514 2512 2515
2516 2517 2518
2517 2516 2519
2520 2516 2518
2516 2520 2521
2522 2523 2524
2523 2522 2525
2522 2526 2525
2526 2522 2527
2528 2529 2530
2529 2528 2531
2532 2533 2534
2533 2532 2535
2536 2537 2538
2537 2536 2539
2540 2539 2536
2539 2540 2541
2540 2542 2541
2542 2540 2543
2543 2544 2542
2544 2543 2545
2546 2547 2548
2547 2546 2549
2550 2551 2552
2551 2550 2553
2550 2552 2554
2553 2550 2555
2555 2550 2556
2554 2557 2550
2558 2559 2557
2559 2558 2560
2559 2560 2561
2561 2562 2559
2562 2563 2559
2563 2564 2559
2565 2566 2567
2566 2568 2567
2569 2566 2565
2566 2570 2568
2571 2566 2569
2566 2571 2572
2573 2574 2575
2574 2573 2576
2577 2576 2573
2576 2577 2578
2574 2579 2575
2579 2574 2580
2581 2578 2577
2578 2581 2582
2583 2582 2581
2582 2583 2584
2585 2584 2583
2584 2585 2586
2587 2588 2589
2590 2588 2587
2590 2591 2588
2588 2591 2592
2593 2594 2595
2596 2593 2595
2596 2595 2597
2598 2596 2597
2599 2600 2601
2600 2599 2602
2603 2604 2605
2604 2603 2606
2607 2608 2609
2608 2607 2610
2611 2612 2613
2612 2611 2614
2614 2615 2612
2615 2614 2616
2617 2618 2619
2617 2620 2618
2621 2620 2617
2622 2620 2621
2620 2622 2623
2622 2624 2623
2624 2622 2625
2626 2619 2618
2619 2626 2627
2628 2624 2625
2626 2629 2627
2629 2626 2630
2629 2630 2631
2631 2630 2632
2631 2632 2633
2631 2633 2634
2628 2635 2624
2624 2635 2636
2637 2638 2639
2637 2639 2640
2641 2637 2640
2640 2642 2641
2642 2640 2643
2644 2642 2643
2642 2644 2645
2638 2646 2639
2646 2638 2647
2648 2645 2644
2648 2644 2649
2650 2646 2647
2646 2650 2651
2650 2652 2651
2652 2653 2651
2652 2654 2653
2652 2655 2654
2649 2644 2656
2657 2658 2659
2658 2657 2660
2659 2661 2657
2661 2659 2662
2663 2658 2660
2658 2663 2664
2663 2665 2664
2665 2663 2666
2666 2667 2665
2667 2666 2668
2669 2667 2668
2667 2669 2670
2671 2672 2673
2672 2671 2674
2675 2676 2677
2676 2675 2678
2679 2680 2681
2680 2679 2682
2683 2681 2680
2681 2683 2684
2685 2686 2687
2686 2685 2688
2689 2690 2691
2690 2689 2692
2693 2694 2695
2694 2693 2696
2697 2695 2694
2695 2697 2698
2699 2700 2701
2700 2699 2702
2703 2704 2705
2704 2703 2706
2707 2708 2709
2708 2707 2710
2711 2707 2709
2707 2711 2712
2713 2712 2711
2712 2713 2714
2715 2716 2717
2716 2715 2718
2719 2720 2721
2721 2720 2722
2719 2723 2720
2723 2719 2724
2723 2724 2725
2723 2725 2726
2723 2726 2727
2726 2725 2728
2729 2730 2731
2730 2732 2731
2733 2729 2731
2729 2733 2734
2733 2735 2734
2733 2736 2735
2733 2737 2736
2736 2738 2735
2739 2740 2741
2740 2739 2742
2743 2742 2739
2742 2743 2744
2745 2746 2747
2746 2745 2748
2749 2750 2751
2750 2749 2752
2753 2754 2755
2754 2753 2756
2757 2758 2759
2758 2757 2760
2761 2762 2763
2762 2761 2764
2763 2765 2761
2765 2763 2766
2764 2767 2762
2767 2764 2768
2768 2769 2767
2769 2768 2770
2771 2772 2773
2772 2771 2774
2775 2773 2772
2773 2775 2776
2777 2776 2775
2776 2777 2778
2779 2778 2777
2778 2779 2780
2781 2780 2779
2780 2781 2782
2783 2782 2781
2782 2783 2784
2771 2785 2774
2785 2771 2786
2786 2787 2785
2787 2786 2788
2788 2789 2787
2789 2788 2790
2783 2791 2784
2791 2783 2792
2792 2793 2791
2793 2792 2794
2794 2795 2793
2795 2794 2796
2797 2798 2799
2800 2797 2799
2801 2800 2799
2802 2801 2799
2803 2802 2799
2804 2803 2799
2805 2799 2798
2806 2799 2805
2807 2799 2806
2808 2799 2807
2809 2799 2808
2804 2799 2809
2810 2811 2812
2811 2813 2812
2813 2814 2812
2814 2815 2812
2815 2816 2812
2816 2817 2812
2810 2812 2818
2818 2812 2819
2819 2812 2820
2820 2812 2821
2821 2812 2822
2822 2812 2817
2823 2824 2825
2823 2825 2826
2823 2826 2827
2828 2823 2827
2828 2827 2829
2829 2827 2830
2829 2830 2831
2829 2831 2832
2833 2834 2835
2833 2836 2834
2833 2837 2836
2838 2837 2833
2838 2839 2837
2839 2840 2837
2839 2841 2840
2839 2842 2841
2843 2844 2845
2844 2843 2846
2844 2847 2845
2847 2844 2848
2848 2849 2847
2849 2848 2850
2851 2852 2853
2852 2851 2854
2855 2852 2854
2852 2855 2856
2857 2856 2855
2856 2857 2858
2859 2860 2861
2859 2861 2862
2859 2862 2863
2864 2859 2863
2865 2866 2867
2865 2868 2866
2865 2869 2868
2870 2869 2865
2870 2871 2869
2871 2872 2869
2871 2873 2872
2871 2874 2873
2875 2876 2877
2876 2875 2878
2876 2879 2877
2879 2876 2880
2880 2881 2879
2881 2880 2882
2883 2884 2885
2883 2886 2884
2883 2887 2886
2888 2887 2883
2889 2890 2891
2890 2889 2892
2893 2890 2892
2890 2893 2894
2895 2894 2893
2894 2895 2896
2897 2898 2899
2897 2899 2900
2897 2900 2901
2902 2897 2901
2902 2901 2903
2903 2901 2904
2903 2904 2905
2903 2905 2906
2907 2908 2909
2907 2910 2908
2907 2911 2910
2912 2911 2907
2912 2913 2911
2913 2914 2911
2913 2915 2914
2913 2916 2915
2917 2918 2919
2918 2917 2920
2918 2921 2919
2921 2918 2922
2922 2923 2921
2923 2922 2924
2925 2926 2927
2926 2925 2928
2929 2926 2928
2926 2929 2930
2931 2930 2929
2930 2931 2932
2933 2934 2935
2933 2936 2934
2933 2937 2936
2938 2937 2933
2938 2939 2937
2939 2940 2937
2939 2941 2940
2939 2942 2941
2943 2944 2945
2943 2945 2946
2943 2946 2947
2948 2943 2947
2948 2947 2949
2949 2947 2950
2949 2950 2951
2949 2951 2952
2953 2954 2955
2954 2953 2956
2957 2954 2956
2954 2957 2958
2959 2958 2957
2958 2959 2960
2961 2962 2963
2962 2961 2964
2962 2965 2963
2965 2962 2966
2966 2967 2965
2967 2966 2968
2969 2970 2971
2969 2972 2970
2969 2973 2972
2974 2973 2969
2975 2976 2977
2975 2977 2978
2975 2978 2979
2980 2975 2979
2980 2979 2981
2981 2979 2982
2981 2982 2983
2981 2983 2984
2985 2986 2987
2986 2985 2988
2989 2986 2988
2986 2989 2990
2991 2990 2989
2990 2991 2992
2993 2994 2995
2993 2995 2996
2993 2996 2997
2998 2993 2997
2999 3000 3001
3000 2999 3002
3000 3003 3001
3003 3000 3004
3004 3005 3003
3005 3004 3006
3007 3008 3009
3007 3010 3008
3007 3011 3010
3012 3011 3007
3012 3013 3011
3013 3014 3011
3013 3015 3014
3013 3016 3015
3017 3018 3019
3017 3019 3020
3017 3020 3021
3022 3017 3021
3022 3021 3023
3023 3021 3024
3023 3024 3025
3023 3025 3026
3027 3028 3029
3028 3027 3030
3031 3028 3030
3028 3031 3032
3033 3032 3031
3032 3033 3034
3035 3036 3037
3036 3035 3038
3036 3039 3037
3039 3036 3040
3040 3041 3039
3041 3040 3042
3043 3044 3045
3044 3043 3046
3047 3045 3044
3045 3047 3048
3049 3048 3047
3048 3049 3050
3051 3046 3043
3046 3051 3052
3053 3052 3051
3052 3053 3054
3055 3054 3053
3054 3055 3056
3057 3056 3055
3056 3057 3058
3059 3058 3057
3058 3059 3060
3061 3062 3063
3064 3061 3063
3065 3064 3063
3066 3065 3063
3067 3066 3063
3068 3067 3063
3069 3068 3063
3062 3069 3063
3070 3071 3072
3071 3073 3072
3073 3074 3072
3075 3070 3072
3076 3075 3072
3077 3076 3072
3078 3077 3072
3079 3078 3072
3080 3081 3082
3081 3080 3083
3082 3084 3080
3084 3082 3085
3085 3086 3084
3086 3085 3087
3088 3089 3090
3089 3088 3091
3090 3092 3088
3092 3090 3093
3093 3094 3092
3094 3093 3095
3094 3095 3096
3097 3098 3099
3099 3098 3100
3100 3098 3101
3100 3101 3102
3102 3101 3103
3102 3103 3104
3104 3103 3105
3106 3104 3105
3104 3106 3107
3107 3106 3108
3106 3109 3108
3109 3106 3110
3111 3109 3110
3109 3111 3112
3112 3111 3113
3112 3113 3114
3114 3113 3115
3114 3115 3116
3117 3118 3119
3119 3118 3120
3119 3120 3121
3121 3120 3122
3121 3122 3123
3123 3122 3124
3125 3126 3127
3126 3125 3128
3129 3126 3128
3126 3129 3130
3131 3130 3129
3130 3131 3132
3133 3132 3131
3132 3133 3134
3133 3135 3134
3135 3133 3136
3137 3135 3136
3135 3137 3138
3139 3140 3141
3142 3139 3141
3143 3139 3142
3144 3143 3142
3145 3143 3144
3144 3146 3145
3146 3144 3147
3148 3146 3147
3148 3147 3149
3150 3148 3149
3150 3149 3151
3152 3150 3151
3153 3152 3151
3154 3155 3156
3156 3157 3154
3157 3156 3158
3159 3160 3161
3162 3163 3164
3163 3162 3165
3163 3166 3164
3166 3163 3167
3167 3168 3166
3168 3167 3169
3170 3168 3169
3168 3170 3171
3172 3171 3170
3171 3172 3173
3172 3174 3173
3174 3172 3175
3176 3174 3175
3177 3176 3175
3176 3178 3174
3178 3179 3174
3179 3178 3180
3180 3181 3179
3181 3180 3182
3183 3181 3182
3181 3183 3184
3185 3184 3183
3186 3184 3185
3184 3186 3187
3188 3187 3186
3187 3188 3189
3189 3188 3190
3189 3190 3191
3189 3191 3192
3192 3193 3189
3194 3189 3193
3189 3194 3195
3194 3196 3195
3197 3198 3199
3200 3201 3202
3201 3200 3203
3204 3202 3201
3202 3204 3205
3204 3206 3205
3206 3204 3207
3207 3208 3206
3208 3207 3209
3210 3208 3209
3208 3210 3211
3212 3211 3210
3211 3212 3213
3214 3213 3212
3214 3215 3213
3216 3203 3200
3203 3216 3217
3218 3217 3216
3217 3218 3219
3220 3219 3218
3219 3220 3221
3214 3222 3215
3223 3215 3222
3223 3222 3224
3224 3225 3223
3225 3224 3226
3226 3227 3225
3227 3226 3228
3228 3229 3227
3230 3227 3229
3231 3227 3230
3230 3229 3232
3232 3229 3233
3229 3228 3234
3233 3229 3234
3231 3230 3235
3236 3225 3227
3227 3231 3236
3237 3225 3236
3237 3223 3225
3237 3238 3223
3223 3238 3215
3213 3215 3238
3220 3239 3240
3221 3220 3240
3241 3242 3243
3242 3244 3243
3244 3242 3245
3245 3246 3244
3247 3242 3241
3247 3241 3248
3249 3250 3251
3250 3249 3252
3253 3252 3249
3252 3253 3254
3253 3255 3254
3255 3253 3256
3257 3251 3250
3251 3257 3258
3259 3258 3257
3258 3259 3260
3259 3261 3260
3260 3261 3262
3261 3263 3262
3263 3261 3264
3263 3265 3262
3265 3263 3266
3266 3267 3265
3268 3269 3270
3269 3268 3271
3272 3270 3269
3270 3272 3273
3274 3273 3272
3273 3274 3275
3274 3276 3275
3276 3274 3277
3278 3276 3277
3276 3278 3279
3280 3279 3278
3279 3280 3281
3282 3281 3280
3281 3282 3283
3284 3283 3282
3283 3284 3285
3286 3285 3284
3285 3286 3287
3288 3287 3286
3287 3288 3289
3288 3290 3289
3290 3288 3291
3292 3271 3268
3271 3292 3293
3294 3293 3292
3293 3294 3295
3296 3295 3294
3295 3296 3297
3296 3298 3297
3298 3296 3299
3300 3301 3302
3301 3300 3303
3301 3304 3302
3300 3305 3303
3305 3300 3306
3306 3307 3305
3307 3306 3308
3308 3309 3307
3309 3308 3310
3311 3309 3310
3309 3311 3312
3311 3313 3312
3313 3311 3314
3315 3316 3317
3315 3317 3318
3315 3319 3316
3320 3316 3319
3320 3319 3321
3322 3320 3321
3316 3320 3323
3323 3324 3316
3316 3324 3325
3325 3324 3326
3327 3325 3326
3318 3317 3328
3318 3328 3329
3329 3328 3330
3330 3331 3329
3331 3330 3332
3333 3331 3332
3332 3334 3333
3335 3333 3334
3335 3334 3336
3334 3337 3336
3334 3338 3337
3338 3339 3337
3339 3338 3340
3340 3341 3339
3326 3342 3327
3342 3343 3327
3343 3342 3341
3343 3341 3340
3344 3345 3346
3344 3346 3347
3344 3347 3348
3348 3347 3349
3348 3350 3344
3348 3351 3350
3350 3352 3344
3344 3352 3353
3353 3345 3344
3353 3352 3354
3354 3355 3353
3354 3356 3355
3357 3351 3348
3358 3357 3348
3357 3358 3359
3359 3358 3360
3359 3361 3357
3359 3360 3362
3363 3359 3362
3359 3363 3364
3364 3361 3359
3364 3363 3365
3363 3366 3365
3363 3367 3366
3363 3362 3367
3366 3368 3365
3368 3366 3369
3370 3368 3369
3360 3358 3371
3348 3371 3358
3348 3349 3371
1646 3372 1653
3372 1646 1645
1645 3373 3372
1645 3374 3373
3374 1645 1643
1642 3374 1643
1642 3375 3374
1641 3375 1642
3376 3377 1638
3377 3376 3378
3379 3377 3378
3378 3380 3379
3378 3381 3380
3380 3381 3382
1637 3376 1638
3381 1537 3382
1537 1539 3382
1537 3381 1535
3383 3384 3385
3383 3385 3386
3385 3387 3386
3388 3385 3384
3389 3388 3384
3384 3390 3389
3389 3390 3391
3391 3392 3389
3392 3391 3393
3387 3385 3394
3395 3392 3393
3395 3393 3396
3395 3396 3397
3398 3395 3397
3399 3398 3397
3400 3398 3399
3401 3400 3399
3402 3400 3401
3401 3403 3402
3404 3402 3403
3405 3404 3403
3406 3404 3405
3406 3405 3407
3406 3407 3408
3408 3409 3406
3410 3409 3408
3409 3410 3411
3410 3412 3411
3412 3410 3413
3413 3414 3412
3414 3413 3415
3416 3414 3415
1754 3416 3415
3417 3414 3416
3417 3418 3414
3419 3418 3417
3420 3419 3417
3421 3419 3420
3421 3420 3422
3422 3423 3421
3424 3423 3422
3423 3424 3425
3424 3426 3425
3426 3424 3427
3428 3426 3427
3427 3429 3428
3428 3429 3430
3394 3430 3429
3394 3429 3387
3383 3431 3432
3383 3386 3431
3433 3434 3435
3433 3435 3436
3433 3436 3437
3437 3438 3433
3433 3438 3434
3438 3437 3439
3437 3440 3439
3439 3440 3441
3441 3440 3442
3443 3441 3442
3436 3435 3444
3445 3446 3447
3446 3445 3448
3446 3449 3447
3447 3449 3450
3451 3449 3446
3448 3451 3446
3452 3451 3448
3449 3451 3453
3453 3454 3449
3450 3449 3454
3454 3453 3455
3454 3456 3450
3457 3456 3454
3455 3457 3454
3458 3448 3445
3448 3458 3459
3459 3452 3448
3458 3460 3459
3460 3458 3461
3460 3462 3459
3459 3462 3452
3462 3460 3463
3461 3464 3460
3464 3463 3460
3464 3461 3465
3464 3465 3466
3465 3467 3466
3465 3468 3467
3465 3469 3468
3469 3465 3470
3463 3464 3471
3471 3464 3472
3471 3473 3463
3463 3473 3462
3473 3471 3474
3474 3471 3475
3475 3471 3476
3469 3470 3477
3469 3477 3478
3478 3477 3479
3479 3477 3480
3480 3481 3479
3482 3481 3480
3481 3482 3483
3482 3484 3483
3485 3462 3473
3462 3485 3452
3452 3485 3486
3486 3487 3452
3488 3489 3490
3489 3488 3491
3488 3492 3491
3492 3493 3491
3494 3489 3491
3493 3494 3491
3493 3495 3494
3496 3494 3495
3489 3494 3496
3492 3488 3497
3488 3498 3497
3488 3490 3457
3498 3488 3457
3455 3498 3457
3490 3456 3457
3499 3500 3501
3502 3499 3501
3499 3502 3503
3504 3503 3502
3503 3504 3505
3506 3505 3504
3505 3506 3507
3508 3507 3506
3507 3508 3509
3510 3509 3508
3511 3512 3513
3512 3511 3514
3513 3515 3511
3513 3516 3515
3516 3517 3515
3518 3519 3520
3521 3518 3520
3518 3521 3522
3521 3523 3522
3518 3524 3519
3524 3525 3519
3524 3526 3525
3526 3527 3525
3526 3528 3527
3528 3529 3527
3527 3529 3530
3530 3529 3531
3532 3530 3531
3530 3532 3533
3533 3532 3534
2100 1922 1925
2100 1923 1922
2088 1924 1923
1924 2088 2074
2088 2076 2074
3535 3536 3537
3536 3538 3537
3538 3539 3537
3539 3540 3537
3540 3541 3537
3541 3542 3537
3542 3543 3537
3543 3544 3537
3544 3545 3537
3546 3547 3548
3547 3546 3549
3550 3548 3547
3548 3550 3551
3552 3550 3547
3550 3552 3553
3554 3551 3550
3551 3554 3555
3556 3550 3553
3550 3556 3554
3557 3547 3549
3547 3557 3552
3555 3554 3558
3554 3559 3558
3554 3556 3559
3555 3558 3560
3559 3556 3561
3562 3559 3561
3559 3562 3563
3564 3552 3557
3552 3564 3565
3553 3552 3565
3565 3564 3566
3567 3565 3566
3568 3556 3553
3553 3565 3568
3556 3568 3569
3556 3569 3570
3561 3556 3570
3561 3570 3571
3562 3561 3571
3572 3567 3566
3572 3573 3567
3574 3573 3572
3573 3575 3567
3575 3573 3576
3577 3573 3574
3577 3574 3578
3579 3573 3577
3579 3576 3573
3580 3576 3579
3580 3581 3576
3582 3576 3581
3575 3576 3582
3581 3580 3583
3581 3584 3582
3585 3584 3581
3585 3581 3583
3586 3587 3588
3587 3586 3589
3589 3590 3587
3590 3589 3591
3592 3591 3589
3591 3592 3593
3591 3593 3557
3589 3594 3592
3589 3586 3594
3591 3549 3590
3591 3557 3549
3595 3593 3592
3593 3595 3596
3593 3596 3564
3557 3593 3564
3592 3597 3595
3592 3594 3597
3595 3597 3598
3595 3598 3599
3600 3595 3599
3564 3596 3600
3600 3596 3595
3600 3599 3601
3600 3601 3602
3602 3601 3603
3602 3604 3600
3564 3600 3604
3604 3602 3605
3549 3546 3590
3606 3607 3608
3607 3606 3609
3607 3610 3608
3610 3607 3611
3611 3612 3610
3612 3611 3613
3613 3614 3612
3614 3613 3615
3616 3614 3615
3614 3616 3617
3618 3617 3616
3617 3618 3619
3620 3619 3618
3619 3620 3621
3621 3620 3622
3621 3622 3623
3624 3558 3625
3558 3626 3625
3560 3558 3624
3560 3624 3627
3558 3559 3626
3628 3629 3630
3631 3632 3633
3634 3633 3632
3633 3634 3635
3636 3635 3634
3635 3636 3637
3638 3637 3636
3637 3638 3639
3640 3641 3642
3641 3643 3642
3644 3641 3640
3640 3645 3644
3645 3640 3646
3646 3647 3645
3647 3646 3648
3649 3650 3651
3650 3649 3652
3653 3652 3649
3652 3653 3654
3653 3655 3654
3655 3653 3656
3657 3655 3656
3655 3657 3658
3659 3658 3657
3658 3659 3660
3661 3662 3663
3661 3664 3662
3664 3665 3662
3665 3664 3666
3667 3668 3669
3668 3670 3669
3670 3671 3669
3671 3672 3669
3672 3673 3669
3673 3674 3669
3674 3675 3669
3675 3676 3669
3677 3678 3679
3678 3677 3680
3681 3678 3680
3678 3681 3682
3683 3684 3685
3684 3683 3686
3684 3687 3685
3687 3684 3688
3689 3690 3691
3690 3689 3692
3693 3694 3695
3694 3693 3696
3697 3698 3699
3698 3697 3700
3701 3702 3703
3704 3702 3701
3705 3706 3707
3706 3705 3708
3709 3710 3711
3710 3709 3712
3713 3712 3709
3712 3713 3714
3715 3714 3713
3714 3715 3716
3717 3716 3715
3716 3717 3718
3717 3719 3718
3719 3717 3720
3720 3721 3719
3721 3720 3722
3722 3723 3721
3723 3722 3724
3724 3725 3723
3726 3723 3725
3723 3726 3727
3726 3728 3727
3728 3726 3729
3729 3730 3728
3730 3729 3731
3731 3732 3730
3732 3733 3730
3733 3734 3730
3734 3735 3730
3736 3737 3738
3737 3736 3739
3738 3740 3736
3740 3738 3741
3741 3742 3740
3742 3741 3743
3743 3744 3742
3744 3743 3745
3746 3744 3745
3744 3746 3747
3748 3747 3746
3747 3748 3749
3750 3749 3748
3749 3750 3751
3751 3750 3752
3750 3753 3752
3753 3750 3754
3755 3753 3754
3753 3755 3756
3757 3756 3755
3756 3757 3758
3758 3757 3759
3759 3757 3760
3760 3757 3761
3761 3757 3762
3763 3764 3765
3764 3763 3766
3767 3763 3765
3763 3767 3768
3769 3768 3767
3768 3769 3770
3771 3770 3769
3770 3771 3772
3773 3774 3775
3774 3773 3776
3777 3775 3774
3775 3777 3778
3779 3778 3777
3778 3779 3780
3781 3780 3779
3780 3781 3782
3783 3784 3785
3784 3783 3786
3787 3783 3785
3783 3787 3788
3789 3788 3787
3788 3789 3790
3791 3792 3793
3792 3791 3794
3794 3795 3792
3795 3794 3796
3796 3797 3795
3797 3796 3798
3799 3797 3798
3797 3799 3800
3801 3802 3803
3802 3801 3804
3801 3805 3804
3805 3801 3806
3807 3808 3809
3808 3807 3810
3811 3808 3810
3808 3811 3812
3813 3814 3815
3814 3813 3816
3817 3818 3819
3818 3817 3820
3821 3822 3823
3822 3821 3824
3824 3825 3822
3825 3824 3826
3827 3825 3826
3825 3827 3828
3829 3828 3827
3828 3829 3830
3831 3832 3833
3832 3831 3834
3835 3836 3837
3837 3836 3838
3839 3835 3837
3837 3838 3840
3841 3839 3837
3837 3842 3841
3843 3844 3845
3844 3843 3846
3846 3847 3844
3847 3846 3848
3849 3843 3845
3843 3849 3850
3848 3851 3847
3851 3848 3852
3852 3853 3851
3853 3852 3854
3854 3855 3853
3855 3854 3856
3857 3858 3859
3860 3857 3859
3860 3859 3861
3859 3862 3861
3863 3864 3865
3866 3864 3863
3866 3867 3864
3868 3867 3866
3869 3870 3871
3870 3869 3872
3873 3874 3875
3874 3873 3876
3877 3878 3879
3878 3877 3880
3881 3882 3883
3882 3881 3884
3885 3883 3882
3883 3885 3886
3887 3888 3889
3887 3889 3890
3891 3887 3890
3890 3892 3891
3892 3890 3893
3894 3892 3893
3892 3894 3895
3888 3896 3889
3896 3888 3897
3898 3895 3894
3899 3896 3897
3896 3899 3900
3899 3901 3900
3901 3902 3900
3901 3903 3902
3901 3904 3903
3898 3894 3905
3894 3906 3905
3907 3908 3909
3907 3910 3908
3911 3910 3907
3912 3910 3911
3910 3912 3913
3912 3914 3913
3914 3912 3915
3916 3909 3908
3909 3916 3917
3918 3914 3915
3918 3919 3914
3916 3920 3917
3920 3916 3921
3920 3921 3922
3922 3921 3923
3922 3923 3924
3922 3924 3925
3919 3926 3914
3927 3928 3929
3928 3927 3930
3931 3930 3927
3930 3931 3932
3928 3933 3929
3933 3928 3934
3935 3933 3934
3933 3935 3936
3937 3936 3935
3936 3937 3938
3937 3939 3938
3939 3937 3940
3941 3942 3943
3942 3941 3944
3945 3946 3947
3946 3945 3948
3949 3950 3951
3950 3949 3952
3951 3953 3949
3953 3951 3954
3955 3956 3957
3956 3955 3958
3959 3960 3961
3960 3959 3962
3963 3964 3965
3964 3963 3966
3965 3967 3963
3967 3965 3968
3969 3970 3971
3970 3969 3972
3973 3974 3975
3974 3973 3976
3977 3978 3979
3978 3977 3980
3977 3981 3980
3981 3977 3982
3982 3983 3981
3983 3982 3984
3985 3986 3987
3986 3985 3988
3989 3990 3991
3990 3992 3991
3993 3989 3991
3989 3993 3994
3993 3995 3994
3993 3996 3995
3993 3997 3996
3996 3998 3995
3999 4000 4001
4001 4000 4002
3999 4003 4000
4003 3999 4004
4003 4004 4005
4003 4005 4006
4003 4006 4007
4006 4005 4008
4009 4010 4011
4010 4009 4012
4012 4013 4010
4013 4012 4014
4015 4016 4017
4016 4015 4018
4019 4020 4021
4020 4019 4022
4023 4024 4025
4024 4023 4026
4027 4028 4029
4028 4027 4030
4031 4032 4033
4032 4031 4034
4035 4034 4031
4034 4035 4036
4037 4033 4032
4033 4037 4038
4039 4038 4037
4038 4039 4040
1624 1601 1609
1391 4041 1389
