byte offset: 0
first index: 0
index count: 12150
topology: trianglelist
format: DXGI_FORMAT_R16_UINT

0 1 2
1 0 3
2 4 0
4 2 5
6 0 4
6 3 0
7 1 3
6 7 3
6 8 7
8 9 7
1 7 9
9 8 10
11 12 13
12 11 14
13 15 11
15 13 16
17 11 15
17 14 11
17 18 14
18 12 14
17 19 18
19 20 18
12 18 20
20 19 21
22 23 24
23 25 24
25 26 24
26 27 24
27 28 24
29 24 28
29 30 24
30 22 24
31 32 33
32 31 34
33 35 31
35 33 36
37 31 35
37 34 31
38 32 34
37 38 34
37 39 38
39 40 38
32 38 40
40 39 41
42 43 44
43 42 45
44 46 42
46 44 47
48 42 46
48 45 42
48 49 45
49 43 45
48 50 49
50 51 49
43 49 51
51 50 52
53 54 55
54 56 55
56 57 55
57 58 55
58 59 55
60 55 59
60 61 55
61 53 55
62 63 64
63 62 65
64 66 62
66 64 67
68 62 66
68 65 62
69 63 65
68 69 65
68 70 69
70 71 69
63 69 71
71 70 72
73 74 75
74 73 76
75 77 73
77 75 78
79 73 77
79 76 73
79 80 76
80 74 76
79 81 80
81 82 80
74 80 82
82 81 83
84 85 86
85 87 86
87 88 86
88 89 86
89 90 86
91 86 90
91 92 86
92 84 86
93 94 95
93 96 94
93 97 96
98 99 100
98 101 99
98 102 101
103 104 105
104 106 105
106 107 105
108 103 105
108 105 109
107 109 105
110 111 112
110 113 111
110 112 114
115 116 117
115 117 118
115 119 116
120 121 122
121 120 123
124 123 120
123 124 125
126 127 128
126 129 127
126 128 130
131 132 133
131 133 134
131 135 132
136 137 138
137 139 138
139 140 138
141 136 138
141 138 142
140 142 138
143 144 145
143 146 144
143 145 147
148 149 150
148 150 151
148 152 149
153 154 155
154 156 155
156 157 155
158 153 155
158 155 159
157 159 155
160 161 162
160 162 163
160 163 164
160 164 165
160 165 166
167 161 160
160 168 167
160 169 168
160 170 171
160 171 172
160 172 173
160 173 174
160 174 175
160 175 176
160 176 177
160 177 178
179 160 178
179 180 160
181 182 183
181 184 182
184 181 185
185 186 184
186 185 187
187 188 186
188 187 189
189 190 188
190 189 191
191 192 190
192 191 193
193 194 192
194 193 195
195 196 194
196 195 197
197 198 196
198 197 199
199 200 198
200 199 201
202 203 204
203 202 205
206 205 202
205 206 207
208 207 206
207 208 209
210 209 208
209 210 211
212 211 210
211 212 213
214 204 203
204 214 215
214 216 215
216 214 217
218 216 217
216 218 219
220 221 222
221 220 223
224 223 220
223 224 225
226 225 224
225 226 227
228 227 226
227 228 229
230 229 228
229 230 231
230 232 231
232 230 233
233 234 232
234 233 235
235 236 234
236 235 237
237 238 236
238 237 239
239 240 238
240 239 241
241 242 240
242 241 243
243 244 242
244 243 245
245 246 244
246 245 247
247 248 246
248 247 249
249 250 248
250 249 251
252 253 254
253 252 255
222 255 252
255 222 221
256 254 253
254 256 257
253 258 256
259 260 261
261 260 262
262 260 263
263 260 264
264 260 265
265 260 266
266 260 267
267 260 268
268 260 269
269 260 270
270 260 271
271 260 272
272 260 273
273 260 274
274 260 275
275 260 276
276 260 277
277 260 259
278 279 280
279 278 281
282 283 284
282 285 283
282 284 286
287 288 289
287 289 290
287 291 288
292 293 294
293 295 294
295 296 294
297 292 294
297 294 298
296 298 294
299 300 301
300 299 302
301 303 299
303 301 304
305 299 303
305 302 299
306 300 302
305 306 302
305 307 306
307 308 306
300 306 308
308 307 309
310 311 312
311 310 313
312 314 310
314 312 315
316 310 314
316 313 310
316 317 313
317 311 313
316 318 317
318 319 317
311 317 319
319 318 320
321 322 323
322 324 323
324 325 323
325 326 323
326 327 323
328 323 327
328 329 323
329 321 323
330 331 332
330 333 331
330 332 334
335 336 337
335 337 338
335 339 336
340 341 342
341 343 342
343 344 342
345 340 342
345 342 346
344 346 342
347 348 349
348 347 350
349 351 347
351 349 352
353 347 351
353 350 347
354 348 350
353 354 350
353 355 354
355 356 354
348 354 356
356 355 357
358 359 360
359 358 361
360 362 358
362 360 363
364 358 362
364 361 358
364 365 361
365 359 361
364 366 365
366 367 365
359 365 367
367 366 368
369 370 371
370 372 371
372 373 371
373 374 371
374 375 371
376 371 375
376 377 371
377 369 371
378 379 380
378 381 379
378 380 382
383 384 385
383 385 386
383 387 384
388 389 390
389 391 390
391 392 390
393 388 390
393 390 394
392 394 390
395 396 397
396 395 398
397 399 395
399 397 400
401 395 399
401 398 395
402 396 398
401 402 398
401 403 402
403 404 402
396 402 404
404 403 405
406 407 408
407 406 409
408 410 406
410 408 411
412 406 410
412 409 406
412 413 409
413 407 409
412 414 413
414 415 413
407 413 415
415 414 416
417 418 419
418 420 419
420 421 419
421 422 419
422 423 419
424 419 423
424 425 419
425 417 419
426 427 428
426 429 427
426 428 430
431 432 433
431 433 434
431 435 432
436 437 438
437 439 438
439 440 438
441 436 438
441 438 442
440 442 438
443 444 445
444 443 446
445 447 443
447 445 448
449 443 447
449 446 443
450 444 446
449 450 446
449 451 450
451 452 450
444 450 452
452 451 453
454 455 456
455 454 457
456 458 454
458 456 459
460 454 458
460 457 454
460 461 457
461 455 457
460 462 461
462 463 461
455 461 463
463 462 464
465 466 467
466 468 467
468 469 467
469 470 467
470 471 467
472 467 471
472 473 467
473 465 467
474 475 476
475 474 477
476 478 474
478 476 479
480 474 478
480 477 474
481 475 477
480 481 477
480 482 481
482 483 481
475 481 483
483 482 484
485 486 487
486 485 488
487 489 485
489 487 490
491 485 489
491 488 485
491 492 488
492 486 488
491 493 492
493 494 492
486 492 494
494 493 495
496 497 498
497 499 498
499 500 498
500 501 498
501 502 498
503 498 502
503 504 498
504 496 498
505 506 507
505 508 506
505 507 509
510 511 512
510 512 513
510 514 511
515 516 517
516 518 517
518 519 517
520 515 517
520 517 521
519 521 517
522 523 524
522 524 525
522 525 526
527 528 529
527 530 528
527 531 530
532 533 534
533 535 534
535 536 534
537 532 534
537 534 538
536 538 534
539 540 541
539 542 540
539 541 543
544 545 546
544 546 547
544 548 545
549 550 551
550 552 551
552 553 551
554 549 551
554 551 555
553 555 551
556 557 558
556 558 559
560 561 562
563 564 565
563 566 564
567 568 569
568 570 569
570 571 569
572 567 569
572 569 573
571 573 569
574 575 576
577 578 579
577 580 578
577 579 581
582 583 584
582 584 585
582 586 583
587 588 589
588 590 589
590 591 589
592 587 589
592 589 593
591 593 589
594 595 596
595 594 597
596 598 594
598 596 599
600 594 598
600 597 594
601 595 597
600 601 597
600 602 601
602 603 601
595 601 603
603 602 604
605 606 607
606 605 608
607 609 605
609 607 610
611 605 609
611 608 605
611 612 608
612 606 608
611 613 612
613 614 612
606 612 614
614 613 615
616 617 618
617 619 618
619 620 618
620 621 618
621 622 618
623 618 622
623 624 618
624 616 618
625 626 627
626 625 628
629 626 628
626 629 630
627 631 625
631 627 632
633 627 626
630 633 626
627 633 634
634 632 627
633 630 635
632 634 636
637 625 631
637 629 628
637 628 625
635 638 633
638 634 633
638 635 639
640 636 634
634 638 640
636 640 641
642 643 644
643 642 645
642 646 645
646 642 647
648 644 643
644 648 649
650 647 642
644 650 642
647 650 651
650 644 652
649 652 644
652 649 653
654 648 643
654 643 645
654 645 646
655 651 650
652 655 650
651 655 656
655 652 657
653 657 652
657 653 658
659 660 661
660 662 661
662 663 661
664 659 661
664 661 665
663 665 661
666 667 668
667 666 669
670 668 667
668 670 671
666 672 669
672 666 673
674 666 668
671 674 668
666 674 675
675 673 666
674 671 676
673 675 677
676 678 674
678 675 674
678 676 679
680 677 675
675 678 680
677 680 681
682 669 672
682 670 667
682 667 669
683 684 685
684 683 686
685 687 683
687 685 688
689 684 686
684 689 690
691 688 685
688 691 692
684 693 685
693 691 685
690 694 684
684 694 693
694 690 695
696 692 691
692 696 697
691 698 696
698 691 693
694 698 693
695 699 694
698 694 699
699 695 700
701 689 686
701 686 683
701 683 687
702 703 704
703 705 704
705 706 704
706 707 704
708 704 707
708 709 704
709 702 704
710 711 712
711 710 713
712 714 710
714 712 715
716 710 714
716 713 710
717 711 713
716 717 713
716 718 717
718 719 717
711 717 719
719 718 720
721 722 723
722 721 724
723 725 721
725 723 726
727 721 725
727 724 721
727 728 724
728 722 724
727 729 728
730 728 729
728 730 731
722 728 731
732 733 734
733 735 734
735 736 734
736 737 734
737 738 734
739 734 738
739 740 734
740 732 734
741 742 743
742 741 744
745 743 742
743 745 746
741 747 744
747 741 748
749 741 743
746 749 743
741 749 750
750 748 741
749 746 751
748 750 752
751 753 749
753 750 749
753 751 754
755 752 750
750 753 755
752 755 756
757 744 747
757 745 742
757 742 744
758 759 760
759 758 761
760 762 758
762 760 763
764 759 761
759 764 765
766 763 760
763 766 767
759 768 760
768 766 760
765 769 759
759 769 768
769 765 770
771 767 766
767 771 772
766 773 771
773 766 768
769 773 768
770 774 769
773 769 774
774 770 775
776 764 761
776 761 758
776 758 762
777 778 779
778 780 779
780 781 779
781 782 779
783 779 782
783 784 779
784 777 779
785 786 787
785 788 786
785 787 789
790 791 792
790 792 793
790 794 791
795 796 797
796 798 797
798 799 797
800 795 797
800 797 801
799 801 797
802 803 804
803 802 805
806 804 803
804 806 807
802 808 805
808 802 809
810 802 804
807 810 804
802 810 811
811 809 802
810 807 812
809 811 813
812 814 810
814 811 810
814 812 815
816 813 811
811 814 816
813 816 817
818 805 808
818 806 803
818 803 805
819 820 821
820 819 822
821 823 819
823 821 824
825 820 822
820 825 826
827 824 821
824 827 828
820 829 821
829 827 821
826 830 820
820 830 829
830 826 831
832 828 827
828 832 833
827 834 832
834 827 829
830 834 829
831 835 830
834 830 835
835 831 836
837 825 822
837 822 819
837 819 823
838 839 840
839 841 840
841 842 840
842 843 840
844 840 843
844 845 840
845 838 840
846 847 848
847 846 849
850 848 847
848 850 851
846 852 849
852 846 853
854 846 848
851 854 848
846 854 855
855 853 846
854 851 856
853 855 857
856 858 854
858 855 854
858 856 859
860 857 855
855 858 860
857 860 861
862 849 852
862 850 847
862 847 849
863 864 865
864 863 866
865 867 863
867 865 868
869 864 866
864 869 870
871 868 865
864 871 865
868 871 872
871 864 873
870 873 864
873 870 874
875 872 871
873 875 871
872 875 876
875 873 877
874 877 873
877 874 878
879 869 866
879 866 863
879 863 867
880 881 882
881 883 882
883 884 882
885 880 882
885 882 886
884 886 882
887 888 889
888 887 890
891 889 888
889 891 892
887 893 890
893 887 894
895 887 889
892 895 889
887 895 896
896 894 887
895 892 897
894 896 898
897 899 895
899 896 895
899 897 900
901 898 896
896 899 901
898 901 902
903 890 893
903 891 888
903 888 890
904 905 906
905 904 907
906 908 904
908 906 909
910 905 907
905 910 911
912 909 906
909 912 913
905 914 906
914 912 906
911 915 905
905 915 914
915 911 916
917 913 912
913 917 918
912 919 917
919 912 914
915 919 914
916 920 915
919 915 920
920 916 921
922 910 907
922 907 904
922 904 908
923 924 925
924 926 925
926 927 925
927 928 925
929 925 928
929 930 925
930 923 925
931 932 933
932 931 934
935 933 932
933 935 936
931 937 934
937 931 938
939 931 933
936 939 933
931 939 940
940 938 931
939 936 941
938 940 942
941 943 939
943 940 939
943 941 944
945 942 940
940 943 945
942 945 946
947 934 937
947 935 932
947 932 934
948 949 950
949 948 951
950 952 948
952 950 953
954 949 951
949 954 955
956 953 950
953 956 957
949 958 950
958 956 950
955 959 949
949 959 958
959 955 960
961 957 956
957 961 962
956 963 961
963 956 958
959 963 958
960 964 959
963 959 964
964 960 965
966 954 951
966 951 948
966 948 952
967 968 969
968 970 969
970 971 969
971 972 969
973 969 972
973 974 969
974 967 969
975 976 977
976 975 978
978 979 976
979 978 980
980 981 979
981 980 982
982 983 981
983 982 984
984 985 983
985 984 986
986 987 985
987 986 988
988 989 987
989 988 990
990 991 989
991 990 992
992 993 991
993 992 994
994 995 993
995 994 996
996 997 995
997 996 998
998 999 997
999 998 1000
1001 985 987
985 1001 1002
1002 983 985
983 1002 1003
1003 981 983
981 1003 1004
1004 979 981
979 1004 1005
1005 976 979
976 1005 1006
1006 977 976
977 1006 1007
1008 1007 1006
1007 1008 1009
1006 1010 1008
1010 1006 1005
1005 1011 1010
1011 1005 1004
1004 1012 1011
1012 1004 1003
1003 1013 1012
1013 1003 1002
1002 1014 1013
1014 1002 1001
1001 1015 1014
1015 1001 1016
987 1016 1001
1016 987 989
989 1017 1016
1017 989 991
991 1018 1017
1018 991 993
993 1019 1018
1019 993 995
995 1020 1019
1020 995 997
997 1021 1020
1021 997 999
1016 1022 1015
1022 1016 1017
1017 1023 1022
1023 1017 1018
1018 1024 1023
1024 1018 1019
1019 1025 1024
1025 1019 1020
1020 1026 1025
1026 1020 1021
1027 1022 1023
1022 1027 1028
1028 1015 1022
1015 1028 1029
1029 1014 1015
1014 1029 1030
1030 1013 1014
1013 1030 1031
1031 1012 1013
1012 1031 1032
1032 1011 1012
1011 1032 1033
1033 1010 1011
1010 1033 1034
1034 1008 1010
1008 1034 1035
1035 1009 1008
1009 1035 1036
1037 1036 1035
1036 1037 1038
1035 1039 1037
1039 1035 1034
1034 1040 1039
1040 1034 1033
1033 1041 1040
1041 1033 1032
1032 1042 1041
1042 1032 1031
1031 1043 1042
1043 1031 1030
1030 1044 1043
1044 1030 1029
1029 1045 1044
1045 1029 1028
1028 1046 1045
1046 1028 1027
1027 1047 1046
1047 1027 1048
1023 1048 1027
1048 1023 1024
1024 1049 1048
1049 1024 1025
1025 1050 1049
1050 1025 1026
1048 1051 1047
1051 1048 1049
1049 1052 1051
1052 1049 1050
1053 1044 1045
1044 1053 1054
1054 1043 1044
1043 1054 1055
1055 1042 1043
1042 1055 1056
1056 1041 1042
1041 1056 1057
1057 1040 1041
1040 1057 1058
1058 1039 1040
1039 1058 1059
1059 1037 1039
1037 1059 1060
1060 1038 1037
1038 1060 1061
1045 1062 1053
1062 1045 1046
1046 1063 1062
1063 1046 1047
1047 1064 1063
1064 1047 1051
1051 1065 1064
1065 1051 1052
1066 1067 1068
1067 1066 1069
1069 1070 1067
1070 1069 1071
1068 1072 1066
1072 1068 1073
1073 1074 1072
1074 1073 1075
1075 1076 1074
1076 1075 1077
1077 1078 1076
1078 1077 1079
1079 1080 1078
1080 1079 1081
1081 1082 1080
1082 1081 1083
1083 1084 1082
1084 1083 1085
1085 1086 1084
1086 1085 1087
1087 1088 1086
1088 1087 1089
1089 1090 1088
1090 1089 1091
1092 1091 1089
1091 1092 1093
1089 1094 1092
1094 1089 1087
1087 1095 1094
1095 1087 1085
1085 1096 1095
1096 1085 1083
1083 1097 1096
1097 1083 1081
1081 1098 1097
1098 1081 1079
1079 1099 1098
1099 1079 1077
1077 1100 1099
1100 1077 1075
1075 1101 1100
1101 1075 1073
1073 1102 1101
1102 1073 1068
1068 1103 1102
1103 1068 1067
1067 1104 1103
1104 1067 1070
1105 1102 1103
1102 1105 1106
1106 1101 1102
1103 1107 1105
1107 1103 1104
1108 1099 1100
1099 1108 1109
1100 1110 1108
1110 1100 1101
1101 1106 1110
1111 1106 1105
1106 1111 1112
1112 1110 1106
1105 1113 1111
1113 1105 1107
1114 1109 1108
1109 1114 1115
1115 1116 1109
1098 1109 1116
1116 1097 1098
1097 1116 1117
1117 1096 1097
1096 1117 1118
1118 1095 1096
1095 1118 1119
1119 1094 1095
1094 1119 1120
1120 1092 1094
1092 1120 1121
1121 1093 1092
1093 1121 1122
1123 1122 1121
1122 1123 1124
1121 1125 1123
1125 1121 1120
1120 1126 1125
1126 1120 1119
1119 1127 1126
1127 1119 1118
1118 1128 1127
1128 1118 1117
1117 1129 1128
1129 1117 1116
1116 1115 1129
1130 1124 1123
1124 1130 1131
1123 1132 1130
1132 1123 1125
1125 1133 1132
1133 1125 1126
1126 1134 1133
1134 1126 1127
1127 1135 1134
1135 1127 1128
1128 1136 1135
1136 1128 1129
1129 1137 1136
1137 1129 1115
1115 1138 1137
1138 1115 1114
1114 1139 1138
1139 1114 1140
1108 1140 1114
1140 1108 1110
1110 1112 1140
1140 1141 1139
1141 1140 1112
1112 1142 1141
1142 1112 1111
1111 1143 1142
1143 1111 1113
1144 1141 1142
1141 1144 1145
1145 1139 1141
1142 1146 1144
1146 1142 1143
1147 1137 1138
1137 1147 1148
1148 1136 1137
1136 1148 1149
1149 1135 1136
1135 1149 1150
1150 1134 1135
1134 1150 1151
1151 1133 1134
1133 1151 1152
1152 1132 1133
1132 1152 1153
1153 1130 1132
1130 1153 1154
1154 1131 1130
1131 1154 1155
1138 1156 1147
1156 1138 1139
1139 1145 1156
1109 1098 1099
1157 1158 1159
1158 1157 1160
1160 1161 1158
1161 1160 1162
1162 1163 1161
1163 1162 1164
1164 1165 1163
1165 1164 1166
1166 1167 1165
1167 1166 1168
1168 1169 1167
1169 1168 1170
1170 1171 1169
1171 1170 1172
1172 1173 1171
1173 1172 1174
1174 1175 1173
1175 1174 1176
1176 1177 1175
1177 1176 1178
1178 1179 1177
1179 1178 1180
1180 1181 1179
1181 1180 1182
1183 1167 1169
1167 1183 1184
1184 1165 1167
1165 1184 1185
1185 1163 1165
1163 1185 1186
1186 1161 1163
1161 1186 1187
1187 1158 1161
1158 1187 1188
1188 1159 1158
1159 1188 1189
1190 1189 1188
1189 1190 1191
1188 1192 1190
1192 1188 1187
1187 1193 1192
1193 1187 1186
1186 1194 1193
1194 1186 1185
1185 1195 1194
1195 1185 1184
1184 1196 1195
1196 1184 1183
1183 1197 1196
1197 1183 1198
1169 1198 1183
1198 1169 1171
1171 1199 1198
1199 1171 1173
1173 1200 1199
1200 1173 1175
1175 1201 1200
1201 1175 1177
1177 1202 1201
1202 1177 1179
1179 1203 1202
1203 1179 1181
1198 1204 1197
1204 1198 1199
1199 1205 1204
1205 1199 1200
1200 1206 1205
1206 1200 1201
1201 1207 1206
1207 1201 1202
1202 1208 1207
1208 1202 1203
1209 1204 1205
1204 1209 1210
1210 1197 1204
1197 1210 1211
1211 1196 1197
1196 1211 1212
1212 1195 1196
1195 1212 1213
1213 1194 1195
1194 1213 1214
1214 1193 1194
1193 1214 1215
1215 1192 1193
1192 1215 1216
1216 1190 1192
1190 1216 1217
1217 1191 1190
1191 1217 1218
1219 1218 1217
1218 1219 1220
1217 1221 1219
1221 1217 1216
1216 1222 1221
1222 1216 1215
1215 1223 1222
1223 1215 1214
1214 1224 1223
1224 1214 1213
1213 1225 1224
1225 1213 1212
1212 1226 1225
1226 1212 1211
1211 1227 1226
1227 1211 1210
1210 1228 1227
1228 1210 1209
1209 1229 1228
1229 1209 1230
1205 1230 1209
1230 1205 1206
1206 1231 1230
1231 1206 1207
1207 1232 1231
1232 1207 1208
1230 1233 1229
1233 1230 1231
1231 1234 1233
1234 1231 1232
1235 1226 1227
1226 1235 1236
1236 1225 1226
1225 1236 1237
1237 1224 1225
1224 1237 1238
1238 1223 1224
1223 1238 1239
1239 1222 1223
1222 1239 1240
1240 1221 1222
1221 1240 1241
1241 1219 1221
1219 1241 1242
1242 1220 1219
1220 1242 1243
1227 1244 1235
1244 1227 1228
1228 1245 1244
1245 1228 1229
1229 1246 1245
1246 1229 1233
1233 1247 1246
1247 1233 1234
1248 1249 1250
1249 1248 1251
1251 1252 1249
1252 1251 1253
1253 1254 1252
1254 1253 1255
1255 1256 1254
1256 1255 1257
1257 1258 1256
1258 1257 1259
1259 1260 1258
1260 1259 1261
1261 1262 1260
1262 1261 1263
1263 1264 1262
1264 1263 1265
1265 1266 1264
1266 1265 1267
1267 1268 1266
1268 1267 1269
1269 1270 1268
1270 1269 1271
1271 1272 1270
1272 1271 1273
1274 1258 1260
1258 1274 1275
1275 1256 1258
1256 1275 1276
1276 1254 1256
1254 1276 1277
1277 1252 1254
1252 1277 1278
1278 1249 1252
1249 1278 1279
1279 1250 1249
1250 1279 1280
1281 1280 1279
1280 1281 1282
1279 1283 1281
1283 1279 1278
1278 1284 1283
1284 1278 1277
1277 1285 1284
1285 1277 1276
1276 1286 1285
1286 1276 1275
1275 1287 1286
1287 1275 1274
1274 1288 1287
1288 1274 1289
1260 1289 1274
1289 1260 1262
1262 1290 1289
1290 1262 1264
1264 1291 1290
1291 1264 1266
1266 1292 1291
1292 1266 1268
1268 1293 1292
1293 1268 1270
1270 1294 1293
1294 1270 1272
1289 1295 1288
1295 1289 1290
1290 1296 1295
1296 1290 1291
1291 1297 1296
1297 1291 1292
1292 1298 1297
1298 1292 1293
1293 1299 1298
1299 1293 1294
1300 1295 1296
1295 1300 1301
1301 1288 1295
1288 1301 1302
1302 1287 1288
1287 1302 1303
1303 1286 1287
1286 1303 1304
1304 1285 1286
1285 1304 1305
1305 1284 1285
1284 1305 1306
1306 1283 1284
1283 1306 1307
1307 1281 1283
1281 1307 1308
1308 1282 1281
1282 1308 1309
1310 1309 1308
1309 1310 1311
1308 1312 1310
1312 1308 1307
1307 1313 1312
1313 1307 1306
1306 1314 1313
1314 1306 1305
1305 1315 1314
1315 1305 1304
1304 1316 1315
1316 1304 1303
1303 1317 1316
1317 1303 1302
1302 1318 1317
1318 1302 1301
1301 1319 1318
1319 1301 1300
1300 1320 1319
1320 1300 1321
1296 1321 1300
1321 1296 1297
1297 1322 1321
1322 1297 1298
1298 1323 1322
1323 1298 1299
1321 1324 1320
1324 1321 1322
1322 1325 1324
1325 1322 1323
1326 1317 1318
1317 1326 1327
1327 1316 1317
1316 1327 1328
1328 1315 1316
1315 1328 1329
1329 1314 1315
1314 1329 1330
1330 1313 1314
1313 1330 1331
1331 1312 1313
1312 1331 1332
1332 1310 1312
1310 1332 1333
1333 1311 1310
1311 1333 1334
1318 1335 1326
1335 1318 1319
1319 1336 1335
1336 1319 1320
1320 1337 1336
1337 1320 1324
1324 1338 1337
1338 1324 1325
1339 1340 1341
1340 1339 1342
1343 1344 1345
1344 1343 1346
1347 1348 1349
1348 1347 1350
1351 1352 1353
1352 1351 1354
1355 1356 1357
1356 1355 1358
1359 1360 1361
1360 1359 1362
1363 1364 1365
1364 1363 1366
1366 1367 1364
1367 1366 1368
1368 1369 1367
1369 1368 1370
1370 1371 1369
1371 1370 1372
1372 1373 1371
1373 1372 1374
1374 1375 1373
1375 1374 1376
1376 1377 1375
1377 1376 1378
1378 1379 1377
1379 1378 1380
1380 1381 1379
1381 1380 1382
1382 1383 1381
1383 1382 1384
1384 1385 1383
1385 1384 1386
1386 1387 1385
1387 1386 1388
1389 1373 1375
1373 1389 1390
1390 1371 1373
1371 1390 1391
1391 1369 1371
1369 1391 1392
1392 1367 1369
1367 1392 1393
1393 1364 1367
1364 1393 1394
1394 1365 1364
1365 1394 1395
1396 1395 1394
1395 1396 1397
1394 1398 1396
1398 1394 1393
1393 1399 1398
1399 1393 1392
1392 1400 1399
1400 1392 1391
1391 1401 1400
1401 1391 1390
1390 1402 1401
1402 1390 1389
1389 1403 1402
1403 1389 1404
1375 1404 1389
1404 1375 1377
1377 1405 1404
1405 1377 1379
1379 1406 1405
1406 1379 1381
1381 1407 1406
1407 1381 1383
1383 1408 1407
1408 1383 1385
1385 1409 1408
1409 1385 1387
1404 1410 1403
1410 1404 1405
1405 1411 1410
1411 1405 1406
1406 1412 1411
1412 1406 1407
1407 1413 1412
1413 1407 1408
1408 1414 1413
1414 1408 1409
1415 1410 1411
1410 1415 1416
1416 1403 1410
1403 1416 1417
1417 1402 1403
1402 1417 1418
1418 1401 1402
1401 1418 1419
1419 1400 1401
1400 1419 1420
1420 1399 1400
1399 1420 1421
1421 1398 1399
1398 1421 1422
1422 1396 1398
1396 1422 1423
1423 1397 1396
1397 1423 1424
1425 1424 1423
1424 1425 1426
1423 1427 1425
1427 1423 1422
1422 1428 1427
1428 1422 1421
1421 1429 1428
1429 1421 1420
1420 1430 1429
1430 1420 1419
1419 1431 1430
1431 1419 1418
1418 1432 1431
1432 1418 1417
1417 1433 1432
1433 1417 1416
1416 1434 1433
1434 1416 1415
1415 1435 1434
1435 1415 1436
1411 1436 1415
1436 1411 1412
1412 1437 1436
1437 1412 1413
1413 1438 1437
1438 1413 1414
1436 1439 1435
1439 1436 1437
1437 1440 1439
1440 1437 1438
1441 1432 1433
1432 1441 1442
1442 1431 1432
1431 1442 1443
1443 1430 1431
1430 1443 1444
1444 1429 1430
1429 1444 1445
1445 1428 1429
1428 1445 1446
1446 1427 1428
1427 1446 1447
1447 1425 1427
1425 1447 1448
1448 1426 1425
1426 1448 1449
1433 1450 1441
1450 1433 1434
1434 1451 1450
1451 1434 1435
1435 1452 1451
1452 1435 1439
1439 1453 1452
1453 1439 1440
1454 1455 1456
1455 1454 1457
1458 1459 1460
1459 1458 1461
1462 1463 1464
1463 1462 1465
1466 1467 1468
1467 1466 1469
1470 1471 1472
1471 1470 1473
1474 1475 1476
1475 1474 1477
1478 1479 1480
1479 1478 1481
1482 1483 1484
1483 1482 1485
1486 1487 1488
1487 1486 1489
1490 1491 1492
1491 1490 1493
1494 1495 1496
1495 1494 1497
1498 1499 1500
1499 1498 1501
1502 1503 1504
1503 1502 1505
1506 1507 1508
1507 1506 1509
1510 1511 1512
1511 1510 1513
1514 1515 1516
1515 1514 1517
1518 1519 1520
1519 1518 1521
1522 1523 1524
1523 1522 1525
1526 1527 1528
1527 1526 1529
1529 1530 1527
1530 1529 1531
1531 1532 1530
1532 1531 1533
1533 1534 1532
1534 1533 1535
1535 1536 1534
1536 1535 1537
1537 1538 1536
1538 1537 1539
1539 1540 1538
1540 1539 1541
1541 1542 1540
1542 1541 1543
1543 1544 1542
1544 1543 1545
1545 1546 1544
1546 1545 1547
1547 1548 1546
1548 1547 1549
1549 1550 1548
1550 1549 1551
1552 1536 1538
1536 1552 1553
1553 1534 1536
1534 1553 1554
1554 1532 1534
1532 1554 1555
1555 1530 1532
1530 1555 1556
1556 1527 1530
1527 1556 1557
1557 1528 1527
1528 1557 1558
1559 1558 1557
1558 1559 1560
1557 1561 1559
1561 1557 1556
1556 1562 1561
1562 1556 1555
1555 1563 1562
1563 1555 1554
1554 1564 1563
1564 1554 1553
1553 1565 1564
1565 1553 1552
1552 1566 1565
1566 1552 1567
1538 1567 1552
1567 1538 1540
1540 1568 1567
1568 1540 1542
1542 1569 1568
1569 1542 1544
1544 1570 1569
1570 1544 1546
1546 1571 1570
1571 1546 1548
1548 1572 1571
1572 1548 1550
1567 1573 1566
1573 1567 1568
1568 1574 1573
1574 1568 1569
1569 1575 1574
1575 1569 1570
1570 1576 1575
1576 1570 1571
1571 1577 1576
1577 1571 1572
1578 1573 1574
1573 1578 1579
1579 1566 1573
1566 1579 1580
1580 1565 1566
1565 1580 1581
1581 1564 1565
1564 1581 1582
1582 1563 1564
1563 1582 1583
1583 1562 1563
1562 1583 1584
1584 1561 1562
1561 1584 1585
1585 1559 1561
1559 1585 1586
1586 1560 1559
1560 1586 1587
1588 1587 1586
1587 1588 1589
1586 1590 1588
1590 1586 1585
1585 1591 1590
1591 1585 1584
1584 1592 1591
1592 1584 1583
1583 1593 1592
1593 1583 1582
1582 1594 1593
1594 1582 1581
1581 1595 1594
1595 1581 1580
1580 1596 1595
1596 1580 1579
1579 1597 1596
1597 1579 1578
1578 1598 1597
1598 1578 1599
1574 1599 1578
1599 1574 1575
1575 1600 1599
1600 1575 1576
1576 1601 1600
1601 1576 1577
1599 1602 1598
1602 1599 1600
1600 1603 1602
1603 1600 1601
1604 1529 1526
1529 1604 1605
1605 1531 1529
1531 1605 1606
1606 1533 1531
1533 1606 1607
1607 1535 1533
1535 1607 1608
1608 1537 1535
1537 1608 1609
1609 1539 1537
1539 1609 1610
1610 1541 1539
1541 1610 1611
1611 1543 1541
1543 1611 1612
1612 1545 1543
1545 1612 1613
1613 1547 1545
1547 1613 1614
1614 1549 1547
1549 1614 1615
1615 1551 1549
1551 1615 1616
1617 1618 1619
1618 1617 1620
1620 1621 1618
1621 1620 1622
1622 1623 1621
1623 1622 1624
1624 1625 1623
1625 1624 1626
1626 1627 1625
1627 1626 1628
1628 1629 1627
1629 1628 1630
1630 1631 1629
1631 1630 1632
1632 1633 1631
1633 1632 1634
1634 1635 1633
1635 1634 1636
1636 1637 1635
1637 1636 1638
1638 1639 1637
1639 1638 1640
1640 1641 1639
1641 1640 1642
1643 1627 1629
1627 1643 1644
1644 1625 1627
1625 1644 1645
1645 1623 1625
1623 1645 1646
1646 1621 1623
1621 1646 1647
1647 1618 1621
1618 1647 1648
1648 1619 1618
1619 1648 1649
1650 1649 1648
1649 1650 1651
1648 1652 1650
1652 1648 1647
1647 1653 1652
1653 1647 1646
1646 1654 1653
1654 1646 1645
1645 1655 1654
1655 1645 1644
1644 1656 1655
1656 1644 1643
1643 1657 1656
1657 1643 1658
1629 1658 1643
1658 1629 1631
1631 1659 1658
1659 1631 1633
1633 1660 1659
1660 1633 1635
1635 1661 1660
1661 1635 1637
1637 1662 1661
1662 1637 1639
1639 1663 1662
1663 1639 1641
1658 1664 1657
1664 1658 1659
1659 1665 1664
1665 1659 1660
1660 1666 1665
1666 1660 1661
1661 1667 1666
1667 1661 1662
1662 1668 1667
1668 1662 1663
1669 1664 1665
1664 1669 1670
1670 1657 1664
1657 1670 1671
1671 1656 1657
1656 1671 1672
1672 1655 1656
1655 1672 1673
1673 1654 1655
1654 1673 1674
1674 1653 1654
1653 1674 1675
1675 1652 1653
1652 1675 1676
1676 1650 1652
1650 1676 1677
1677 1651 1650
1651 1677 1678
1679 1678 1677
1678 1679 1680
1677 1681 1679
1681 1677 1676
1676 1682 1681
1682 1676 1675
1675 1683 1682
1683 1675 1674
1674 1684 1683
1684 1674 1673
1673 1685 1684
1685 1673 1672
1672 1686 1685
1686 1672 1671
1671 1687 1686
1687 1671 1670
1670 1688 1687
1688 1670 1669
1669 1689 1688
1689 1669 1690
1665 1690 1669
1690 1665 1666
1666 1691 1690
1691 1666 1667
1667 1692 1691
1692 1667 1668
1690 1693 1689
1693 1690 1691
1691 1694 1693
1694 1691 1692
1695 1686 1687
1686 1695 1696
1696 1685 1686
1685 1696 1697
1697 1684 1685
1684 1697 1698
1698 1683 1684
1683 1698 1699
1699 1682 1683
1682 1699 1700
1700 1681 1682
1681 1700 1701
1701 1679 1681
1679 1701 1702
1702 1680 1679
1680 1702 1703
1687 1704 1695
1704 1687 1688
1688 1705 1704
1705 1688 1689
1689 1706 1705
1706 1689 1693
1693 1707 1706
1707 1693 1694
1708 1709 1710
1709 1708 1711
1711 1712 1709
1712 1711 1713
1710 1714 1708
1714 1710 1715
1715 1716 1714
1716 1715 1717
1717 1718 1716
1718 1717 1719
1719 1720 1718
1720 1719 1721
1721 1722 1720
1722 1721 1723
1723 1724 1722
1724 1723 1725
1725 1726 1724
1726 1725 1727
1727 1728 1726
1728 1727 1729
1729 1730 1728
1730 1729 1731
1731 1732 1730
1732 1731 1733
1734 1733 1731
1733 1734 1735
1731 1736 1734
1736 1731 1729
1729 1737 1736
1737 1729 1727
1727 1738 1737
1738 1727 1725
1725 1739 1738
1739 1725 1723
1723 1740 1739
1740 1723 1721
1721 1741 1740
1741 1721 1719
1719 1742 1741
1742 1719 1717
1717 1743 1742
1743 1717 1715
1715 1744 1743
1744 1715 1710
1710 1745 1744
1745 1710 1709
1709 1746 1745
1746 1709 1712
1747 1744 1745
1744 1747 1748
1748 1743 1744
1745 1749 1747
1749 1745 1746
1750 1741 1742
1741 1750 1751
1742 1752 1750
1752 1742 1743
1743 1748 1752
1753 1748 1747
1748 1753 1754
1754 1752 1748
1747 1755 1753
1755 1747 1749
1756 1751 1750
1751 1756 1757
1757 1758 1751
1740 1751 1758
1758 1739 1740
1739 1758 1759
1759 1738 1739
1738 1759 1760
1760 1737 1738
1737 1760 1761
1761 1736 1737
1736 1761 1762
1762 1734 1736
1734 1762 1763
1763 1735 1734
1735 1763 1764
1765 1764 1763
1764 1765 1766
1763 1767 1765
1767 1763 1762
1762 1768 1767
1768 1762 1761
1761 1769 1768
1769 1761 1760
1760 1770 1769
1770 1760 1759
1759 1771 1770
1771 1759 1758
1758 1757 1771
1772 1766 1765
1766 1772 1773
1765 1774 1772
1774 1765 1767
1767 1775 1774
1775 1767 1768
1768 1776 1775
1776 1768 1769
1769 1777 1776
1777 1769 1770
1770 1778 1777
1778 1770 1771
1771 1779 1778
1779 1771 1757
1757 1780 1779
1780 1757 1756
1756 1781 1780
1781 1756 1782
1750 1782 1756
1782 1750 1752
1752 1754 1782
1782 1783 1781
1783 1782 1754
1754 1784 1783
1784 1754 1753
1753 1785 1784
1785 1753 1755
1786 1783 1784
1783 1786 1787
1787 1781 1783
1784 1788 1786
1788 1784 1785
1789 1779 1780
1779 1789 1790
1790 1778 1779
1778 1790 1791
1791 1777 1778
1777 1791 1792
1792 1776 1777
1776 1792 1793
1793 1775 1776
1775 1793 1794
1794 1774 1775
1774 1794 1795
1795 1772 1774
1772 1795 1796
1796 1773 1772
1773 1796 1797
1780 1798 1789
1798 1780 1781
1781 1787 1798
1751 1740 1741
1799 1800 1801
1800 1799 1802
1802 1803 1800
1803 1802 1804
1801 1805 1799
1805 1801 1806
1806 1807 1805
1807 1806 1808
1808 1809 1807
1809 1808 1810
1810 1811 1809
1811 1810 1812
1812 1813 1811
1813 1812 1814
1814 1815 1813
1815 1814 1816
1816 1817 1815
1817 1816 1818
1818 1819 1817
1819 1818 1820
1820 1821 1819
1821 1820 1822
1822 1823 1821
1823 1822 1824
1825 1824 1822
1824 1825 1826
1822 1827 1825
1827 1822 1820
1820 1828 1827
1828 1820 1818
1818 1829 1828
1829 1818 1816
1816 1830 1829
1830 1816 1814
1814 1831 1830
1831 1814 1812
1812 1832 1831
1832 1812 1810
1810 1833 1832
1833 1810 1808
1808 1834 1833
1834 1808 1806
1806 1835 1834
1835 1806 1801
1801 1836 1835
1836 1801 1800
1800 1837 1836
1837 1800 1803
1838 1835 1836
1835 1838 1839
1839 1834 1835
1836 1840 1838
1840 1836 1837
1841 1832 1833
1832 1841 1842
1833 1843 1841
1843 1833 1834
1834 1839 1843
1844 1839 1838
1839 1844 1845
1845 1843 1839
1838 1846 1844
1846 1838 1840
1847 1842 1841
1842 1847 1848
1848 1849 1842
1831 1842 1849
1849 1830 1831
1830 1849 1850
1850 1829 1830
1829 1850 1851
1851 1828 1829
1828 1851 1852
1852 1827 1828
1827 1852 1853
1853 1825 1827
1825 1853 1854
1854 1826 1825
1826 1854 1855
1856 1855 1854
1855 1856 1857
1854 1858 1856
1858 1854 1853
1853 1859 1858
1859 1853 1852
1852 1860 1859
1860 1852 1851
1851 1861 1860
1861 1851 1850
1850 1862 1861
1862 1850 1849
1849 1848 1862
1863 1857 1856
1857 1863 1864
1856 1865 1863
1865 1856 1858
1858 1866 1865
1866 1858 1859
1859 1867 1866
1867 1859 1860
1860 1868 1867
1868 1860 1861
1861 1869 1868
1869 1861 1862
1862 1870 1869
1870 1862 1848
1848 1871 1870
1871 1848 1847
1847 1872 1871
1872 1847 1873
1841 1873 1847
1873 1841 1843
1843 1845 1873
1873 1874 1872
1874 1873 1845
1845 1875 1874
1875 1845 1844
1844 1876 1875
1876 1844 1846
1877 1874 1875
1874 1877 1878
1878 1872 1874
1875 1879 1877
1879 1875 1876
1880 1870 1871
1870 1880 1881
1881 1869 1870
1869 1881 1882
1882 1868 1869
1868 1882 1883
1883 1867 1868
1867 1883 1884
1884 1866 1867
1866 1884 1885
1885 1865 1866
1865 1885 1886
1886 1863 1865
1863 1886 1887
1887 1864 1863
1864 1887 1888
1871 1889 1880
1889 1871 1872
1872 1878 1889
1842 1831 1832
1890 1891 1892
1891 1890 1893
1894 1895 1896
1895 1894 1897
1898 1899 1900
1899 1898 1901
1902 1903 1904
1903 1902 1905
1906 1907 1908
1907 1909 1908
1910 1911 1912
1911 1910 1913
1914 1915 1916
1915 1914 1917
1917 1918 1915
1918 1917 1919
1919 1920 1918
1920 1919 1921
1921 1922 1920
1922 1921 1923
1923 1924 1922
1924 1923 1925
1916 1926 1914
1926 1916 1927
1927 1928 1926
1928 1927 1929
1929 1930 1928
1930 1929 1931
1931 1932 1930
1932 1931 1933
1933 1934 1932
1934 1933 1935
1935 1936 1934
1936 1935 1937
1937 1938 1936
1938 1937 1939
1940 1939 1937
1939 1940 1941
1937 1942 1940
1942 1937 1935
1935 1943 1942
1943 1935 1933
1933 1944 1943
1944 1933 1931
1931 1945 1944
1945 1931 1929
1929 1946 1945
1946 1929 1927
1927 1947 1946
1947 1927 1916
1916 1948 1947
1948 1916 1915
1915 1949 1948
1949 1915 1918
1918 1950 1949
1950 1918 1920
1920 1951 1950
1951 1920 1922
1922 1952 1951
1952 1922 1924
1953 1947 1948
1947 1953 1954
1954 1946 1947
1948 1955 1953
1955 1948 1949
1949 1956 1955
1956 1949 1950
1950 1957 1956
1957 1950 1951
1951 1958 1957
1958 1951 1952
1959 1954 1953
1954 1959 1960
1953 1961 1959
1961 1953 1955
1955 1962 1961
1962 1955 1956
1956 1963 1962
1963 1956 1957
1957 1964 1963
1964 1957 1958
1960 1965 1954
1946 1954 1965
1965 1945 1946
1945 1965 1966
1966 1944 1945
1944 1966 1967
1967 1943 1944
1943 1967 1968
1968 1942 1943
1942 1968 1969
1969 1940 1942
1940 1969 1970
1970 1941 1940
1941 1970 1971
1972 1971 1970
1971 1972 1973
1970 1974 1972
1974 1970 1969
1969 1975 1974
1975 1969 1968
1968 1976 1975
1976 1968 1967
1967 1977 1976
1977 1967 1966
1966 1978 1977
1978 1966 1965
1965 1960 1978
1979 1973 1972
1973 1979 1980
1972 1981 1979
1981 1972 1974
1974 1982 1981
1982 1974 1975
1975 1983 1982
1983 1975 1976
1976 1984 1983
1984 1976 1977
1977 1985 1984
1985 1977 1978
1978 1986 1985
1986 1978 1960
1960 1987 1986
1987 1960 1959
1959 1988 1987
1988 1959 1961
1961 1989 1988
1989 1961 1962
1962 1990 1989
1990 1962 1963
1963 1991 1990
1991 1963 1964
1992 1986 1987
1986 1992 1993
1993 1985 1986
1987 1994 1992
1994 1987 1988
1988 1995 1994
1995 1988 1989
1989 1996 1995
1996 1989 1990
1990 1997 1996
1997 1990 1991
1985 1993 1998
1998 1984 1985
1984 1998 1999
1999 1983 1984
1983 1999 2000
2000 1982 1983
1982 2000 2001
2001 1981 1982
1981 2001 2002
2002 1979 1981
1979 2002 2003
2003 1980 1979
1980 2003 2004
2005 2006 2007
2006 2005 2008
2009 2010 2011
2010 2009 2012
2013 2014 2015
2014 2013 2016
2017 2018 2019
2018 2017 2020
2021 2022 2023
2022 2021 2024
2025 2026 2027
2026 2025 2028
2029 2030 2031
2030 2029 2032
2033 2034 2035
2034 2033 2036
2037 2038 2039
2038 2037 2040
2041 2042 2043
2042 2041 2044
2045 2046 2047
2046 2048 2047
2049 2050 2051
2050 2049 2052
2053 2054 2055
2054 2053 2056
2056 2057 2054
2057 2056 2058
2058 2059 2057
2059 2058 2060
2060 2061 2059
2061 2060 2062
2055 2063 2053
2063 2055 2064
2064 2065 2063
2065 2064 2066
2066 2067 2065
2067 2066 2068
2068 2069 2067
2069 2068 2070
2070 2071 2069
2071 2070 2072
2072 2073 2071
2073 2072 2074
2074 2075 2073
2075 2074 2076
2076 2077 2075
2077 2076 2078
2079 2078 2076
2078 2079 2080
2076 2081 2079
2081 2076 2074
2074 2082 2081
2082 2074 2072
2072 2083 2082
2083 2072 2070
2070 2084 2083
2084 2070 2068
2068 2085 2084
2085 2068 2066
2066 2086 2085
2086 2066 2064
2064 2087 2086
2087 2064 2055
2055 2088 2087
2088 2055 2054
2054 2089 2088
2089 2054 2057
2057 2090 2089
2090 2057 2059
2059 2091 2090
2091 2059 2061
2092 2087 2088
2087 2092 2093
2093 2086 2087
2088 2094 2092
2094 2088 2089
2089 2095 2094
2095 2089 2090
2090 2096 2095
2096 2090 2091
2097 2093 2092
2093 2097 2098
2092 2099 2097
2099 2092 2094
2094 2100 2099
2100 2094 2095
2095 2101 2100
2101 2095 2096
2098 2102 2093
2086 2093 2102
2102 2085 2086
2085 2102 2103
2103 2084 2085
2084 2103 2104
2104 2083 2084
2083 2104 2105
2105 2082 2083
2082 2105 2106
2106 2081 2082
2081 2106 2107
2107 2079 2081
2079 2107 2108
2108 2080 2079
2080 2108 2109
2110 2109 2108
2109 2110 2111
2108 2112 2110
2112 2108 2107
2107 2113 2112
2113 2107 2106
2106 2114 2113
2114 2106 2105
2105 2115 2114
2115 2105 2104
2104 2116 2115
2116 2104 2103
2103 2117 2116
2117 2103 2102
2102 2098 2117
2118 2111 2110
2111 2118 2119
2110 2120 2118
2120 2110 2112
2112 2121 2120
2121 2112 2113
2113 2122 2121
2122 2113 2114
2114 2123 2122
2123 2114 2115
2115 2124 2123
2124 2115 2116
2116 2125 2124
2125 2116 2117
2117 2126 2125
2126 2117 2098
2098 2127 2126
2127 2098 2097
2097 2128 2127
2128 2097 2099
2099 2129 2128
2129 2099 2100
2100 2130 2129
2130 2100 2101
2131 2126 2127
2126 2131 2132
2132 2125 2126
2127 2133 2131
2133 2127 2128
2128 2134 2133
2134 2128 2129
2129 2135 2134
2135 2129 2130
2136 2124 2125
2125 2132 2136
2124 2136 2137
2137 2123 2124
2123 2137 2138
2138 2122 2123
2122 2138 2139
2139 2121 2122
2121 2139 2140
2140 2120 2121
2120 2140 2141
2141 2118 2120
2118 2141 2142
2142 2119 2118
2119 2142 2143
2144 2145 2146
2145 2144 2147
2148 2149 2150
2149 2148 2151
2152 2153 2154
2153 2152 2155
2156 2157 2158
2157 2156 2159
2160 2161 2162
2161 2160 2163
2164 2165 2166
2165 2164 2167
2168 2169 2170
2169 2168 2171
2171 2172 2169
2172 2171 2173
2173 2174 2172
2174 2173 2175
2175 2176 2174
2176 2175 2177
2177 2178 2176
2178 2177 2179
2179 2180 2178
2180 2179 2181
2181 2182 2180
2182 2181 2183
2183 2184 2182
2184 2183 2185
2185 2186 2184
2186 2185 2187
2187 2188 2186
2188 2187 2189
2189 2190 2188
2190 2189 2191
2191 2192 2190
2192 2191 2193
2194 2178 2180
2178 2194 2195
2195 2176 2178
2176 2195 2196
2196 2174 2176
2174 2196 2197
2197 2172 2174
2172 2197 2198
2198 2169 2172
2169 2198 2199
2199 2170 2169
2170 2199 2200
2201 2200 2199
2200 2201 2202
2199 2203 2201
2203 2199 2198
2198 2204 2203
2204 2198 2197
2197 2205 2204
2205 2197 2196
2196 2206 2205
2206 2196 2195
2195 2207 2206
2207 2195 2194
2194 2208 2207
2208 2194 2209
2180 2209 2194
2209 2180 2182
2182 2210 2209
2210 2182 2184
2184 2211 2210
2211 2184 2186
2186 2212 2211
2212 2186 2188
2188 2213 2212
2213 2188 2190
2190 2214 2213
2214 2190 2192
2209 2215 2208
2215 2209 2210
2210 2216 2215
2216 2210 2211
2211 2217 2216
2217 2211 2212
2212 2218 2217
2218 2212 2213
2213 2219 2218
2219 2213 2214
2220 2215 2216
2215 2220 2221
2221 2208 2215
2208 2221 2222
2222 2207 2208
2207 2222 2223
2223 2206 2207
2206 2223 2224
2224 2205 2206
2205 2224 2225
2225 2204 2205
2204 2225 2226
2226 2203 2204
2203 2226 2227
2227 2201 2203
2201 2227 2228
2228 2202 2201
2202 2228 2229
2230 2229 2228
2229 2230 2231
2228 2232 2230
2232 2228 2227
2227 2233 2232
2233 2227 2226
2226 2234 2233
2234 2226 2225
2225 2235 2234
2235 2225 2224
2224 2236 2235
2236 2224 2223
2223 2237 2236
2237 2223 2222
2222 2238 2237
2238 2222 2221
2221 2239 2238
2239 2221 2220
2220 2240 2239
2240 2220 2241
2216 2241 2220
2241 2216 2217
2217 2242 2241
2242 2217 2218
2218 2243 2242
2243 2218 2219
2241 2244 2240
2244 2241 2242
2242 2245 2244
2245 2242 2243
2246 2237 2238
2237 2246 2247
2247 2236 2237
2236 2247 2248
2248 2235 2236
2235 2248 2249
2249 2234 2235
2234 2249 2250
2250 2233 2234
2233 2250 2251
2251 2232 2233
2232 2251 2252
2252 2230 2232
2230 2252 2253
2253 2231 2230
2231 2253 2254
2238 2255 2246
2255 2238 2239
2239 2256 2255
2256 2239 2240
2240 2257 2256
2257 2240 2244
2244 2258 2257
2258 2244 2245
2259 2260 2261
2260 2259 2262
2262 2263 2260
2263 2262 2264
2264 2265 2263
2265 2264 2266
2266 2267 2265
2267 2266 2268
2268 2269 2267
2269 2268 2270
2270 2271 2269
2271 2270 2272
2272 2273 2271
2273 2272 2274
2274 2275 2273
2275 2274 2276
2276 2277 2275
2277 2276 2278
2278 2279 2277
2279 2278 2280
2280 2281 2279
2281 2280 2282
2282 2283 2281
2283 2282 2284
2285 2269 2271
2269 2285 2286
2286 2267 2269
2267 2286 2287
2287 2265 2267
2265 2287 2288
2288 2263 2265
2263 2288 2289
2289 2260 2263
2260 2289 2290
2290 2261 2260
2261 2290 2291
2292 2291 2290
2291 2292 2293
2290 2294 2292
2294 2290 2289
2289 2295 2294
2295 2289 2288
2288 2296 2295
2296 2288 2287
2287 2297 2296
2297 2287 2286
2286 2298 2297
2298 2286 2285
2285 2299 2298
2299 2285 2300
2271 2300 2285
2300 2271 2273
2273 2301 2300
2301 2273 2275
2275 2302 2301
2302 2275 2277
2277 2303 2302
2303 2277 2279
2279 2304 2303
2304 2279 2281
2281 2305 2304
2305 2281 2283
2300 2306 2299
2306 2300 2301
2301 2307 2306
2307 2301 2302
2302 2308 2307
2308 2302 2303
2303 2309 2308
2309 2303 2304
2304 2310 2309
2310 2304 2305
2311 2306 2307
2306 2311 2312
2312 2299 2306
2299 2312 2313
2313 2298 2299
2298 2313 2314
2314 2297 2298
2297 2314 2315
2315 2296 2297
2296 2315 2316
2316 2295 2296
2295 2316 2317
2317 2294 2295
2294 2317 2318
2318 2292 2294
2292 2318 2319
2319 2293 2292
2293 2319 2320
2321 2320 2319
2320 2321 2322
2319 2323 2321
2323 2319 2318
2318 2324 2323
2324 2318 2317
2317 2325 2324
2325 2317 2316
2316 2326 2325
2326 2316 2315
2315 2327 2326
2327 2315 2314
2314 2328 2327
2328 2314 2313
2313 2329 2328
2329 2313 2312
2312 2330 2329
2330 2312 2311
2311 2331 2330
2331 2311 2332
2307 2332 2311
2332 2307 2308
2308 2333 2332
2333 2308 2309
2309 2334 2333
2334 2309 2310
2332 2335 2331
2335 2332 2333
2333 2336 2335
2336 2333 2334
2337 2328 2329
2328 2337 2338
2338 2327 2328
2327 2338 2339
2339 2326 2327
2326 2339 2340
2340 2325 2326
2325 2340 2341
2341 2324 2325
2324 2341 2342
2342 2323 2324
2323 2342 2343
2343 2321 2323
2321 2343 2344
2344 2322 2321
2322 2344 2345
2329 2346 2337
2346 2329 2330
2330 2347 2346
2347 2330 2331
2331 2348 2347
2348 2331 2335
2335 2349 2348
2349 2335 2336
2350 2351 2352
2351 2350 2353
2354 2355 2356
2355 2354 2357
2358 2359 2360
2359 2358 2361
2362 2363 2364
2363 2362 2365
2366 2367 2368
2367 2366 2369
2370 2371 2372
2371 2370 2373
2374 2375 2376
2375 2374 2377
2377 2378 2375
2378 2377 2379
2379 2380 2378
2380 2379 2381
2381 2382 2380
2382 2381 2383
2383 2384 2382
2384 2383 2385
2385 2386 2384
2386 2385 2387
2387 2388 2386
2388 2387 2389
2389 2390 2388
2390 2389 2391
2391 2392 2390
2392 2391 2393
2393 2394 2392
2394 2393 2395
2395 2396 2394
2396 2395 2397
2397 2398 2396
2398 2397 2399
2400 2384 2386
2384 2400 2401
2401 2382 2384
2382 2401 2402
2402 2380 2382
2380 2402 2403
2403 2378 2380
2378 2403 2404
2404 2375 2378
2375 2404 2405
2405 2376 2375
2376 2405 2406
2407 2406 2405
2406 2407 2408
2405 2409 2407
2409 2405 2404
2404 2410 2409
2410 2404 2403
2403 2411 2410
2411 2403 2402
2402 2412 2411
2412 2402 2401
2401 2413 2412
2413 2401 2400
2400 2414 2413
2414 2400 2415
2386 2415 2400
2415 2386 2388
2388 2416 2415
2416 2388 2390
2390 2417 2416
2417 2390 2392
2392 2418 2417
2418 2392 2394
2394 2419 2418
2419 2394 2396
2396 2420 2419
2420 2396 2398
2415 2421 2414
2421 2415 2416
2416 2422 2421
2422 2416 2417
2417 2423 2422
2423 2417 2418
2418 2424 2423
2424 2418 2419
2419 2425 2424
2425 2419 2420
2426 2421 2422
2421 2426 2427
2427 2414 2421
2414 2427 2428
2428 2413 2414
2413 2428 2429
2429 2412 2413
2412 2429 2430
2430 2411 2412
2411 2430 2431
2431 2410 2411
2410 2431 2432
2432 2409 2410
2409 2432 2433
2433 2407 2409
2407 2433 2434
2434 2408 2407
2408 2434 2435
2436 2435 2434
2435 2436 2437
2434 2438 2436
2438 2434 2433
2433 2439 2438
2439 2433 2432
2432 2440 2439
2440 2432 2431
2431 2441 2440
2441 2431 2430
2430 2442 2441
2442 2430 2429
2429 2443 2442
2443 2429 2428
2428 2444 2443
2444 2428 2427
2427 2445 2444
2445 2427 2426
2426 2446 2445
2446 2426 2447
2422 2447 2426
2447 2422 2423
2423 2448 2447
2448 2423 2424
2424 2449 2448
2449 2424 2425
2447 2450 2446
2450 2447 2448
2448 2451 2450
2451 2448 2449
2452 2443 2444
2443 2452 2453
2453 2442 2443
2442 2453 2454
2454 2441 2442
2441 2454 2455
2455 2440 2441
2440 2455 2456
2456 2439 2440
2439 2456 2457
2457 2438 2439
2438 2457 2458
2458 2436 2438
2436 2458 2459
2459 2437 2436
2437 2459 2460
2444 2461 2452
2461 2444 2445
2445 2462 2461
2462 2445 2446
2446 2463 2462
2463 2446 2450
2450 2464 2463
2464 2450 2451
2465 2466 2467
2466 2465 2468
2468 2469 2466
2469 2468 2470
2470 2471 2469
2471 2470 2472
2472 2473 2471
2473 2472 2474
2474 2475 2473
2475 2474 2476
2476 2477 2475
2477 2476 2478
2478 2479 2477
2479 2478 2480
2480 2481 2479
2481 2480 2482
2482 2483 2481
2483 2482 2484
2484 2485 2483
2485 2484 2486
2486 2487 2485
2487 2486 2488
2489 2473 2475
2473 2489 2490
2490 2471 2473
2471 2490 2491
2491 2469 2471
2469 2491 2492
2492 2466 2469
2466 2492 2493
2493 2467 2466
2467 2493 2494
2495 2485 2487
2485 2495 2496
2494 2497 2467
2498 2467 2497
2467 2498 2465
2497 2494 2499
2500 2494 2493
2494 2500 2501
2501 2499 2494
2493 2502 2500
2502 2493 2492
2492 2503 2502
2503 2492 2491
2491 2504 2503
2504 2491 2490
2490 2505 2504
2505 2490 2489
2489 2506 2505
2506 2489 2507
2475 2507 2489
2507 2475 2477
2477 2508 2507
2508 2477 2479
2479 2509 2508
2509 2479 2481
2481 2510 2509
2510 2481 2483
2483 2496 2510
2496 2483 2485
2507 2511 2506
2511 2507 2508
2508 2512 2511
2512 2508 2509
2509 2513 2512
2513 2509 2510
2510 2514 2513
2514 2510 2496
2496 2515 2514
2515 2496 2495
2516 2511 2512
2511 2516 2517
2517 2506 2511
2506 2517 2518
2518 2505 2506
2505 2518 2519
2519 2504 2505
2504 2519 2520
2520 2503 2504
2503 2520 2521
2521 2502 2503
2502 2521 2522
2522 2500 2502
2500 2522 2523
2523 2501 2500
2501 2523 2524
2524 2525 2501
2499 2501 2525
2525 2524 2526
2527 2524 2523
2524 2527 2528
2528 2526 2524
2523 2529 2527
2529 2523 2522
2522 2530 2529
2530 2522 2521
2521 2531 2530
2531 2521 2520
2520 2532 2531
2532 2520 2519
2519 2533 2532
2533 2519 2518
2518 2534 2533
2534 2518 2517
2517 2535 2534
2535 2517 2516
2516 2536 2535
2536 2516 2537
2512 2537 2516
2537 2512 2513
2513 2538 2537
2538 2513 2514
2514 2539 2538
2539 2514 2515
2537 2540 2536
2540 2537 2538
2538 2541 2540
2541 2538 2539
2542 2533 2534
2533 2542 2543
2543 2532 2533
2532 2543 2544
2544 2531 2532
2531 2544 2545
2545 2530 2531
2530 2545 2546
2546 2529 2530
2529 2546 2547
2547 2527 2529
2527 2547 2548
2548 2528 2527
2528 2548 2549
2549 2550 2528
2526 2528 2550
2550 2549 2551
2534 2552 2542
2552 2534 2535
2535 2553 2552
2553 2535 2536
2536 2554 2553
2554 2536 2540
2540 2555 2554
2555 2540 2541
2556 2557 2558
2557 2556 2559
2559 2560 2557
2560 2559 2561
2561 2562 2560
2562 2561 2563
2563 2564 2562
2564 2563 2565
2565 2566 2564
2566 2565 2567
2567 2568 2566
2568 2567 2569
2569 2570 2568
2570 2569 2571
2571 2572 2570
2572 2571 2573
2573 2574 2572
2574 2573 2575
2575 2576 2574
2576 2575 2577
2577 2578 2576
2578 2577 2579
2579 2580 2578
2580 2579 2581
2582 2566 2568
2566 2582 2583
2583 2564 2566
2564 2583 2584
2584 2562 2564
2562 2584 2585
2585 2560 2562
2560 2585 2586
2586 2557 2560
2557 2586 2587
2587 2558 2557
2558 2587 2588
2589 2588 2587
2588 2589 2590
2587 2591 2589
2591 2587 2586
2586 2592 2591
2592 2586 2585
2585 2593 2592
2593 2585 2584
2584 2594 2593
2594 2584 2583
2583 2595 2594
2595 2583 2582
2582 2596 2595
2596 2582 2597
2568 2597 2582
2597 2568 2570
2570 2598 2597
2598 2570 2572
2572 2599 2598
2599 2572 2574
2574 2600 2599
2600 2574 2576
2576 2601 2600
2601 2576 2578
2578 2602 2601
2602 2578 2580
2597 2603 2596
2603 2597 2598
2598 2604 2603
2604 2598 2599
2599 2605 2604
2605 2599 2600
2600 2606 2605
2606 2600 2601
2601 2607 2606
2607 2601 2602
2608 2603 2604
2603 2608 2609
2609 2596 2603
2596 2609 2610
2610 2595 2596
2595 2610 2611
2611 2594 2595
2594 2611 2612
2612 2593 2594
2593 2612 2613
2613 2592 2593
2592 2613 2614
2614 2591 2592
2591 2614 2615
2615 2589 2591
2589 2615 2616
2616 2590 2589
2590 2616 2617
2618 2617 2616
2617 2618 2619
2616 2620 2618
2620 2616 2615
2615 2621 2620
2621 2615 2614
2614 2622 2621
2622 2614 2613
2613 2623 2622
2623 2613 2612
2612 2624 2623
2624 2612 2611
2611 2625 2624
2625 2611 2610
2610 2626 2625
2626 2610 2609
2609 2627 2626
2627 2609 2608
2608 2628 2627
2628 2608 2629
2604 2629 2608
2629 2604 2605
2605 2630 2629
2630 2605 2606
2606 2631 2630
2631 2606 2607
2629 2632 2628
2632 2629 2630
2630 2633 2632
2633 2630 2631
2634 2625 2626
2625 2634 2635
2635 2624 2625
2624 2635 2636
2636 2623 2624
2623 2636 2637
2637 2622 2623
2622 2637 2638
2638 2621 2622
2621 2638 2639
2639 2620 2621
2620 2639 2640
2640 2618 2620
2618 2640 2641
2641 2619 2618
2619 2641 2642
2626 2643 2634
2643 2626 2627
2627 2644 2643
2644 2627 2628
2628 2645 2644
2645 2628 2632
2632 2646 2645
2646 2632 2633
2647 2648 2649
2648 2647 2650
2650 2651 2648
2651 2650 2652
2652 2653 2651
2653 2652 2654
2654 2655 2653
2655 2654 2656
2656 2657 2655
2657 2656 2658
2658 2659 2657
2659 2658 2660
2660 2661 2659
2661 2660 2662
2662 2663 2661
2663 2662 2664
2664 2665 2663
2665 2664 2666
2666 2667 2665
2667 2666 2668
2668 2669 2667
2669 2668 2670
2670 2671 2669
2671 2670 2672
2673 2657 2659
2657 2673 2674
2674 2655 2657
2655 2674 2675
2675 2653 2655
2653 2675 2676
2676 2651 2653
2651 2676 2677
2677 2648 2651
2648 2677 2678
2678 2649 2648
2649 2678 2679
2680 2679 2678
2679 2680 2681
2678 2682 2680
2682 2678 2677
2677 2683 2682
2683 2677 2676
2676 2684 2683
2684 2676 2675
2675 2685 2684
2685 2675 2674
2674 2686 2685
2686 2674 2673
2673 2687 2686
2687 2673 2688
2659 2688 2673
2688 2659 2661
2661 2689 2688
2689 2661 2663
2663 2690 2689
2690 2663 2665
2665 2691 2690
2691 2665 2667
2667 2692 2691
2692 2667 2669
2669 2693 2692
2693 2669 2671
2688 2694 2687
2694 2688 2689
2689 2695 2694
2695 2689 2690
2690 2696 2695
2696 2690 2691
2691 2697 2696
2697 2691 2692
2692 2698 2697
2698 2692 2693
2699 2694 2695
2694 2699 2700
2700 2687 2694
2687 2700 2701
2701 2686 2687
2686 2701 2702
2702 2685 2686
2685 2702 2703
2703 2684 2685
2684 2703 2704
2704 2683 2684
2683 2704 2705
2705 2682 2683
2682 2705 2706
2706 2680 2682
2680 2706 2707
2707 2681 2680
2681 2707 2708
2709 2708 2707
2708 2709 2710
2707 2711 2709
2711 2707 2706
2706 2712 2711
2712 2706 2705
2705 2713 2712
2713 2705 2704
2704 2714 2713
2714 2704 2703
2703 2715 2714
2715 2703 2702
2702 2716 2715
2716 2702 2701
2701 2717 2716
2717 2701 2700
2700 2718 2717
2718 2700 2699
2699 2719 2718
2719 2699 2720
2695 2720 2699
2720 2695 2696
2696 2721 2720
2721 2696 2697
2697 2722 2721
2722 2697 2698
2720 2723 2719
2723 2720 2721
2721 2724 2723
2724 2721 2722
2725 2716 2717
2716 2725 2726
2726 2715 2716
2715 2726 2727
2727 2714 2715
2714 2727 2728
2728 2713 2714
2713 2728 2729
2729 2712 2713
2712 2729 2730
2730 2711 2712
2711 2730 2731
2731 2709 2711
2709 2731 2732
2732 2710 2709
2710 2732 2733
2717 2734 2725
2734 2717 2718
2718 2735 2734
2735 2718 2719
2719 2736 2735
2736 2719 2723
2723 2737 2736
2737 2723 2724
2738 2739 2740
2740 2739 2741
2741 2739 2742
2742 2739 2743
2743 2739 2744
2744 2739 2745
2745 2739 2746
2746 2739 2747
2747 2739 2748
2748 2739 2749
2749 2739 2750
2750 2739 2751
2751 2739 2752
2752 2739 2753
2753 2739 2754
2754 2739 2755
2755 2739 2756
2756 2739 2738
2757 2758 2759
2757 2759 2760
2757 2760 2761
2757 2761 2762
2757 2762 2763
2757 2764 2758
2757 2765 2764
2757 2766 2765
2757 2767 2766
2768 2767 2757
2757 2769 2770
2757 2770 2771
2757 2771 2772
2757 2772 2773
2757 2773 2774
2757 2774 2775
2757 2775 2776
2777 2757 2776
2778 2779 2780
2780 2781 2778
2781 2780 2782
2782 2783 2781
2783 2782 2784
2784 2785 2783
2785 2784 2786
2787 2785 2786
2785 2787 2788
2787 2789 2788
2789 2787 2790
2790 2791 2789
2791 2790 2792
2792 2793 2791
2793 2792 2794
2795 2796 2797
2796 2795 2798
2799 2798 2795
2798 2799 2800
2801 2800 2799
2800 2801 2802
2803 2802 2801
2802 2803 2804
2805 2804 2803
2804 2805 2806
2807 2797 2796
2797 2807 2808
2809 2808 2807
2808 2809 2810
2811 2810 2809
2810 2811 2812
2813 2812 2811
2812 2813 2814
2815 2814 2813
2814 2815 2816
2817 2818 2819
2818 2817 2820
2821 2820 2817
2820 2821 2822
2823 2822 2821
2822 2823 2824
2825 2824 2823
2824 2825 2826
2827 2826 2825
2826 2827 2828
2827 2829 2828
2829 2827 2830
2830 2831 2829
2831 2830 2832
2832 2833 2831
2833 2832 2834
2834 2835 2833
2835 2834 2836
2836 2837 2835
2837 2836 2838
2838 2839 2837
2839 2838 2840
2840 2841 2839
2841 2840 2842
2842 2843 2841
2843 2842 2844
2845 2846 2847
2846 2845 2848
2849 2845 2847
2845 2849 2850
2851 2850 2849
2850 2851 2852
2819 2852 2851
2852 2819 2818
2846 2848 2853
2854 2846 2853
2848 2855 2853
2856 2857 2858
2856 2859 2857
2860 2861 2862
2861 2860 2863
2863 2864 2861
2864 2863 2865
2865 2866 2864
2866 2865 2867
2867 2868 2866
2868 2867 2869
2869 2870 2868
2870 2869 2871
2871 2872 2870
2872 2871 2873
2873 2874 2872
2874 2873 2875
2875 2876 2874
2876 2875 2877
2877 2878 2876
2878 2877 2879
2879 2880 2878
2880 2879 2881
2881 2882 2880
2882 2881 2883
2883 2884 2882
2884 2883 2885
2886 2870 2872
2870 2886 2887
2887 2868 2870
2868 2887 2888
2888 2866 2868
2866 2888 2889
2889 2864 2866
2864 2889 2890
2890 2861 2864
2861 2890 2891
2891 2862 2861
2862 2891 2892
2893 2892 2891
2892 2893 2894
2891 2895 2893
2895 2891 2890
2890 2896 2895
2896 2890 2889
2889 2897 2896
2897 2889 2888
2888 2898 2897
2898 2888 2887
2887 2899 2898
2899 2887 2886
2886 2900 2899
2900 2886 2901
2872 2901 2886
2901 2872 2874
2874 2902 2901
2902 2874 2876
2876 2903 2902
2903 2876 2878
2878 2904 2903
2904 2878 2880
2880 2905 2904
2905 2880 2882
2882 2906 2905
2906 2882 2884
2901 2907 2900
2907 2901 2902
2902 2908 2907
2908 2902 2903
2903 2909 2908
2909 2903 2904
2904 2910 2909
2910 2904 2905
2905 2911 2910
2911 2905 2906
2912 2907 2908
2907 2912 2913
2913 2900 2907
2900 2913 2914
2914 2899 2900
2899 2914 2915
2915 2898 2899
2898 2915 2916
2916 2897 2898
2897 2916 2917
2917 2896 2897
2896 2917 2918
2918 2895 2896
2895 2918 2919
2919 2893 2895
2893 2919 2920
2920 2894 2893
2894 2920 2921
2922 2921 2920
2921 2922 2923
2920 2924 2922
2924 2920 2919
2919 2925 2924
2925 2919 2918
2918 2926 2925
2926 2918 2917
2917 2927 2926
2927 2917 2916
2916 2928 2927
2928 2916 2915
2915 2929 2928
2929 2915 2914
2914 2930 2929
2930 2914 2913
2913 2931 2930
2931 2913 2912
2912 2932 2931
2932 2912 2933
2908 2933 2912
2933 2908 2909
2909 2934 2933
2934 2909 2910
2910 2935 2934
2935 2910 2911
2933 2936 2932
2936 2933 2934
2934 2937 2936
2937 2934 2935
2938 2929 2930
2929 2938 2939
2939 2928 2929
2928 2939 2940
2940 2927 2928
2927 2940 2941
2941 2926 2927
2926 2941 2942
2942 2925 2926
2925 2942 2943
2943 2924 2925
2924 2943 2944
2944 2922 2924
2922 2944 2945
2945 2923 2922
2923 2945 2946
2930 2947 2938
2947 2930 2931
2931 2948 2947
2948 2931 2932
2932 2949 2948
2949 2932 2936
2936 2950 2949
2950 2936 2937
2951 2952 2953
2952 2951 2954
2954 2955 2952
2955 2954 2956
2953 2957 2951
2957 2953 2958
2958 2959 2957
2959 2958 2960
2960 2961 2959
2961 2960 2962
2962 2963 2961
2963 2962 2964
2964 2965 2963
2965 2964 2966
2966 2967 2965
2967 2966 2968
2968 2969 2967
2969 2968 2970
2970 2971 2969
2971 2970 2972
2972 2973 2971
2973 2972 2974
2974 2975 2973
2975 2974 2976
2977 2976 2974
2976 2977 2978
2974 2979 2977
2979 2974 2972
2972 2980 2979
2980 2972 2970
2970 2981 2980
2981 2970 2968
2968 2982 2981
2982 2968 2966
2966 2983 2982
2983 2966 2964
2964 2984 2983
2984 2964 2962
2962 2985 2984
2985 2962 2960
2960 2986 2985
2986 2960 2958
2958 2987 2986
2987 2958 2953
2953 2988 2987
2988 2953 2952
2952 2989 2988
2989 2952 2955
2990 2987 2988
2987 2990 2991
2991 2986 2987
2988 2992 2990
2992 2988 2989
2993 2984 2985
2984 2993 2994
2985 2995 2993
2995 2985 2986
2986 2991 2995
2996 2991 2990
2991 2996 2997
2997 2995 2991
2990 2998 2996
2998 2990 2992
2999 2994 2993
2994 2999 3000
3000 3001 2994
2983 2994 3001
3001 2982 2983
2982 3001 3002
3002 2981 2982
2981 3002 3003
3003 2980 2981
2980 3003 3004
3004 2979 2980
2979 3004 3005
3005 2977 2979
2977 3005 3006
3006 2978 2977
2978 3006 3007
3008 3007 3006
3007 3008 3009
3006 3010 3008
3010 3006 3005
3005 3011 3010
3011 3005 3004
3004 3012 3011
3012 3004 3003
3003 3013 3012
3013 3003 3002
3002 3014 3013
3014 3002 3001
3001 3000 3014
3015 3009 3008
3009 3015 3016
3008 3017 3015
3017 3008 3010
3010 3018 3017
3018 3010 3011
3011 3019 3018
3019 3011 3012
3012 3020 3019
3020 3012 3013
3013 3021 3020
3021 3013 3014
3014 3022 3021
3022 3014 3000
3000 3023 3022
3023 3000 2999
2999 3024 3023
3024 2999 3025
2993 3025 2999
3025 2993 2995
2995 2997 3025
3025 3026 3024
3026 3025 2997
2997 3027 3026
3027 2997 2996
2996 3028 3027
3028 2996 2998
2994 2983 2984
3029 2954 2951
2954 3029 3030
3030 2956 2954
2956 3030 3031
2951 3032 3029
3032 2951 2957
2957 3033 3032
3033 2957 2959
2959 3034 3033
3034 2959 2961
2961 3035 3034
3035 2961 2963
2963 3036 3035
3036 2963 2965
2965 3037 3036
3037 2965 2967
2967 3038 3037
3038 2967 2969
2969 3039 3038
3039 2969 2971
2971 3040 3039
3040 2971 2973
2973 3041 3040
3041 2973 2975
3042 3043 3044
3043 3042 3045
3045 3046 3043
3046 3045 3047
3047 3048 3046
3048 3047 3049
3049 3050 3048
3050 3049 3051
3051 3052 3050
3052 3051 3053
3053 3054 3052
3054 3053 3055
3055 3056 3054
3056 3055 3057
3057 3058 3056
3058 3057 3059
3059 3060 3058
3060 3059 3061
3061 3062 3060
3062 3061 3063
3063 3064 3062
3064 3063 3065
3065 3066 3064
3066 3065 3067
3068 3052 3054
3052 3068 3069
3069 3050 3052
3050 3069 3070
3070 3048 3050
3048 3070 3071
3071 3046 3048
3046 3071 3072
3072 3043 3046
3043 3072 3073
3073 3044 3043
3044 3073 3074
3075 3074 3073
3074 3075 3076
3073 3077 3075
3077 3073 3072
3072 3078 3077
3078 3072 3071
3071 3079 3078
3079 3071 3070
3070 3080 3079
3080 3070 3069
3069 3081 3080
3081 3069 3068
3068 3082 3081
3082 3068 3083
3054 3083 3068
3083 3054 3056
3056 3084 3083
3084 3056 3058
3058 3085 3084
3085 3058 3060
3060 3086 3085
3086 3060 3062
3062 3087 3086
3087 3062 3064
3064 3088 3087
3088 3064 3066
3083 3089 3082
3089 3083 3084
3084 3090 3089
3090 3084 3085
3085 3091 3090
3091 3085 3086
3086 3092 3091
3092 3086 3087
3087 3093 3092
3093 3087 3088
3094 3089 3090
3089 3094 3095
3095 3082 3089
3082 3095 3096
3096 3081 3082
3081 3096 3097
3097 3080 3081
3080 3097 3098
3098 3079 3080
3079 3098 3099
3099 3078 3079
3078 3099 3100
3100 3077 3078
3077 3100 3101
3101 3075 3077
3075 3101 3102
3102 3076 3075
3076 3102 3103
3104 3103 3102
3103 3104 3105
3102 3106 3104
3106 3102 3101
3101 3107 3106
3107 3101 3100
3100 3108 3107
3108 3100 3099
3099 3109 3108
3109 3099 3098
3098 3110 3109
3110 3098 3097
3097 3111 3110
3111 3097 3096
3096 3112 3111
3112 3096 3095
3095 3113 3112
3113 3095 3094
3094 3114 3113
3114 3094 3115
3090 3115 3094
3115 3090 3091
3091 3116 3115
3116 3091 3092
3092 3117 3116
3117 3092 3093
3115 3118 3114
3118 3115 3116
3116 3119 3118
3119 3116 3117
3120 3111 3112
3111 3120 3121
3121 3110 3111
3110 3121 3122
3122 3109 3110
3109 3122 3123
3123 3108 3109
3108 3123 3124
3124 3107 3108
3107 3124 3125
3125 3106 3107
3106 3125 3126
3126 3104 3106
3104 3126 3127
3127 3105 3104
3105 3127 3128
3112 3129 3120
3129 3112 3113
3113 3130 3129
3130 3113 3114
3114 3131 3130
3131 3114 3118
3118 3132 3131
3132 3118 3119
