byte offset: 0
first index: 0
index count: 9240
topology: trianglelist
format: DXGI_FORMAT_R16_UINT

0 1 2
0 2 3
1 4 2
1 5 4
6 0 3
6 3 7
8 6 7
8 7 9
3 2 10
2 11 10
2 4 11
9 7 12
12 3 10
7 3 12
9 12 13
10 11 14
11 15 14
16 15 11
5 17 16
16 17 15
5 18 17
18 19 17
18 20 19
20 21 19
20 22 21
22 23 21
22 24 23
24 25 23
24 26 25
26 27 25
26 28 27
28 29 27
28 30 29
17 19 31
19 21 31
17 31 15
21 23 32
31 21 32
23 33 32
23 25 33
25 27 34
25 34 33
27 35 34
27 29 35
15 31 14
31 32 14
36 32 33
32 36 14
33 34 37
34 35 37
33 37 36
38 10 14
10 38 12
39 12 38
13 12 39
39 40 13
40 9 13
40 41 9
41 8 9
41 42 8
43 44 45
44 46 47
44 47 48
49 46 44
49 50 51
52 43 51
52 51 53
52 53 54
55 56 57
56 55 58
56 58 59
60 61 57
62 61 60
62 63 61
64 60 65
56 64 65
0 66 67
0 67 68
68 67 69
68 69 70
6 66 0
6 71 66
72 71 6
72 73 71
66 74 67
67 74 75
67 75 69
73 76 71
76 74 66
71 76 66
73 77 76
74 78 75
75 78 79
80 75 79
70 80 81
80 79 81
70 81 82
82 81 83
82 83 84
84 83 85
84 85 22
22 85 86
22 86 87
87 86 88
87 88 89
89 88 90
89 90 91
91 90 92
91 92 93
81 79 94
81 94 83
83 94 85
85 95 86
94 95 85
86 95 96
86 96 88
88 96 97
88 97 90
90 97 98
90 98 92
94 78 95
79 78 94
99 96 95
95 78 99
96 100 97
97 100 98
96 99 100
101 78 74
74 76 101
102 101 76
77 102 76
102 77 103
103 77 73
103 73 104
104 73 72
104 72 105
106 107 108
106 108 109
110 111 112
110 112 113
113 112 114
113 114 115
116 117 118
116 118 119
119 118 120
119 120 121
122 123 124
122 124 125
126 127 128
126 128 129
130 131 132
130 132 133
134 131 130
134 135 131
136 137 138
136 138 139
140 137 136
140 141 137
142 143 144
142 144 145
146 147 148
149 147 146
148 147 150
150 147 151
150 151 152
152 151 153
152 153 154
154 153 155
153 156 155
155 156 157
155 157 158
158 157 159
159 157 160
160 157 161
162 163 164
164 163 165
166 163 162
167 163 166
167 168 163
169 168 167
170 169 167
171 169 170
171 172 169
173 172 171
173 174 172
175 174 173
176 174 175
177 174 176
178 179 180
178 180 181
179 182 180
179 183 182
184 178 181
184 181 185
186 184 185
186 185 187
181 180 188
180 189 188
180 182 189
187 185 190
190 181 188
185 181 190
187 190 191
188 189 192
189 193 192
194 193 189
183 195 194
194 195 193
183 196 195
195 197 193
193 197 192
195 198 197
199 198 195
199 200 198
200 201 198
198 201 197
200 202 201
202 203 201
202 204 203
204 205 203
204 206 205
206 207 205
206 208 207
208 209 207
208 210 209
201 203 211
197 201 211
203 212 211
203 205 212
205 207 213
205 213 212
207 214 213
207 209 214
215 211 212
211 215 192
197 211 192
212 213 216
213 214 216
212 216 215
217 188 192
188 217 190
218 190 217
191 190 218
218 219 191
219 187 191
219 220 187
220 186 187
220 221 186
222 223 224
223 225 226
223 226 227
228 225 223
228 229 230
231 222 230
231 230 232
231 232 233
234 235 236
235 234 237
235 237 238
239 240 236
241 240 239
241 242 240
243 239 244
235 243 244
178 245 246
178 246 247
247 246 248
247 248 249
184 245 178
184 250 245
251 250 184
251 252 250
245 253 246
246 253 254
246 254 248
252 255 250
255 253 245
250 255 245
252 256 255
253 257 254
254 257 258
259 254 258
249 259 260
259 258 260
249 260 199
199 260 261
199 261 262
260 258 263
260 263 261
258 257 263
261 263 264
200 261 264
200 264 202
202 264 265
202 265 204
204 265 266
204 266 267
267 266 268
267 268 269
269 268 270
269 270 271
264 272 265
263 272 264
265 272 273
265 273 266
266 273 274
266 274 268
268 274 275
268 275 270
263 257 272
276 273 272
272 257 276
273 277 274
274 277 275
273 276 277
278 257 253
253 255 278
279 278 255
256 279 255
279 256 280
280 256 252
280 252 281
281 252 251
281 251 282
283 284 285
283 285 286
287 288 289
287 289 290
290 289 291
290 291 292
293 294 295
293 295 296
296 295 297
296 297 298
299 300 301
299 301 302
303 304 305
303 305 306
307 308 309
307 309 310
311 308 307
311 312 308
313 314 315
313 315 316
317 314 313
317 318 314
319 320 321
319 321 322
323 324 325
326 324 323
325 324 327
327 324 328
327 328 329
329 328 330
329 330 331
331 330 332
330 333 332
332 333 334
332 334 335
335 334 336
336 334 337
337 334 338
339 340 341
341 340 342
343 340 339
344 340 343
344 345 340
346 345 344
347 346 344
348 346 347
348 349 346
350 349 348
350 351 349
352 351 350
353 351 352
354 351 353
355 356 357
355 357 358
355 358 359
355 359 360
355 360 361
356 362 357
355 361 363
361 364 363
365 364 361
361 366 365
355 363 367
368 355 369
368 369 370
371 368 370
371 370 372
371 372 373
371 373 374
373 375 374
373 376 375
371 374 377
371 377 378
377 379 378
377 380 379
380 381 379
380 382 381
382 383 381
382 384 383
384 385 383
384 386 385
386 387 385
386 388 387
388 389 387
376 390 375
390 391 375
391 392 375
390 393 391
391 394 392
391 395 394
395 396 394
395 397 396
397 398 396
397 399 398
393 400 391
393 401 400
401 402 400
401 403 402
401 404 403
404 405 403
404 406 405
406 407 405
406 408 407
408 409 407
408 410 409
410 411 409
410 412 411
412 413 411
412 414 413
414 415 413
416 417 418
417 419 418
417 420 419
420 421 419
421 422 419
421 423 422
372 416 418
372 418 373
423 424 422
423 425 424
425 426 424
425 427 426
427 428 426
427 429 428
429 430 428
429 431 430
431 432 430
433 434 435
433 435 436
437 433 436
437 436 438
399 437 438
399 438 398
434 439 435
434 440 439
440 441 439
442 443 444
442 445 443
442 446 445
442 447 446
446 447 448
449 446 448
442 450 447
451 450 442
451 452 450
453 452 451
453 454 452
453 455 454
444 456 442
444 457 456
458 446 449
458 459 446
446 459 445
454 455 460
454 460 461
454 461 462
462 461 463
463 461 464
463 464 465
465 464 466
466 464 467
466 467 468
468 467 469
468 469 470
470 469 471
470 471 472
472 471 473
472 473 474
474 473 475
460 455 476
476 455 477
476 477 478
478 477 479
479 477 480
478 479 481
479 480 482
479 482 483
483 482 484
483 484 485
485 484 486
485 486 487
481 479 488
481 488 489
489 488 490
489 490 491
489 491 492
492 491 493
487 486 494
487 494 495
495 494 496
495 496 497
497 496 498
492 493 499
499 493 500
499 500 501
501 500 502
501 502 503
503 502 504
503 504 505
505 504 506
507 508 509
510 508 507
510 511 508
512 511 510
512 513 511
514 513 512
514 515 513
516 515 514
516 517 515
453 517 516
516 455 453
443 518 519
443 520 518
445 520 443
445 521 520
445 522 521
443 519 444
444 519 523
524 525 526
524 526 527
527 526 528
527 528 529
529 528 530
529 530 531
529 531 532
532 531 533
533 531 534
533 534 535
535 534 536
537 525 524
538 539 540
538 540 541
542 539 538
542 543 539
544 545 546
546 545 547
544 548 545
549 548 544
549 550 548
551 550 549
551 552 550
553 552 551
553 554 552
555 554 553
555 556 554
557 558 556
557 556 559
560 561 562
560 562 563
560 563 564
564 563 565
564 565 566
566 565 567
566 567 568
568 567 569
568 569 570
570 569 571
570 571 572
573 561 560
573 574 561
575 576 577
575 577 578
579 576 575
579 580 576
578 577 581
578 581 582
582 581 583
582 583 584
585 580 579
585 586 580
587 586 585
587 588 586
589 588 587
589 590 588
591 590 589
591 592 590
591 593 592
594 593 591
594 595 593
584 583 596
583 597 596
598 599 600
598 600 601
602 599 598
602 603 599
604 603 602
604 605 603
606 605 604
606 607 605
601 600 608
609 607 606
609 610 607
611 610 609
611 612 610
613 612 611
613 614 612
613 615 614
616 615 613
616 617 615
601 608 618
619 620 621
619 621 622
619 622 623
623 622 624
623 624 625
625 624 626
625 626 627
627 626 628
627 628 629
629 628 630
629 630 631
631 630 632
631 632 633
633 632 634
633 634 635
635 634 636
635 636 637
637 636 638
639 640 641
642 640 639
642 643 640
644 643 642
644 645 643
646 645 644
646 647 645
648 647 646
648 649 647
650 649 648
650 651 649
639 641 652
652 641 653
654 651 650
654 655 651
656 657 658
656 658 659
660 657 656
660 661 657
662 661 660
662 663 661
659 658 664
659 664 665
665 664 666
665 666 667
667 666 668
667 668 669
669 668 670
669 670 671
671 670 672
671 672 673
673 672 674
675 676 677
675 677 678
675 678 679
679 678 680
679 680 681
681 680 682
683 676 675
684 676 683
684 685 676
684 686 685
681 682 687
687 682 688
687 688 689
689 688 690
688 691 690
692 458 693
442 456 694
695 620 619
696 697 698
696 698 699
696 700 697
696 701 700
696 702 701
699 698 703
696 704 702
702 704 705
706 702 705
702 706 707
696 708 704
709 710 696
709 711 710
712 711 709
712 713 711
712 714 713
712 715 714
714 715 716
714 716 717
712 718 715
712 719 718
718 719 720
718 720 721
721 720 722
721 722 723
723 722 724
723 724 725
725 724 726
725 726 727
727 726 728
727 728 729
729 728 730
717 716 731
731 716 732
731 732 733
733 732 734
733 734 735
735 734 736
735 736 737
735 737 738
738 737 739
738 739 740
740 739 741
740 741 742
742 741 743
742 743 744
744 743 745
744 745 746
746 745 747
746 747 748
748 747 749
750 751 752
752 751 753
752 753 754
754 753 755
755 753 756
755 756 757
713 751 750
713 714 751
757 756 758
757 758 759
759 758 760
759 760 761
761 760 762
761 762 763
763 762 764
763 764 765
765 764 766
767 768 769
767 769 770
771 768 767
771 772 768
773 772 771
773 774 772
775 774 773
775 776 774
777 776 775
777 778 776
732 778 777
732 779 778
732 716 779
770 769 780
770 780 781
781 780 782
783 784 785
783 785 786
783 786 787
783 787 788
787 789 788
790 789 787
783 788 791
792 783 791
792 791 793
794 792 793
794 793 795
794 795 796
794 796 797
784 783 798
784 798 799
800 790 787
800 787 801
787 786 801
795 802 796
795 803 802
802 804 796
804 805 796
804 806 805
806 807 805
807 808 805
806 809 807
807 810 808
807 811 810
811 812 810
811 813 812
813 814 812
813 815 814
809 816 807
809 817 816
817 818 816
817 819 818
817 820 819
820 821 819
815 822 814
815 823 822
823 824 822
823 825 824
825 826 824
820 827 821
827 828 821
827 829 828
829 830 828
829 831 830
831 832 830
831 833 832
833 834 832
835 836 837
838 835 837
838 837 839
840 838 839
840 839 841
842 840 841
842 841 843
797 842 843
797 843 844
797 844 794
803 845 846
803 846 847
845 848 846
845 849 848
849 850 848
850 851 848
850 852 851
852 853 851
852 854 853
854 855 853
854 856 855
856 857 855
856 858 857
858 859 857
785 860 861
785 861 862
786 785 862
786 862 863
786 863 864
785 784 860
784 865 860
866 867 868
866 869 867
869 870 867
869 871 870
871 872 870
871 873 872
871 874 873
874 875 873
875 876 873
875 877 876
877 878 876
879 866 868
880 881 882
880 882 883
884 880 883
884 883 885
886 887 888
887 889 888
886 888 890
891 886 890
891 890 892
893 891 892
893 892 894
895 893 894
895 894 896
897 895 896
897 896 898
899 900 898
899 898 901
902 903 904
902 905 903
902 906 905
906 907 905
906 908 907
908 909 907
908 910 909
910 911 909
910 912 911
912 913 911
912 914 913
915 902 904
915 904 916
917 918 919
917 919 920
921 917 920
921 920 922
918 923 919
918 924 923
924 925 923
924 926 925
926 927 925
928 921 922
928 922 929
930 928 929
930 929 931
932 930 931
932 931 933
934 932 933
934 933 935
934 935 936
937 934 936
937 936 938
927 939 925
940 941 942
940 942 943
944 940 943
944 943 945
946 944 945
946 945 947
948 946 947
948 947 949
941 950 942
951 948 949
951 949 952
953 951 952
953 952 954
955 953 954
955 954 956
955 956 957
958 955 957
958 957 959
941 960 950
961 962 963
961 964 962
961 965 964
965 966 964
965 967 966
967 968 966
967 969 968
969 970 968
969 971 970
971 972 970
971 973 972
973 974 972
973 975 974
975 976 974
975 977 976
977 978 976
977 979 978
979 980 978
981 982 983
984 981 983
984 983 985
986 984 985
986 985 987
988 986 987
988 987 989
990 988 989
990 989 991
992 990 991
992 991 993
981 994 982
994 995 982
996 992 993
996 993 997
998 999 1000
998 1000 1001
1002 998 1001
1002 1001 1003
1004 1002 1003
1004 1003 1005
999 1006 1000
999 1007 1006
1007 1008 1006
1007 1009 1008
1009 1010 1008
1009 1011 1010
1011 1012 1010
1011 1013 1012
1013 1014 1012
1013 1015 1014
1015 1016 1014
1017 1018 1019
1017 1020 1018
1017 1021 1020
1021 1022 1020
1021 1023 1022
1024 1017 1019
1025 1024 1019
1025 1019 1026
1025 1026 1027
1023 1028 1022
1023 1029 1028
1029 1030 1028
1029 1031 1030
1031 1032 1030
1032 1033 1030
1034 1035 800
783 1036 798
1037 961 963
1038 1039 1040
1038 1040 1041
1041 1040 1042
1041 1042 1043
1043 1042 1044
1045 1039 1038
1045 1046 1039
1047 1048 1049
1047 1049 1050
1050 1049 1051
1050 1051 1052
1051 1049 1053
1054 1048 1047
1054 1055 1048
1056 1055 1054
1056 1057 1055
1056 1054 1058
1058 1054 1059
1058 1059 1060
1060 1059 1061
1051 1053 1062
1051 1062 1063
1063 1062 1064
1063 1064 1065
1065 1064 1066
1065 1066 1067
1068 1067 1066
1068 1069 1067
1070 1069 1068
1070 1071 1069
1072 1071 1070
1059 1073 1061
1059 1074 1073
1073 1074 1075
1073 1075 1076
1076 1075 1077
1076 1077 1078
1078 1077 1079
1078 1079 1080
1080 1079 1081
1080 1081 1082
1082 1081 1083
1082 1083 1084
1084 1083 1085
1084 1085 1086
1087 1085 1088
1089 1057 1090
1089 1090 1091
1091 1090 1092
1091 1092 1093
1091 1093 1094
1094 1093 1095
1094 1095 1096
1096 1095 1097
1096 1097 1098
1098 1097 1099
1098 1099 1100
1100 1099 1101
1055 1057 1089
1102 1103 1104
1102 1104 1105
1105 1104 1106
1105 1106 1107
1052 1103 1102
1052 1108 1103
1052 1051 1108
1107 1106 1109
1107 1109 1110
1110 1109 1111
1110 1111 1112
1112 1111 1113
1112 1113 1114
1114 1113 1115
1114 1115 1116
1116 1115 1117
1116 1117 1118
1118 1117 1119
1120 1121 1122
1120 1122 1123
1120 1123 1124
1125 1120 1124
1121 1126 1122
1126 1127 1122
1126 1128 1127
1125 1129 1130
1125 1131 1129
1125 1132 1131
1132 1133 1131
1131 1134 1129
1131 1135 1134
1135 1136 1134
1135 1137 1136
1137 1138 1136
1138 1139 1136
1138 1140 1139
1138 1141 1140
1142 1138 1137
1137 1143 1142
1143 1144 1142
1143 1145 1144
1145 1146 1144
1145 1147 1146
1147 1148 1146
1147 1149 1148
1149 1150 1148
1149 1151 1150
1151 1152 1150
1151 1153 1152
1153 1154 1152
1153 1155 1154
1155 1156 1154
1157 1158 1130
1157 1159 1158
1159 1160 1158
1159 1161 1160
1159 1162 1161
1162 1163 1161
1162 1164 1163
1164 1165 1163
1164 1166 1165
1166 1167 1165
1129 1157 1130
1168 1169 1170
1168 1170 1140
1169 1171 1170
1169 1172 1171
1173 1171 1172
1173 1172 1174
1175 1173 1174
1133 1176 1177
1133 1177 1131
1176 1178 1177
1176 1179 1178
1179 1180 1178
1179 1181 1180
1181 1182 1180
1181 1183 1182
1183 1184 1182
1183 1185 1184
1185 1186 1184
1185 1187 1186
1187 1188 1186
1187 1189 1188
1189 1190 1188
1191 1192 1193
1194 1191 1193
1194 1193 1195
1196 1194 1195
1191 1197 1192
1191 1198 1197
1198 1199 1197
1200 1201 1202
1200 1202 1203
1201 1204 1202
1201 1205 1204
1200 1206 1207
1208 1200 1207
1209 1208 1207
1210 1211 1212
1210 1212 1213
1214 1210 1213
1214 1213 1215
1216 1217 1218
1216 1218 1219
1220 1216 1219
1220 1219 1221
1217 1222 1218
1217 1223 1222
1224 1220 1221
1224 1221 1225
1226 1224 1225
1226 1225 1227
1228 1226 1227
1228 1227 1229
1230 1228 1229
1230 1229 1231
1232 1230 1231
1232 1231 1233
1234 1232 1233
1234 1233 1235
1236 1234 1235
1236 1235 1237
1238 1236 1237
1238 1237 1239
1240 1238 1239
1241 1242 1243
1241 1243 1244
1245 1241 1244
1245 1244 1246
1247 1248 1249
1247 1249 1250
1251 1247 1250
1251 1250 1252
1253 1251 1252
1253 1252 1254
1255 1253 1254
1255 1254 1256
1257 1255 1256
1257 1256 1258
1259 1257 1258
1249 1248 1260
1260 1261 1249
1262 1263 1264
1262 1264 1265
1263 1266 1264
1263 1267 1266
1267 1268 1266
1267 1269 1268
1269 1270 1268
1271 1262 1265
1271 1265 1272
1273 1271 1272
1273 1272 1274
1275 1276 1277
1275 1277 1278
1276 1279 1277
1276 1280 1279
1280 1281 1279
1280 1282 1281
1283 1275 1278
1283 1278 1284
1285 1283 1284
1285 1284 1286
1282 1287 1281
1282 1288 1287
1288 1289 1287
1290 1291 1292
1290 1292 1293
1294 1290 1293
1294 1293 1295
1296 1294 1295
1296 1295 1297
1298 1296 1297
1298 1297 1299
1300 1298 1299
1301 1302 1303
1301 1303 1304
1302 1305 1303
1302 1306 1305
1307 1301 1304
1307 1304 1308
1309 1307 1308
1309 1308 1310
1306 1311 1305
1306 1312 1311
1312 1313 1311
1312 1314 1313
1314 1315 1313
1314 1316 1315
1316 1317 1315
1316 1318 1317
1318 1319 1317
1318 1320 1319
1320 1321 1319
1322 1323 1324
1322 1324 1325
1324 1323 1326
1324 1326 1327
1328 1322 1325
1328 1325 1329
1330 1328 1329
1330 1329 1331
1332 1330 1331
1332 1331 1333
1334 1332 1333
1334 1333 1335
1336 1334 1335
1336 1335 1337
1338 1336 1337
1338 1337 1339
1340 1338 1339
1340 1339 1341
1342 1340 1341
1343 1344 1345
1344 1346 1345
1344 1347 1346
1344 1348 1347
1348 1349 1347
1348 1350 1349
1350 1351 1349
1350 1352 1351
1352 1353 1351
1352 1354 1353
1354 1355 1353
1354 1356 1355
1356 1357 1355
1356 1358 1357
1358 1359 1357
1358 1360 1359
1360 1361 1359
1362 1363 1364
1362 1364 1365
1366 1367 1368
1366 1368 1369
1367 1370 1368
1367 1371 1370
1371 1372 1370
1373 1366 1369
1373 1369 1374
1375 1376 1377
1375 1377 1378
1376 1379 1377
1376 1380 1379
1379 1381 1377
1382 1375 1378
1382 1378 1383
1384 1382 1383
1384 1383 1385
1384 1386 1382
1386 1387 1382
1386 1388 1387
1388 1389 1387
1379 1390 1381
1379 1391 1390
1391 1392 1390
1391 1393 1392
1393 1394 1392
1393 1395 1394
1396 1394 1395
1396 1395 1397
1398 1396 1397
1398 1397 1399
1400 1398 1399
1387 1389 1401
1387 1401 1402
1401 1403 1402
1401 1404 1403
1404 1405 1403
1404 1406 1405
1406 1407 1405
1406 1408 1407
1408 1409 1407
1408 1410 1409
1410 1411 1409
1410 1412 1411
1412 1413 1411
1412 1414 1413
1415 1416 1413
1417 1418 1385
1417 1419 1418
1419 1420 1418
1419 1421 1420
1419 1422 1421
1422 1423 1421
1422 1424 1423
1424 1425 1423
1424 1426 1425
1426 1427 1425
1426 1428 1427
1428 1429 1427
1383 1417 1385
1430 1431 1432
1430 1432 1433
1431 1434 1432
1431 1435 1434
1380 1430 1433
1380 1433 1436
1380 1436 1379
1435 1437 1434
1435 1438 1437
1438 1439 1437
1438 1440 1439
1440 1441 1439
1440 1442 1441
1442 1443 1441
1442 1444 1443
1444 1445 1443
1444 1446 1445
1446 1447 1445
1448 1449 1450
1448 1450 1451
1448 1452 1449
1453 1452 1448
1451 1450 1454
1454 1450 1455
1454 1455 1456
1453 1457 1458
1453 1458 1459
1453 1459 1460
1460 1459 1461
1459 1458 1462
1459 1462 1463
1463 1462 1464
1463 1464 1465
1465 1464 1466
1466 1464 1467
1466 1467 1468
1466 1468 1469
1470 1465 1466
1465 1470 1471
1471 1470 1472
1471 1472 1473
1473 1472 1474
1473 1474 1475
1475 1474 1476
1475 1476 1477
1477 1476 1478
1477 1478 1479
1479 1478 1480
1479 1480 1481
1481 1480 1482
1481 1482 1483
1483 1482 1484
1485 1457 1486
1485 1486 1487
1487 1486 1488
1487 1488 1489
1487 1489 1490
1490 1489 1491
1490 1491 1492
1492 1491 1493
1492 1493 1494
1494 1493 1495
1458 1457 1485
1496 1468 1497
1496 1497 1498
1498 1497 1499
1498 1499 1500
1501 1500 1499
1501 1502 1500
1503 1502 1501
1461 1504 1505
1461 1459 1504
1505 1504 1506
1505 1506 1507
1507 1506 1508
1507 1508 1509
1509 1508 1510
1509 1510 1511
1511 1510 1512
1511 1512 1513
1513 1512 1514
1513 1514 1515
1515 1514 1516
1515 1516 1517
1517 1516 1518
1519 1520 1521
1522 1520 1519
1522 1523 1520
1524 1523 1522
1519 1521 1525
1519 1525 1526
1526 1525 1527
1528 1529 1530
1528 1530 1531
1531 1530 1532
1531 1532 1533
1528 1534 1535
1536 1534 1528
1537 1534 1536
1538 1539 1540
1538 1540 1541
1542 1539 1538
1542 1543 1539
1544 1545 1546
1544 1546 1547
1548 1545 1544
1548 1549 1545
1547 1546 1550
1547 1550 1551
1552 1549 1548
1552 1553 1549
1554 1553 1552
1554 1555 1553
1556 1555 1554
1556 1557 1555
1558 1557 1556
1558 1559 1557
1560 1559 1558
1560 1561 1559
1562 1561 1560
1562 1563 1561
1564 1563 1562
1564 1565 1563
1566 1565 1564
1566 1567 1565
1568 1567 1566
1569 1570 1571
1569 1571 1572
1573 1570 1569
1573 1574 1570
1575 1576 1577
1575 1577 1578
1579 1576 1575
1579 1580 1576
1581 1580 1579
1581 1582 1580
1583 1582 1581
1583 1584 1582
1585 1584 1583
1585 1586 1584
1587 1586 1585
1588 1578 1577
1577 1589 1588
1590 1591 1592
1590 1592 1593
1593 1592 1594
1593 1594 1595
1595 1594 1596
1595 1596 1597
1597 1596 1598
1599 1591 1590
1599 1600 1591
1601 1600 1599
1601 1602 1600
1603 1604 1605
1603 1605 1606
1606 1605 1607
1606 1607 1608
1608 1607 1609
1608 1609 1610
1611 1604 1603
1611 1612 1604
1613 1612 1611
1613 1614 1612
1610 1609 1615
1610 1615 1616
1616 1615 1617
1618 1619 1620
1618 1620 1621
1622 1619 1618
1622 1623 1619
1624 1623 1622
1624 1625 1623
1626 1625 1624
1626 1627 1625
1628 1627 1626
1629 1630 1631
1629 1631 1632
1632 1631 1633
1632 1633 1634
1635 1630 1629
1635 1636 1630
1637 1636 1635
1637 1638 1636
1634 1633 1639
1634 1639 1640
1640 1639 1641
1640 1641 1642
1642 1641 1643
1642 1643 1644
1644 1643 1645
1644 1645 1646
1646 1645 1647
1646 1647 1648
1648 1647 1649
1650 1651 1652
1650 1652 1653
1652 1654 1653
1652 1655 1654
1656 1651 1650
1656 1657 1651
1658 1657 1656
1658 1659 1657
1660 1659 1658
1660 1661 1659
1662 1661 1660
1662 1663 1661
1664 1663 1662
1664 1665 1663
1666 1665 1664
1666 1667 1665
1668 1667 1666
1668 1669 1667
1670 1669 1668
1671 1672 1673
1673 1672 1674
1673 1674 1675
1675 1674 1676
1675 1676 1677
1677 1676 1678
1677 1678 1679
1679 1678 1680
1679 1680 1681
1681 1680 1682
1681 1682 1683
1683 1682 1684
1683 1684 1685
1685 1684 1686
1685 1686 1687
1687 1686 1688
1689 1671 1673
1690 1691 1692
1690 1692 1693
1694 1695 1696
1694 1696 1697
1697 1696 1698
1697 1698 1699
1699 1698 1700
1699 1700 1701
1701 1700 1702
1701 1702 1703
1703 1702 1704
1703 1704 1705
1705 1704 1706
1705 1706 1707
1707 1706 1708
1707 1708 1709
1709 1708 1710
1709 1710 1711
1712 1713 1714
1714 1713 1715
1715 1713 1716
1717 1716 1713
1718 1717 1713
1718 1713 1712
1715 1716 1719
1714 1715 1720
1720 1715 1721
1721 1715 1722
1721 1722 1723
1723 1722 1724
1722 1715 1725
1722 1725 1726
1724 1722 1726
1724 1726 1727
1728 1724 1727
1729 1724 1728
1729 1728 1730
1730 1728 1731
1728 1727 1732
1731 1728 1732
1731 1732 1733
1734 1731 1733
1735 1731 1734
1735 1734 1736
1736 1734 1737
1734 1733 1738
1737 1734 1738
1737 1738 1739
1736 1737 1740
1741 1731 1735
1730 1731 1741
1742 1724 1729
1723 1724 1742
1743 1744 1745
1743 1745 1746
1747 1744 1743
1747 1743 1748
1749 1747 1748
1749 1750 1747
1751 1750 1749
1751 1749 1752
1753 1751 1752
1753 1752 1754
1755 1753 1754
1755 1754 1756
1757 1755 1756
1757 1756 1758
1759 1757 1758
1759 1760 1757
1761 1760 1759
1761 1759 1762
1763 1761 1762
1763 1762 1764
1765 1763 1764
1765 1766 1763
1767 1766 1765
1767 1765 1768
1769 1770 1771
1769 1771 1772
1770 1773 1771
1770 1774 1773
1774 1775 1773
1774 1776 1775
1776 1777 1775
1776 1778 1777
1778 1779 1777
1778 1780 1779
1780 1781 1779
1780 1782 1781
1782 1783 1781
1782 1784 1783
1784 1785 1783
1784 1786 1785
1787 1788 1789
1788 1790 1789
1790 1791 1789
1792 1789 1791
1793 1789 1792
1793 1787 1789
1790 1794 1791
1788 1795 1790
1795 1796 1790
1796 1797 1790
1796 1798 1797
1798 1799 1797
1797 1800 1790
1797 1801 1800
1799 1801 1797
1799 1802 1801
1803 1802 1799
1804 1803 1799
1804 1805 1803
1805 1806 1803
1803 1807 1802
1806 1807 1803
1806 1808 1807
1809 1808 1806
1810 1809 1806
1810 1811 1809
1811 1812 1809
1809 1813 1808
1812 1813 1809
1812 1814 1813
1811 1815 1812
1816 1810 1806
1805 1816 1806
1817 1804 1799
1798 1817 1799
1818 1819 1820
1818 1820 1821
1822 1818 1821
1822 1823 1818
1824 1823 1822
1824 1822 1825
1826 1824 1825
1826 1827 1824
1828 1827 1826
1828 1829 1827
1830 1829 1828
1830 1831 1829
1832 1831 1830
1832 1833 1831
1834 1833 1832
1834 1832 1835
1836 1834 1835
1836 1837 1834
1838 1837 1836
1838 1839 1837
1840 1839 1838
1840 1838 1841
1842 1840 1841
1842 1843 1840
1844 1845 1846
1844 1846 1847
1845 1848 1846
1845 1849 1848
1849 1850 1848
1849 1851 1850
1851 1852 1850
1851 1853 1852
1853 1854 1852
1853 1855 1854
1855 1856 1854
1855 1857 1856
1857 1858 1856
1857 1859 1858
1859 1860 1858
1859 1861 1860
1862 1863 1864
1863 1865 1864
1865 1866 1864
1867 1864 1866
1868 1864 1867
1868 1862 1864
1865 1869 1866
1863 1870 1865
1870 1871 1865
1871 1872 1865
1871 1873 1872
1873 1874 1872
1872 1875 1865
1872 1876 1875
1874 1876 1872
1874 1877 1876
1878 1877 1874
1879 1878 1874
1879 1880 1878
1880 1881 1878
1878 1882 1877
1881 1882 1878
1881 1883 1882
1884 1883 1881
1885 1884 1881
1885 1886 1884
1886 1887 1884
1884 1888 1883
1887 1888 1884
1887 1889 1888
1886 1890 1887
1891 1885 1881
1880 1891 1881
1892 1879 1874
1873 1892 1874
1893 1894 1895
1893 1895 1896
1897 1893 1896
1897 1898 1893
1899 1898 1897
1899 1897 1900
1901 1899 1900
1901 1902 1899
1903 1902 1901
1903 1904 1902
1905 1904 1903
1905 1906 1904
1907 1906 1905
1907 1908 1906
1909 1908 1907
1909 1907 1910
1911 1909 1910
1911 1912 1909
1913 1912 1911
1913 1914 1912
1915 1914 1913
1915 1913 1916
1917 1915 1916
1917 1918 1915
1919 1920 1921
1919 1921 1922
1922 1921 1923
1922 1923 1924
1924 1923 1925
1924 1925 1926
1926 1925 1927
1926 1927 1928
1928 1927 1929
1928 1929 1930
1930 1929 1931
1930 1931 1932
1932 1931 1933
1932 1933 1934
1934 1933 1935
1934 1935 1936
1937 1938 1939
1939 1938 1940
1940 1938 1941
1942 1941 1938
1943 1942 1938
1943 1938 1937
1940 1941 1944
1939 1940 1945
1945 1940 1946
1946 1940 1947
1946 1947 1948
1948 1947 1949
1947 1940 1950
1947 1950 1951
1949 1947 1951
1949 1951 1952
1953 1949 1952
1954 1949 1953
1954 1953 1955
1955 1953 1956
1953 1952 1957
1956 1953 1957
1956 1957 1958
1959 1956 1958
1960 1956 1959
1960 1959 1961
1961 1959 1962
1959 1958 1963
1962 1959 1963
1962 1963 1964
1961 1962 1965
1966 1956 1960
1955 1956 1966
1967 1949 1954
1948 1949 1967
1968 1969 1970
1968 1970 1971
1972 1969 1968
1972 1968 1973
1974 1972 1973
1974 1975 1972
1976 1975 1974
1976 1974 1977
1978 1976 1977
1978 1977 1979
1980 1978 1979
1980 1979 1981
1982 1980 1981
1982 1981 1983
1984 1982 1983
1984 1985 1982
1986 1985 1984
1986 1984 1987
1988 1986 1987
1988 1987 1989
1990 1988 1989
1990 1991 1988
1992 1991 1990
1992 1990 1993
1994 1995 1996
1997 1994 1996
1997 1998 1994
1997 1999 1998
2000 1997 1996
1996 2001 2000
2001 2002 2000
2003 2000 2002
2003 2004 2000
2003 2005 2004
2004 2005 2006
2007 2008 2009
2008 2010 2009
2008 2011 2010
2012 2008 2007
2012 2007 2013
2007 2014 2013
2013 2014 2015
2014 2016 2015
2013 2017 2012
2018 2019 2020
2018 2020 2021
2018 2021 2022
2023 2024 2025
2026 2027 2024
2026 2024 2028
2029 2026 2028
2029 2028 2030
2031 2029 2032
2033 2034 2035
2033 2035 2036
2037 2033 2036
2037 2038 2033
2033 2038 2039
2040 2035 2034
2040 2041 2035
2042 2041 2040
2042 2043 2041
2044 2045 2046
2047 2044 2046
2048 2049 2050
2050 2051 2048
2052 2048 2051
2048 2053 2049
2049 2053 2054
2054 2053 2055
2054 2055 2056
2056 2057 2054
2052 2051 2058
2058 2059 2052
2058 2060 2059
2052 2061 2062
2063 2062 2061
2062 2063 2064
2064 2065 2062
2066 2065 2064
2064 2067 2066
2065 2066 2068
2065 2068 2069
2070 2071 2072
2070 2072 2073
2070 2074 2071
2075 2076 2077
2075 2077 2078
2079 2076 2075
2079 2080 2076
2081 2078 2077
2082 2083 2079
2084 2085 2086
2087 2088 2089
2087 2089 2090
2091 2088 2087
2091 2087 2092
2087 2093 2092
2090 2089 2094
2090 2094 2095
2095 2094 2096
2095 2096 2097
2098 2099 2100
2100 2099 2101
2100 2101 2102
2102 2101 2103
2102 2103 2104
2105 2098 2100
2106 2103 2107
2106 2107 2108
2108 2107 2109
2108 2109 2110
2110 2109 2111
2110 2111 2112
2112 2111 2113
2112 2113 2114
2114 2113 2115
2114 2115 2116
2116 2115 2117
2116 2117 2118
2118 2117 2119
2118 2119 2120
2120 2119 2121
2120 2121 2122
2122 2121 2123
2122 2123 2124
2124 2123 2125
2124 2125 2126
2126 2125 2127
2126 2127 2128
2128 2127 2129
2128 2129 2130
2130 2129 2131
2130 2131 2132
2132 2131 2133
2133 2134 2132
2133 2135 2134
2134 2135 2136
2134 2136 2137
2134 2137 2138
2139 2134 2138
2139 2138 2140
2141 2139 2140
2136 2135 2142
2135 2143 2142
2135 2144 2143
2145 2139 2141
2146 2145 2141
2141 2147 2146
2148 2149 2150
2148 2150 2151
2152 2148 2151
2153 2149 2154
2154 2155 2153
2156 2157 2158
2156 2158 2159
2160 2157 2156
2160 2161 2157
2162 2161 2160
2162 2163 2161
2164 2163 2162
2164 2165 2163
2166 2165 2164
2166 2167 2165
2168 2167 2166
2168 2169 2167
2170 2169 2168
2170 2171 2169
2172 2171 2170
2172 2173 2171
2174 2173 2172
2174 2175 2173
2176 2175 2174
2176 2177 2175
2178 2177 2176
2178 2179 2177
2180 2179 2178
2180 2181 2179
2182 2181 2180
2182 2183 2181
2184 2183 2182
2184 2185 2183
2186 2187 2188
2186 2188 2189
2190 2188 2187
2190 2191 2188
2188 2192 2189
2188 2193 2192
2188 2191 2194
2188 2194 2193
2195 2187 2186
2195 2190 2187
2195 2186 2196
2195 2197 2190
2198 2196 2186
2198 2186 2199
2199 2186 2189
2199 2189 2200
2200 2189 2192
2201 2199 2200
2202 2199 2201
2202 2203 2199
2201 2200 2204
2204 2200 2205
2200 2192 2205
2204 2205 2206
2193 2207 2192
2194 2208 2193
2194 2209 2208
2205 2210 2206
2210 2211 2206
2202 2212 2203
2202 2213 2212
2213 2214 2212
2213 2215 2214
2215 2216 2214
2215 2217 2216
2203 2212 2218
2203 2218 2196
2219 2196 2218
2219 2218 2220
2218 2221 2220
2218 2222 2221
2212 2214 2222
2212 2222 2218
2223 2220 2221
2219 2220 2223
2223 2221 2224
2221 2222 2225
2214 2216 2225
2214 2225 2222
2221 2225 2226
2221 2226 2227
2221 2227 2224
2219 2223 2197
2226 2225 2228
2227 2226 2228
2227 2228 2229
2216 2217 2230
2230 2217 2231
2225 2216 2232
2230 2233 2232
2225 2232 2233
2216 2234 2232
2235 2225 2236
2237 2229 2235
2237 2235 2236
2238 2239 2197
2238 2240 2239
2239 2240 2241
2242 2241 2240
2238 2242 2240
2242 2243 2241
2239 2241 2244
2241 2243 2245
2241 2245 2246
2241 2246 2247
2241 2247 2244
2238 2248 2242
2249 2242 2248
2249 2250 2242
2250 2243 2242
2250 2251 2243
2251 2245 2243
2252 2251 2250
2202 2252 2250
2202 2250 2253
2252 2254 2251
2254 2255 2251
2251 2255 2245
2254 2256 2255
2246 2245 2257
2247 2246 2258
2247 2258 2259
2255 2256 2260
2260 2256 2261
2202 2253 2262
2202 2262 2263
2263 2262 2264
2263 2264 2265
2265 2264 2266
2265 2266 2267
2253 2268 2262
2253 2248 2268
2269 2268 2248
2269 2270 2268
2268 2270 2271
2268 2271 2272
2262 2268 2272
2262 2272 2264
2273 2271 2270
2269 2273 2270
2273 2274 2271
2271 2275 2272
2264 2272 2275
2264 2275 2266
2271 2276 2275
2271 2274 2277
2271 2277 2276
2269 2197 2273
2276 2278 2275
2277 2278 2276
2277 2279 2278
2266 2280 2267
2280 2281 2267
2275 2282 2266
2280 2282 2283
2275 2283 2282
2266 2282 2284
2285 2286 2275
2287 2285 2279
2287 2286 2285
2192 2288 2205
2192 2289 2288
2210 2288 2289
2205 2288 2290
2207 2291 2192
2292 2291 2207
2209 2292 2207
2293 2294 2295
2296 2294 2293
2296 2293 2297
2296 2297 2298
2299 2294 2296
2294 2299 2300
2300 2299 2301
2302 2301 2299
2302 2299 2303
2302 2303 2304
2303 2305 2304
2306 2307 2308
2308 2307 2309
2308 2309 2310
2311 2306 2308
2311 2312 2306
2306 2312 2313
2312 2314 2313
2313 2314 2315
2312 2311 2316
2317 2318 2319
2317 2319 2320
2317 2321 2318
2322 2323 2324
2325 2326 2324
2325 2324 2327
2328 2326 2325
2328 2329 2326
2330 2331 2328
2332 2333 2334
2332 2334 2335
2336 2333 2332
2336 2332 2337
2332 2338 2337
2339 2335 2334
2339 2334 2340
2341 2339 2340
2341 2340 2342
2343 2344 2345
2346 2344 2343
2347 2348 2349
2348 2347 2350
2351 2350 2347
2347 2349 2352
2349 2353 2352
2353 2354 2352
2353 2355 2354
2355 2353 2356
2351 2357 2350
2357 2351 2358
2357 2358 2359
2351 2360 2361
2362 2361 2360
2360 2363 2362
2363 2360 2364
2365 2363 2364
2363 2365 2366
2364 2367 2365
2364 2368 2367
2369 2370 2371
2369 2371 2372
2369 2372 2373
2374 2375 2376
2374 2376 2377
2378 2374 2377
2378 2377 2379
2380 2376 2375
2381 2378 2382
2383 2384 2385
2386 2387 2388
2386 2388 2389
2390 2386 2389
2390 2391 2386
2386 2391 2392
2387 2393 2388
2387 2394 2393
2394 2395 2393
2394 2396 2395
2397 2398 2399
2398 2400 2399
2398 2401 2400
2401 2402 2400
2401 2403 2402
2404 2398 2397
2405 2406 2402
2405 2407 2406
2407 2408 2406
2407 2409 2408
2409 2410 2408
2409 2411 2410
2411 2412 2410
2411 2413 2412
2413 2414 2412
2413 2415 2414
2415 2416 2414
2415 2417 2416
2417 2418 2416
2417 2419 2418
2419 2420 2418
2419 2421 2420
2421 2422 2420
2421 2423 2422
2423 2424 2422
2423 2425 2424
2425 2426 2424
2425 2427 2426
2427 2428 2426
2427 2429 2428
2429 2430 2428
2429 2431 2430
2431 2432 2430
2432 2431 2433
2432 2433 2434
2433 2435 2434
2433 2436 2435
2433 2437 2436
2438 2437 2433
2438 2439 2437
2440 2439 2438
2435 2441 2434
2434 2441 2442
2434 2442 2443
2444 2440 2438
2445 2440 2444
2440 2445 2446
2447 2448 2449
2447 2450 2448
2451 2450 2447
2452 2453 2449
2453 2452 2454
2455 2456 2457
2455 2457 2458
2459 2455 2458
2459 2458 2460
2461 2459 2460
2461 2460 2462
2463 2461 2462
2463 2462 2464
2465 2463 2464
2465 2464 2466
2467 2465 2466
2467 2466 2468
2469 2467 2468
2469 2468 2470
2471 2469 2470
2471 2470 2472
2473 2471 2472
2473 2472 2474
2475 2473 2474
2475 2474 2476
2477 2475 2476
2477 2476 2478
2479 2477 2478
2479 2478 2480
2481 2479 2480
2481 2480 2482
2483 2481 2482
2483 2482 2484
2245 2255 2485
2245 2485 2486
2260 2486 2485
2255 2487 2485
2257 2245 2488
2489 2257 2488
2259 2257 2489
2490 2491 2492
2493 2492 2491
2493 2494 2492
2495 2494 2493
2496 2495 2493
2496 2497 2495
2498 2497 2496
2498 2499 2497
2500 2499 2498
2501 2499 2500
2500 2502 2501
2503 2501 2502
2503 2502 2504
2504 2505 2503
2506 2505 2504
2506 2507 2505
2508 2507 2506
2508 2509 2507
2510 2509 2508
2510 2511 2509
2512 2513 2514
2513 2512 2515
2515 2516 2513
2515 2517 2516
2518 2517 2515
2519 2517 2518
2520 2519 2518
2521 2514 2513
2522 2521 2513
2523 2522 2513
2521 2524 2514
2524 2525 2514
2525 2524 2526
2525 2526 2527
2527 2526 2528
2527 2528 2529
2529 2528 2530
2529 2530 2531
2520 2518 2532
2533 2520 2532
2533 2532 2534
2535 2533 2534
2536 2522 2523
2537 2536 2523
2538 2536 2537
2538 2539 2536
2539 2538 2540
2523 2541 2537
2542 2543 2544
2543 2545 2544
2546 2545 2543
2546 2547 2545
2548 2547 2546
2548 2546 2549
2550 2548 2549
2550 2549 2551
2552 2550 2551
2552 2551 2553
2554 2552 2553
2554 2553 2555
2556 2554 2555
2556 2555 2557
2558 2556 2557
2559 2558 2557
2560 2559 2557
2561 2559 2560
2561 2560 2562
2563 2561 2562
2564 2563 2562
2565 2563 2564
2566 2563 2565
2567 2566 2565
2567 2565 2568
2565 2569 2568
2568 2569 2570
2568 2570 2571
2572 2571 2570
2571 2572 2573
2566 2567 2574
2567 2575 2574
2574 2575 2576
2574 2576 2577
2576 2578 2577
2576 2579 2578
2579 2580 2578
2579 2581 2580
2580 2581 2582
2580 2582 2583
2583 2582 2584
2583 2584 2585
2585 2584 2586
2585 2586 2587
2587 2586 2588
2587 2588 2589
2589 2588 2590
2589 2590 2591
2592 2593 2594
2594 2593 2595
2592 2594 2596
2592 2596 2597
2596 2598 2597
2597 2598 2599
2600 2597 2599
2601 2600 2599
2601 2602 2600
2603 2602 2601
2604 2602 2603
2605 2604 2603
2605 2606 2604
2606 2605 2607
2608 2606 2607
2609 2608 2607
2610 2611 2612
2610 2612 2613
2612 2614 2613
2615 2611 2610
2615 2610 2616
2617 2615 2616
2617 2616 2618
2619 2617 2618
2619 2620 2617
2621 2620 2619
2621 2622 2620
2623 2622 2621
2623 2624 2622
2625 2624 2623
2625 2626 2624
2627 2626 2625
2627 2628 2626
2614 2629 2630
2629 2631 2630
2629 2632 2631
2632 2633 2631
2633 2634 2631
2635 2634 2633
2612 2629 2614
2636 2637 2638
2639 2638 2637
2637 2636 2640
2640 2641 2637
2641 2640 2642
2641 2643 2637
2643 2644 2637
2643 2641 2645
2641 2642 2645
2645 2642 2646
2640 2636 2647
2637 2644 2648
2644 2649 2648
2649 2650 2648
2649 2651 2650
2651 2652 2650
2651 2653 2652
2651 2654 2653
2655 2643 2645
2654 2656 2653
2654 2657 2656
2657 2658 2656
2657 2659 2658
2659 2660 2658
2659 2661 2660
2659 2662 2661
2662 2663 2661
2663 2664 2661
2663 2665 2664
2663 2666 2665
2666 2667 2665
2668 2669 2670
2668 2670 2671
2670 2672 2671
2673 2669 2668
2673 2668 2674
2675 2673 2674
2675 2676 2673
2677 2676 2675
2677 2678 2676
2679 2678 2677
2679 2680 2678
2681 2680 2679
2670 2682 2672
2672 2682 2683
2672 2683 2684
2683 2685 2684
2684 2685 2686
2684 2686 2687
2688 2687 2686
2686 2639 2688
2637 2688 2639
2689 2690 2691
2689 2692 2690
2692 2689 2693
2694 2692 2693
2694 2693 2695
2694 2695 2696
2695 2697 2696
2697 2698 2696
2697 2699 2698
2699 2697 2700
2700 2701 2699
2701 2700 2702
2690 2703 2691
2703 2704 2691
2703 2705 2704
2705 2706 2704
2707 2701 2702
2702 2708 2707
2705 2709 2706
2710 2706 2709
2710 2711 2706
2712 2711 2710
2713 2714 2699
2715 2714 2713
2713 2716 2715
2716 2717 2715
2716 2718 2717
2716 2719 2718
2718 2719 2720
2717 2721 2715
2717 2722 2721
2721 2722 2723
2721 2723 2724
2724 2723 2725
2724 2725 2726
2725 2727 2726
2718 2720 2728
2729 2730 2731
2729 2731 2732
2732 2731 2733
2732 2733 2734
2734 2733 2735
2734 2735 2736
2737 2730 2729
2737 2738 2730
2738 2737 2739
2738 2739 2740
2741 2740 2739
2742 2736 2735
2742 2735 2743
2744 2742 2743
2744 2745 2742
2746 2745 2744
2746 2744 2747
2748 2746 2747
2748 2747 2749
2750 2748 2749
2750 2749 2751
2752 2750 2751
2752 2753 2750
2754 2741 2739
2755 2741 2754
2756 2753 2757
2756 2757 2758
2759 2756 2758
2759 2760 2756
2761 2760 2759
2761 2759 2762
2763 2761 2762
2763 2764 2761
2765 2764 2763
2765 2766 2764
2767 2766 2765
2768 2769 2770
2771 2770 2769
2772 2771 2769
2772 2773 2771
2774 2773 2772
2775 2773 2774
2776 2775 2774
2775 2776 2777
2778 2775 2777
2779 2778 2777
2780 2778 2779
2781 2780 2779
2782 2780 2781
2782 2781 2783
2784 2782 2783
2784 2785 2782
2786 2785 2784
2786 2787 2785
2788 2787 2786
2788 2789 2787
2790 2789 2788
2789 2790 2791
2790 2792 2791
2791 2792 2793
2793 2794 2791
2795 2794 2793
2796 2794 2795
2797 2794 2796
2796 2795 2798
2796 2798 2799
2799 2798 2800
2801 2800 2798
2800 2802 2799
2802 2800 2803
2804 2801 2798
2798 2805 2804
2805 2806 2804
2798 2807 2805
2807 2798 2808
2798 2795 2808
2808 2795 2809
2806 2810 2804
2810 2806 2811
2810 2811 2812
2813 2812 2811
2814 2812 2813
2815 2814 2813
2814 2815 2816
2814 2816 2817
2816 2818 2817
2816 2819 2818
2820 2818 2819
2795 2793 2809
2792 2809 2793
2821 2822 2823
2821 2824 2822
2824 2825 2822
2824 2826 2825
2827 2821 2823
2828 2827 2823
2828 2829 2827
2828 2830 2829
2830 2831 2829
2826 2832 2825
2826 2833 2832
2833 2834 2832
2835 2836 2831
2835 2837 2836
2836 2837 2838
2836 2838 2839
2840 2835 2831
2841 2839 2838
2841 2842 2839
2843 2842 2841
2843 2841 2844
2845 2843 2844
2845 2844 2846
2847 2845 2846
2848 2849 2850
2851 2852 2853
2852 2851 2854
2852 2854 2855
2855 2854 2856
2855 2856 2857
2857 2856 2858
2858 2856 2859
2859 2860 2858
2861 2860 2859
2573 2861 2859
2573 2572 2861
2567 2862 2575
2568 2863 2567
2864 2865 2866
2867 2866 2865
2867 2865 2868
2869 2867 2868
2870 2867 2869
2870 2869 2871
2872 2870 2871
2872 2871 2873
2874 2872 2873
2875 2874 2873
2874 2875 2876
2877 2876 2875
2877 2878 2876
2878 2877 2879
2880 2878 2879
2880 2879 2881
2882 2880 2881
2882 2881 2883
2884 2882 2883
2884 2883 2885
2886 2887 2888
2888 2889 2886
2889 2888 2890
2889 2890 2891
2892 2889 2891
2893 2892 2891
2894 2892 2893
2895 2888 2887
2896 2888 2895
2897 2888 2896
2895 2887 2898
2898 2887 2899
2899 2900 2898
2899 2901 2900
2901 2902 2900
2901 2903 2902
2903 2904 2902
2903 2905 2904
2894 2906 2892
2907 2906 2894
2907 2908 2906
2909 2908 2907
2897 2896 2910
2897 2910 2911
2911 2912 2897
2913 2911 2910
2913 2910 2914
2914 2915 2913
2916 2917 2918
2918 2917 2919
2920 2918 2919
2920 2919 2921
2922 2920 2921
2922 2923 2920
2924 2923 2922
2924 2925 2923
2926 2925 2924
2926 2927 2925
2928 2927 2926
2928 2929 2927
2930 2929 2928
2930 2931 2929
2932 2931 2930
2933 2931 2932
2934 2931 2933
2935 2934 2933
2935 2936 2934
2937 2936 2935
2938 2936 2937
2939 2938 2937
2940 2939 2937
2941 2939 2940
2940 2942 2941
2941 2942 2943
2942 2944 2943
2942 2945 2944
2944 2945 2946
2944 2946 2947
2947 2946 2948
2947 2948 2949
2948 2950 2949
2948 2951 2950
2951 2952 2950
2951 2953 2952
2953 2954 2952
2953 2955 2954
2955 2956 2954
2955 2957 2956
2957 2958 2956
2957 2959 2958
2960 2961 2962
2961 2963 2962
2960 2964 2961
2960 2965 2964
2964 2965 2966
2965 2967 2966
2968 2967 2965
2969 2967 2968
2969 2968 2970
2971 2969 2970
2972 2971 2970
2973 2971 2972
2973 2972 2974
2974 2975 2973
2976 2975 2974
2977 2975 2976
2978 2979 2980
2978 2980 2981
2980 2979 2982
2983 2978 2981
2983 2984 2978
2985 2984 2983
2985 2986 2984
2987 2986 2985
2987 2985 2988
2989 2987 2988
2989 2988 2990
2991 2989 2990
2991 2990 2992
2993 2991 2992
2993 2992 2994
2995 2993 2994
2995 2994 2996
2982 2997 2998
2998 2997 2999
2998 2999 3000
3000 2999 3001
3001 2999 3002
3003 3001 3002
2980 2982 2998
3004 3005 3006
3007 3006 3005
3008 3004 3006
3006 3009 3008
3009 3010 3008
3009 3006 3011
3011 3006 3012
3011 3013 3009
3009 3013 3010
3013 3014 3010
3008 3015 3004
3006 3016 3012
3012 3016 3017
3017 3016 3018
3017 3018 3019
3019 3018 3020
3019 3020 3021
3019 3021 3022
3023 3013 3011
3022 3021 3024
3022 3024 3025
3025 3024 3026
3025 3026 3027
3027 3026 3028
3027 3028 3029
3027 3029 3030
3030 3029 3031
3031 3029 3032
3031 3032 3033
3031 3033 3034
3034 3033 3035
3036 3037 3038
3036 3038 3039
3038 3037 3040
3041 3036 3039
3041 3042 3036
3043 3042 3041
3043 3041 3044
3045 3043 3044
3045 3044 3046
3047 3045 3046
3047 3046 3048
3049 3047 3048
3038 3040 3050
3040 3051 3050
3040 3052 3051
3051 3052 3053
3052 3054 3053
3052 3055 3054
3056 3054 3055
3054 3056 3007
3006 3007 3056
3057 3058 3059
3057 3059 3060
3060 3061 3057
3062 3061 3060
3062 3063 3061
3062 3064 3063
3063 3064 3065
3065 3064 3066
3065 3066 3067
3067 3068 3065
3068 3067 3069
3069 3070 3068
3059 3058 3071
3071 3058 3072
3071 3072 3073
3073 3072 3074
3075 3070 3069
3070 3075 3076
3073 3074 3077
3078 3077 3074
3078 3074 3079
3080 3078 3079
3081 3067 3082
3083 3081 3082
3081 3083 3084
3084 3083 3085
3084 3085 3086
3084 3086 3087
3086 3088 3087
3085 3083 3089
3085 3089 3090
3089 3091 3090
3089 3092 3091
3092 3093 3091
3092 3094 3093
3093 3094 3095
3086 3096 3088
3097 3098 3099
3097 3099 3100
3098 3101 3099
3098 3102 3101
3102 3103 3101
3102 3104 3103
3105 3097 3100
3105 3100 3106
3106 3107 3105
3106 3108 3107
3109 3107 3108
3110 3103 3104
3110 3111 3103
3112 3111 3110
3112 3110 3113
3114 3112 3113
3114 3115 3112
3116 3115 3114
3116 3117 3115
3118 3117 3116
3118 3119 3117
3120 3119 3118
3120 3118 3121
3122 3107 3109
3123 3122 3109
3124 3125 3121
3124 3126 3125
3127 3126 3124
3127 3124 3128
3129 3127 3128
3129 3130 3127
3131 3130 3129
3131 3129 3132
3133 3131 3132
3133 3132 3134
3135 3133 3134
3136 3137 3138
3139 3138 3137
3140 3138 3139
3140 3139 3141
3142 3140 3141
3143 3142 3141
3144 3142 3143
3143 3145 3144
3146 3145 3143
3147 3145 3146
3148 3147 3146
3149 3147 3148
3150 3149 3148
3150 3151 3149
3152 3151 3150
3152 3150 3153
3154 3152 3153
3154 3153 3155
3156 3154 3155
3156 3155 3157
3158 3156 3157
3157 3159 3158
3158 3159 3160
3159 3161 3160
3161 3159 3162
3163 3161 3162
3164 3163 3162
3165 3164 3162
3164 3166 3163
3164 3167 3166
3167 3168 3166
3169 3166 3168
3168 3167 3170
3170 3171 3168
3172 3166 3169
3166 3172 3173
3173 3172 3174
3166 3173 3175
3175 3176 3166
3166 3176 3163
3176 3177 3163
3174 3172 3178
3178 3179 3174
3178 3180 3179
3181 3179 3180
3182 3181 3180
3183 3181 3182
3182 3184 3183
3182 3185 3184
3184 3185 3186
3184 3186 3187
3188 3187 3186
3163 3177 3161
3160 3161 3177
3189 3190 3191
3189 3191 3192
3192 3191 3193
3192 3193 3194
3195 3190 3189
3196 3190 3195
3196 3195 3197
3196 3197 3198
3198 3197 3199
3194 3193 3200
3194 3200 3201
3201 3200 3202
3203 3199 3204
3203 3204 3205
3204 3206 3205
3204 3207 3206
3208 3199 3203
3209 3206 3207
3209 3207 3210
3211 3209 3210
3211 3212 3209
3213 3212 3211
3213 3214 3212
3215 3214 3213
3216 3217 3218
3219 3220 3221
3221 3222 3219
3221 3223 3222
3223 3224 3222
3223 3225 3224
3225 3226 3224
3226 3227 3224
3227 3226 3228
3229 3227 3228
3230 3227 3229
3230 3229 3231
3232 3230 3231
3231 3233 3232
3234 3232 3233
3234 3233 3235
2939 3234 3235
3234 2939 2941
2941 3236 3234
2941 2943 3237
3238 3239 3240
3240 3241 3238
3242 3241 3240
3242 3240 3243
3244 3238 3241
3243 3245 3242
3246 3247 3248
3246 3248 3249
3249 3248 3250
3249 3250 3251
3252 3247 3246
3251 3250 3253
3251 3254 3255
3250 3256 3254
3257 3258 3259
3258 3260 3259
3258 3257 3261
3262 3257 3263
3264 3265 3266
3264 3267 3265
3264 3268 3267
3269 3270 3265
