byte offset: 0
first index: 0
index count: 11844
topology: trianglelist
format: DXGI_FORMAT_R16_UINT

0 1 2
3 0 2
0 3 4
5 3 2
2 1 5
3 5 6
7 6 5
3 8 4
8 3 9
8 9 10
11 3 6
3 11 9
7 11 6
9 11 10
12 13 14
12 14 15
16 17 18
19 17 16
17 19 20
21 20 19
16 18 22
23 20 21
23 21 24
24 21 25
24 25 26
26 25 27
28 29 30
28 31 29
28 32 31
28 33 32
34 35 36
37 34 36
34 37 38
39 38 37
38 39 40
39 41 40
42 43 44
45 46 47
45 48 46
49 50 51
51 52 49
52 51 53
54 52 53
49 55 50
56 54 53
56 57 54
57 58 54
57 59 58
59 60 58
61 62 63
61 63 64
61 64 65
61 65 66
67 68 69
67 70 68
70 67 71
71 72 70
72 71 73
72 73 74
75 76 77
78 79 80
78 81 79
81 78 82
81 83 79
79 83 80
83 81 84
85 83 84
86 81 82
81 86 87
86 88 87
89 81 87
81 89 84
85 84 89
87 88 89
90 91 92
90 93 91
94 95 96
96 97 94
97 96 98
99 97 98
94 100 95
101 99 98
101 102 99
102 103 99
102 104 103
104 105 103
106 107 108
106 109 107
109 106 110
110 111 109
111 110 112
111 112 113
114 115 116
117 118 119
117 119 120
121 122 123
124 122 121
122 124 125
126 125 124
121 123 127
128 125 126
128 126 129
129 126 130
129 130 131
131 130 132
133 134 135
136 133 135
133 136 137
138 137 136
137 138 139
138 140 139
141 142 143
144 145 146
147 145 144
148 149 150
150 149 151
152 153 154
154 153 155
156 157 158
159 157 156
160 161 162
163 164 165
166 167 168
169 170 171
172 173 174
175 176 177
178 179 180
181 182 183
184 185 186
187 188 189
190 191 192
193 194 195
196 197 198
199 200 201
202 203 204
205 206 207
208 209 210
211 212 213
214 215 216
217 218 219
220 221 222
223 224 225
226 227 228
229 230 231
232 233 234
233 232 235
234 236 232
236 234 237
237 238 236
238 237 239
240 233 235
233 240 241
242 241 240
241 242 243
244 243 242
243 244 245
246 238 239
238 246 247
248 247 246
247 248 249
250 249 248
249 250 251
250 252 251
252 250 253
253 254 252
254 253 255
244 255 245
255 244 254
256 257 258
257 256 259
258 260 256
260 258 261
261 262 260
262 261 263
264 257 259
257 264 265
266 265 264
265 266 267
268 267 266
267 268 269
270 262 263
262 270 271
272 271 270
271 272 273
272 274 273
274 272 275
276 274 275
274 276 277
276 278 277
278 276 279
268 279 269
279 268 278
280 281 282
281 280 283
282 284 280
284 282 285
285 286 284
286 285 287
288 281 283
281 288 289
290 289 288
289 290 291
292 291 290
291 292 293
294 286 287
286 294 295
296 295 294
295 296 297
298 297 296
297 298 299
298 300 299
300 298 301
301 302 300
302 301 303
292 303 293
303 292 302
304 305 306
305 304 307
306 308 304
308 306 309
310 307 304
307 310 311
312 304 308
304 312 310
313 311 310
311 313 314
314 313 315
315 313 316
316 313 317
317 310 312
310 317 313
318 305 307
305 318 319
320 319 318
319 320 321
307 322 318
322 307 311
318 323 320
323 318 322
311 324 322
324 311 314
325 324 314
325 326 324
326 327 324
322 327 323
327 322 324
328 317 312
312 329 328
330 328 329
329 331 330
331 329 332
308 332 329
329 312 308
332 308 309
328 330 333
333 334 328
334 333 335
336 334 335
336 337 334
337 317 334
317 328 334
331 338 330
338 331 339
339 320 338
320 339 321
340 330 338
330 340 333
323 338 320
338 323 340
341 333 340
333 341 335
335 341 342
342 341 343
343 341 327
327 340 323
340 327 341
343 327 344
326 344 327
337 345 317
316 317 345
346 335 342
346 336 335
347 348 349
348 347 350
349 351 347
351 349 352
353 348 350
348 353 354
355 354 353
354 355 356
357 351 352
351 357 358
359 358 357
358 359 360
359 361 360
361 359 362
355 362 356
362 355 361
363 364 365
364 363 366
365 367 363
367 365 368
368 369 367
369 368 370
371 364 366
364 371 372
373 372 371
372 373 374
375 374 373
374 375 376
377 369 370
369 377 378
379 378 377
378 379 380
381 380 379
380 381 382
381 383 382
383 381 384
384 385 383
385 384 386
375 386 376
386 375 385
387 388 389
387 390 388
387 391 390
391 392 390
391 393 392
393 394 392
395 394 393
396 395 393
396 397 395
398 397 396
398 399 397
398 400 399
398 401 400
401 402 400
387 389 403
403 389 404
403 404 405
401 405 402
404 406 405
405 406 402
407 408 409
408 407 410
409 411 407
411 409 412
412 413 411
413 412 414
415 408 410
408 415 416
417 416 415
416 417 418
419 418 417
418 419 420
421 413 414
413 421 422
423 422 421
422 423 424
425 424 423
424 425 426
425 427 426
427 425 428
428 429 427
429 428 430
419 430 420
430 419 429
431 432 433
432 431 434
433 435 431
435 433 436
436 437 435
437 436 438
439 432 434
432 439 440
441 440 439
440 441 442
443 442 441
442 443 444
445 437 438
437 445 446
447 446 445
446 447 448
449 448 447
448 449 450
449 451 450
451 449 452
452 453 451
453 452 454
443 454 444
454 443 453
455 456 457
457 456 458
458 456 459
455 460 456
460 461 456
461 462 456
463 459 456
464 463 456
465 464 456
465 456 466
466 456 467
467 456 462
468 325 314
468 314 315
469 470 471
470 469 472
471 473 469
473 471 474
474 475 473
475 474 476
477 470 472
470 477 478
479 478 477
478 479 480
481 480 479
480 481 482
483 475 476
475 483 484
485 484 483
484 485 486
487 486 485
486 487 488
487 489 488
489 487 490
490 491 489
491 490 492
481 492 482
492 481 491
493 494 495
493 495 496
496 495 497
496 497 498
497 499 498
493 500 494
493 501 500
501 502 500
501 503 502
502 503 504
505 498 499
506 498 505
506 505 507
508 506 507
508 507 509
508 509 510
511 504 503
512 510 511
512 511 503
508 510 512
513 514 515
514 513 516
513 515 517
518 517 515
517 518 519
520 514 516
514 520 521
520 522 521
522 523 521
523 522 524
518 525 519
525 518 526
527 525 526
528 527 526
527 528 529
528 530 529
530 528 531
530 531 532
523 532 531
532 523 524
533 534 535
534 533 536
535 537 533
537 535 538
539 534 536
534 539 540
541 540 539
540 541 542
543 537 538
537 543 544
545 544 543
544 545 546
545 547 546
547 545 548
541 548 542
548 541 547
549 550 551
550 549 552
551 553 549
553 551 554
555 550 552
550 555 556
557 556 555
556 557 558
559 553 554
553 559 560
561 560 559
560 561 562
561 563 562
563 561 564
557 564 558
564 557 563
565 566 567
566 565 568
567 569 565
569 567 570
571 566 568
566 571 572
573 572 571
572 573 574
575 569 570
569 575 576
577 576 575
576 577 578
577 579 578
579 577 580
573 580 574
580 573 579
581 582 583
582 581 584
583 585 581
585 583 586
587 582 584
582 587 588
589 588 587
588 589 590
591 585 586
585 591 592
593 592 591
592 593 594
593 595 594
595 593 596
589 596 590
596 589 595
597 598 599
598 597 600
599 601 597
601 599 602
603 598 600
598 603 604
605 604 603
604 605 606
607 601 602
601 607 608
609 608 607
608 609 610
609 611 610
611 609 612
605 612 606
612 605 611
613 614 615
614 613 616
615 617 613
617 615 618
619 614 616
614 619 620
621 620 619
620 621 622
623 617 618
617 623 624
625 624 623
624 625 626
625 627 626
627 625 628
621 628 622
628 621 627
629 630 631
630 629 632
631 633 629
633 631 634
635 630 632
630 635 636
637 636 635
636 637 638
639 633 634
633 639 640
641 640 639
640 641 642
641 643 642
643 641 644
637 644 638
644 637 643
645 646 647
646 645 648
647 649 645
649 647 650
651 646 648
646 651 652
653 652 651
652 653 654
655 649 650
649 655 656
657 656 655
656 657 658
657 659 658
659 657 660
653 660 654
660 653 659
661 662 663
662 661 664
663 665 661
665 663 666
667 662 664
662 667 668
669 668 667
668 669 670
671 665 666
665 671 672
673 672 671
672 673 674
673 675 674
675 673 676
669 676 670
676 669 675
677 678 679
678 677 680
679 681 677
681 679 682
683 678 680
678 683 684
685 684 683
684 685 686
687 681 682
681 687 688
689 688 687
688 689 690
689 691 690
691 689 692
685 692 686
692 685 691
693 694 695
694 693 696
696 693 697
697 698 696
698 697 699
694 700 695
700 694 701
701 702 700
703 702 701
702 703 704
705 698 699
698 705 706
706 705 707
707 708 706
708 707 709
710 708 709
708 710 711
711 710 712
703 712 704
712 703 711
713 714 715
714 713 716
715 717 713
717 715 718
718 719 717
719 718 720
721 714 716
714 721 722
723 722 721
722 723 724
725 724 723
724 725 726
727 719 720
719 727 728
729 728 727
728 729 730
731 730 729
730 731 732
731 733 732
733 731 734
734 735 733
735 734 736
725 736 726
736 725 735
737 738 739
738 737 740
740 741 738
741 740 742
743 737 739
737 743 744
745 744 743
744 745 746
747 741 742
741 747 748
749 748 747
748 749 750
749 751 750
751 749 752
752 745 751
745 752 746
753 754 755
754 753 756
757 754 756
754 757 758
759 755 754
755 759 760
761 760 759
760 761 762
759 763 761
763 759 764
754 764 759
764 754 758
765 762 761
763 765 761
762 765 766
765 763 767
768 753 755
753 768 769
768 770 769
770 768 771
772 760 762
760 772 773
774 773 772
773 774 775
775 768 773
768 775 771
776 762 766
762 776 772
776 774 772
774 776 777
755 773 768
773 755 760
778 770 771
775 778 771
770 778 779
778 780 779
780 778 781
782 780 781
780 782 783
782 757 783
757 782 758
781 784 782
784 781 785
785 786 784
786 785 787
763 784 786
784 763 764
764 782 784
782 764 758
787 788 786
788 763 786
788 787 789
763 788 767
785 790 787
790 785 791
781 791 785
791 774 790
774 791 775
787 792 789
792 787 790
774 792 790
792 774 777
778 775 791
791 781 778
793 794 795
794 793 796
794 797 795
797 794 798
793 799 796
799 793 800
801 799 800
799 801 802
803 797 798
797 803 804
803 805 804
805 803 806
807 805 806
801 807 802
805 807 808
807 801 808
809 810 811
810 809 812
812 813 810
814 813 812
813 814 815
816 809 811
809 816 817
817 816 818
818 819 817
819 818 820
814 821 815
821 814 822
822 823 821
824 823 822
823 824 825
824 826 825
826 824 827
827 828 826
828 819 820
819 828 827
829 830 831
830 829 832
833 831 830
833 834 831
834 833 835
829 836 832
836 829 837
838 836 837
839 838 837
838 839 840
841 834 835
834 841 842
841 843 842
843 844 842
844 843 845
846 844 845
844 846 847
848 847 846
848 839 847
839 848 840
849 850 851
850 849 852
850 853 851
853 850 854
849 855 852
855 849 856
857 855 856
855 857 858
859 853 854
853 859 860
859 861 860
861 859 862
863 861 862
857 863 858
861 863 864
863 857 864
865 866 867
867 866 868
868 866 869
869 866 870
871 866 865
872 866 871
870 866 873
873 866 872
874 875 876
875 874 877
878 875 877
875 878 879
875 880 876
880 875 881
879 881 875
881 882 880
882 881 883
884 883 881
881 879 884
883 884 885
886 887 888
887 886 889
886 890 889
890 886 891
892 886 888
886 892 893
886 894 891
894 886 893
895 896 897
896 895 898
899 897 896
897 899 900
900 901 897
901 900 902
900 903 902
903 900 904
905 900 899
900 905 904
906 897 901
897 906 895
907 908 909
909 910 907
910 911 907
911 912 907
913 907 912
913 908 907
911 914 912
915 914 911
914 915 916
911 917 915
917 911 918
910 918 911
919 920 921
920 919 922
923 920 922
920 923 924
920 925 921
925 920 926
920 927 926
927 920 924
928 929 930
929 928 931
931 928 932
932 928 933
934 933 928
934 928 930
932 933 935
935 936 932
936 935 937
938 932 936
932 938 939
931 932 939
940 941 942
942 943 940
943 942 944
944 945 943
945 944 946
947 948 949
949 950 947
950 949 951
951 952 950
952 951 953
954 955 956
955 954 957
958 957 954
957 958 959
958 960 959
961 962 963
962 961 964
961 965 964
965 961 966
967 968 969
968 967 970
971 969 968
969 971 972
971 973 972
974 975 976
975 974 977
975 978 976
978 975 979
980 981 982
981 980 983
984 981 983
981 984 985
981 986 982
986 981 987
985 987 981
987 988 986
988 987 989
990 989 987
987 985 990
989 990 991
992 993 994
993 992 995
992 996 995
996 992 997
998 992 994
992 998 999
992 1000 997
1000 992 999
1001 1002 1003
1002 1001 1004
1005 1003 1002
1003 1005 1006
1006 1007 1003
1007 1006 1008
1006 1009 1008
1009 1006 1010
1011 1006 1005
1006 1011 1010
1012 1003 1007
1003 1012 1001
1013 1014 1015
1015 1016 1013
1016 1017 1013
1017 1018 1013
1019 1013 1018
1019 1014 1013
1017 1020 1018
1021 1020 1017
1020 1021 1022
1017 1023 1021
1023 1017 1024
1016 1024 1017
1025 1026 1027
1026 1025 1028
1029 1026 1028
1026 1029 1030
1026 1031 1027
1031 1026 1032
1026 1033 1032
1033 1026 1030
1034 1035 1036
1035 1034 1037
1037 1034 1038
1038 1034 1039
1040 1039 1034
1040 1034 1036
1038 1039 1041
1041 1042 1038
1042 1041 1043
1044 1038 1042
1038 1044 1045
1037 1038 1045
1046 1047 1048
1048 1049 1046
1049 1048 1050
1050 1051 1049
1051 1050 1052
1053 1054 1055
1055 1056 1053
1056 1055 1057
1057 1058 1056
1058 1057 1059
1060 1061 1062
1061 1060 1063
1064 1063 1060
1063 1064 1065
1064 1066 1065
1067 1068 1069
1068 1067 1070
1067 1071 1070
1071 1067 1072
1073 1074 1075
1074 1073 1076
1077 1075 1074
1075 1077 1078
1077 1079 1078
1080 1081 1082
1081 1080 1083
1081 1084 1082
1084 1081 1085
1086 1087 1088
1087 1086 1089
1090 1087 1089
1087 1090 1091
1087 1092 1088
1092 1087 1093
1091 1093 1087
1093 1094 1092
1094 1093 1095
1096 1095 1093
1093 1091 1096
1095 1096 1097
1098 1099 1100
1099 1098 1101
1098 1102 1101
1102 1098 1103
1104 1098 1100
1098 1104 1105
1098 1106 1103
1106 1098 1105
1107 1108 1109
1108 1107 1110
1111 1109 1108
1109 1111 1112
1112 1113 1109
1113 1112 1114
1112 1115 1114
1115 1112 1116
1117 1112 1111
1112 1117 1116
1118 1109 1113
1109 1118 1107
1119 1120 1121
1121 1122 1119
1122 1123 1119
1123 1124 1119
1125 1119 1124
1125 1120 1119
1123 1126 1124
1127 1126 1123
1126 1127 1128
1123 1129 1127
1129 1123 1130
1122 1130 1123
1131 1132 1133
1132 1131 1134
1135 1132 1134
1132 1135 1136
1132 1137 1133
1137 1132 1138
1132 1139 1138
1139 1132 1136
1140 1141 1142
1141 1140 1143
1143 1140 1144
1144 1140 1145
1146 1145 1140
1146 1140 1142
1144 1145 1147
1147 1148 1144
1148 1147 1149
1150 1144 1148
1144 1150 1151
1143 1144 1151
1152 1153 1154
1154 1155 1152
1155 1154 1156
1156 1157 1155
1157 1156 1158
1159 1160 1161
1161 1162 1159
1162 1161 1163
1163 1164 1162
1164 1163 1165
1166 1167 1168
1167 1166 1169
1170 1169 1166
1169 1170 1171
1170 1172 1171
1173 1174 1175
1174 1173 1176
1173 1177 1176
1177 1173 1178
1179 1180 1181
1180 1179 1182
1183 1181 1180
1181 1183 1184
1183 1185 1184
1186 1187 1188
1187 1186 1189
1187 1190 1188
1190 1187 1191
1192 1193 1194
1193 1192 1195
1196 1193 1195
1193 1196 1197
1193 1198 1194
1198 1193 1199
1197 1199 1193
1199 1200 1198
1200 1199 1201
1202 1201 1199
1199 1197 1202
1201 1202 1203
1204 1205 1206
1205 1204 1207
1204 1208 1207
1208 1204 1209
1210 1204 1206
1204 1210 1211
1204 1212 1209
1212 1204 1211
1213 1214 1215
1214 1213 1216
1217 1215 1214
1215 1217 1218
1218 1219 1215
1219 1218 1220
1218 1221 1220
1221 1218 1222
1223 1218 1217
1218 1223 1222
1224 1215 1219
1215 1224 1213
1225 1226 1227
1227 1228 1225
1228 1229 1225
1229 1230 1225
1231 1225 1230
1231 1226 1225
1229 1232 1230
1233 1232 1229
1232 1233 1234
1229 1235 1233
1235 1229 1236
1228 1236 1229
1237 1238 1239
1238 1237 1240
1241 1238 1240
1238 1241 1242
1238 1243 1239
1243 1238 1244
1238 1245 1244
1245 1238 1242
1246 1247 1248
1247 1246 1249
1249 1246 1250
1250 1246 1251
1252 1251 1246
1252 1246 1248
1250 1251 1253
1253 1254 1250
1254 1253 1255
1256 1250 1254
1250 1256 1257
1249 1250 1257
1258 1259 1260
1260 1261 1258
1261 1260 1262
1262 1263 1261
1263 1262 1264
1265 1266 1267
1267 1268 1265
1268 1267 1269
1269 1270 1268
1270 1269 1271
1272 1273 1274
1273 1272 1275
1276 1275 1272
1275 1276 1277
1276 1278 1277
1279 1280 1281
1280 1279 1282
1279 1283 1282
1283 1279 1284
1285 1286 1287
1286 1285 1288
1289 1287 1286
1287 1289 1290
1289 1291 1290
1292 1293 1294
1293 1292 1295
1293 1296 1294
1296 1293 1297
1298 1299 1300
1299 1298 1301
1302 1299 1301
1299 1302 1303
1299 1304 1300
1304 1299 1305
1303 1305 1299
1305 1306 1304
1306 1305 1307
1308 1307 1305
1305 1303 1308
1307 1308 1309
1310 1311 1312
1311 1310 1313
1310 1314 1313
1314 1310 1315
1316 1310 1312
1310 1316 1317
1310 1318 1315
1318 1310 1317
1319 1320 1321
1320 1319 1322
1323 1321 1320
1321 1323 1324
1324 1325 1321
1325 1324 1326
1324 1327 1326
1327 1324 1328
1329 1324 1323
1324 1329 1328
1330 1321 1325
1321 1330 1319
1331 1332 1333
1333 1334 1331
1334 1335 1331
1335 1336 1331
1337 1331 1336
1337 1332 1331
1335 1338 1336
1339 1338 1335
1338 1339 1340
1335 1341 1339
1341 1335 1342
1334 1342 1335
1343 1344 1345
1344 1343 1346
1347 1344 1346
1344 1347 1348
1344 1349 1345
1349 1344 1350
1344 1351 1350
1351 1344 1348
1352 1353 1354
1353 1352 1355
1355 1352 1356
1356 1352 1357
1358 1357 1352
1358 1352 1354
1356 1357 1359
1359 1360 1356
1360 1359 1361
1362 1356 1360
1356 1362 1363
1355 1356 1363
1364 1365 1366
1366 1367 1364
1367 1366 1368
1368 1369 1367
1369 1368 1370
1371 1372 1373
1373 1374 1371
1374 1373 1375
1375 1376 1374
1376 1375 1377
1378 1379 1380
1379 1378 1381
1382 1381 1378
1381 1382 1383
1382 1384 1383
1385 1386 1387
1386 1385 1388
1385 1389 1388
1389 1385 1390
1391 1392 1393
1392 1391 1394
1395 1393 1392
1393 1395 1396
1395 1397 1396
1398 1399 1400
1399 1398 1401
1399 1402 1400
1402 1399 1403
1404 1405 1406
1404 1407 1405
1407 1404 1408
1408 1409 1407
1404 1410 1408
1410 1404 1411
1412 1411 1404
1404 1406 1412
1407 1413 1405
1406 1405 1413
1413 1407 1414
1413 1414 1415
1414 1416 1415
1416 1414 1417
1417 1418 1416
1418 1417 1419
1420 1408 1410
1408 1420 1421
1408 1421 1409
1422 1421 1420
1421 1422 1423
1423 1409 1421
1409 1423 1424
1424 1425 1409
1425 1424 1426
1427 1425 1426
1425 1427 1428
1428 1419 1417
1419 1428 1427
1414 1428 1417
1407 1425 1428
1409 1425 1407
1414 1407 1428
1429 1430 1431
1413 1429 1431
1406 1413 1431
1429 1413 1415
1432 1433 1434
1432 1434 1435
1436 1432 1435
1435 1437 1436
1437 1435 1438
1439 1437 1438
1437 1439 1440
1441 1437 1440
1437 1441 1442
1443 1437 1442
1437 1443 1436
1432 1436 1444
1436 1445 1444
1445 1436 1443
1446 1445 1443
1445 1446 1447
1447 1446 1448
1449 1446 1443
1446 1449 1450
1448 1446 1450
1448 1450 1451
1450 1452 1451
1452 1453 1451
1453 1452 1454
1452 1455 1454
1455 1452 1456
1456 1452 1450
1457 1456 1450
1449 1457 1450
1449 1458 1457
1458 1449 1459
1458 1460 1457
1460 1458 1461
1462 1461 1458
1458 1459 1462
1463 1457 1460
1457 1463 1464
1457 1464 1456
1465 1464 1463
1464 1465 1466
1466 1456 1464
1456 1466 1455
1467 1451 1453
1451 1467 1468
1469 1468 1467
1468 1469 1470
1470 1448 1468
1448 1451 1468
1448 1470 1471
1447 1448 1471
1459 1449 1443
1472 1473 1474
1475 1473 1472
1472 1474 1476
1477 1472 1476
1476 1478 1477
1478 1476 1479
1474 1479 1476
1472 1477 1480
1480 1481 1472
1475 1472 1481
1481 1480 1482
1483 1481 1482
1481 1483 1484
1481 1484 1475
1475 1484 1435
1479 1474 1485
1486 1485 1474
1474 1473 1486
1485 1486 1487
1486 1488 1487
1488 1486 1489
1473 1489 1486
1489 1490 1488
1490 1489 1491
1491 1492 1490
1492 1491 1493
1494 1493 1491
1494 1491 1489
1494 1489 1473
1493 1494 1495
1494 1473 1434
1433 1495 1494
1433 1494 1434
1473 1475 1434
1434 1475 1435
1496 1497 1498
1498 1499 1496
1496 1500 1497
1496 1501 1500
1496 1502 1501
1502 1503 1501
1503 1500 1501
1503 1504 1500
1504 1503 1505
1503 1506 1505
1506 1503 1507
1503 1502 1507
1507 1502 1508
1502 1496 1509
1499 1509 1496
1510 1509 1499
1509 1510 1511
1512 1511 1510
1511 1512 1513
1507 1514 1506
1514 1507 1515
1507 1508 1515
1515 1516 1514
1516 1515 1517
1508 1517 1515
1517 1508 1518
1519 1518 1508
1518 1519 1520
1519 1521 1520
1521 1519 1522
1522 1513 1521
1513 1522 1511
1509 1511 1522
1502 1522 1519
1508 1502 1519
1509 1522 1502
1523 1524 1525
1524 1523 1526
1525 1527 1523
1527 1525 1528
1528 1529 1527
1529 1528 1530
1530 1531 1529
1532 1533 1534
1534 1535 1532
1535 1534 1536
1536 1537 1535
1537 1536 1538
1538 1539 1537
1539 1538 1540
1541 1542 1543
1544 1541 1543
1541 1544 1545
1546 1545 1544
1545 1546 1547
1548 1547 1546
1547 1548 1549
1550 1551 1552
1551 1550 1553
1554 1553 1550
1553 1554 1555
1556 1555 1554
1555 1556 1557
1556 1558 1557
1559 1560 1561
1560 1559 1562
1559 1563 1562
1563 1559 1564
1565 1559 1561
1559 1565 1566
1567 1566 1565
1566 1567 1568
1569 1566 1568
1566 1569 1570
1570 1559 1566
1559 1570 1564
1571 1572 1573
1572 1571 1574
1572 1575 1573
1575 1572 1576
1577 1578 1579
1578 1577 1580
1581 1577 1579
1577 1581 1582
1497 1583 1498
1584 1585 1586
1587 1586 1585
1588 1587 1585
1589 1587 1588
1589 1588 1590
1591 1589 1590
1590 1592 1591
1593 1592 1590
1593 1594 1592
1595 1594 1593
1594 1595 1596
1595 1597 1596
1594 1596 1598
1599 1597 1595
1600 1599 1595
1599 1600 1601
1600 1602 1601
1603 1599 1601
1599 1603 1604
1605 1602 1600
1600 1606 1605
1606 1600 1607
1607 1608 1606
1606 1609 1605
1609 1606 1610
1611 1608 1607
1607 1612 1611
1612 1607 1593
1613 1612 1593
1590 1613 1593
1614 1613 1590
1590 1615 1614
1590 1588 1615
1588 1616 1615
1616 1588 1617
1618 1616 1617
1618 1617 1619
1611 1612 1620
1621 1611 1620
1622 1623 1624
1625 1626 1627
1628 1625 1627
1625 1628 1629
1630 1629 1628
1631 1629 1630
1630 1632 1631
1633 1631 1632
1634 1629 1631
1631 1635 1634
1635 1631 1636
1637 1629 1634
1637 1638 1629
1638 1637 1639
1639 1640 1638
1641 1631 1633
1641 1636 1631
1642 1641 1633
1643 1641 1642
1641 1643 1644
1641 1645 1636
1641 1646 1645
1646 1641 1647
1648 1645 1646
1641 1644 1649
1650 1647 1641
1651 1641 1649
1651 1652 1641
1653 1651 1649
1652 1654 1641
1654 1650 1641
1643 1642 1655
1643 1655 1656
1648 1646 1657
1658 1653 1649
1654 1659 1650
1659 1660 1650
1661 1662 1663
1662 1661 1664
1665 1662 1664
1662 1665 1666
1665 1667 1666
1667 1665 1668
1669 1667 1668
1667 1669 1670
1669 1671 1670
1671 1669 1672
1672 1673 1671
1673 1672 1674
1675 1673 1674
1673 1675 1676
1677 1678 1679
1678 1677 1680
1677 1681 1680
1681 1677 1682
1683 1684 1685
1684 1683 1686
1687 1688 1689
1688 1687 1690
1691 1692 1693
1692 1691 1694
1695 1696 1697
1698 1699 1700
1699 1698 1701
1702 1703 1704
1703 1702 1705
1706 1707 1708
1707 1706 1709
1710 1711 1712
1711 1710 1713
1714 1715 1716
1715 1714 1717
1718 1719 1720
1721 1722 1723
1722 1721 1724
1725 1726 1727
1726 1725 1728
1729 1730 1731
1730 1729 1732
1733 1734 1735
1734 1733 1736
1737 1738 1739
1738 1737 1740
1741 1742 1743
1744 1745 1746
1745 1744 1747
1745 1748 1746
1748 1745 1749
1750 1748 1749
1748 1750 1751
1750 1752 1751
1752 1750 1753
1754 1752 1753
1752 1754 1755
1756 1755 1754
1755 1756 1757
1756 1758 1757
1758 1756 1759
1760 1761 1762
1761 1760 1763
1764 1761 1763
1761 1764 1765
1766 1767 1768
1767 1766 1769
1770 1771 1772
1771 1770 1773
1774 1775 1776
1775 1774 1777
1596 1778 1598
1779 1780 1781
1782 1783 1784
1785 1786 1787
1788 1789 1790
1791 1792 1793
1794 1795 1796
1797 1798 1799
1800 1801 1802
1803 1804 1805
1806 1807 1808
1809 1810 1811
1812 1813 1814
1815 1816 1817
1818 1819 1820
1821 1822 1823
1824 1825 1826
1827 1828 1829
1830 1831 1832
1833 1834 1835
1836 1837 1838
1839 1840 1841
1842 1843 1844
1845 1846 1847
1848 1849 1850
1851 1852 1853
1854 1855 1856
1857 1858 1859
1860 1861 1862
1863 1864 1865
1866 1867 1868
1869 1870 1871
1872 1873 1874
1875 1876 1877
1876 1875 1878
1879 1877 1876
1879 1876 1880
1876 1878 1880
1877 1879 1881
1880 1882 1879
1882 1883 1879
1883 1881 1879
1881 1883 1884
1885 1884 1883
1884 1885 1886
1887 1883 1882
1887 1885 1883
1878 1888 1880
1880 1888 1889
1890 1880 1889
1880 1890 1891
1891 1890 1892
1893 1892 1890
1892 1893 1894
1888 1895 1889
1895 1888 1896
1890 1889 1897
1893 1890 1897
1889 1895 1897
1898 1892 1894
1892 1898 1899
1900 1899 1898
1899 1900 1901
1901 1902 1899
1899 1902 1892
1902 1891 1892
1901 1903 1902
1878 1896 1888
1896 1878 1875
1901 1904 1903
1901 1905 1904
1900 1905 1901
1905 1900 1906
1906 1907 1905
1905 1907 1904
1907 1906 1908
1909 1907 1908
1907 1909 1910
1911 1907 1910
1904 1907 1911
1910 1912 1911
1912 1910 1913
1912 1913 1914
1915 1914 1913
1914 1915 1916
1910 1917 1913
1909 1917 1910
1913 1917 1915
1918 1912 1914
1916 1918 1914
1919 1912 1918
1920 1919 1918
1918 1916 1920
1919 1920 1921
1922 1912 1919
1921 1922 1919
1922 1921 1923
1912 1922 1924
1924 1922 1925
1923 1925 1922
1925 1923 1926
1926 1927 1925
1927 1926 1928
1929 1924 1925
1929 1925 1927
1930 1927 1928
1927 1930 1931
1929 1927 1931
1932 1931 1930
1931 1932 1933
1934 1933 1932
1933 1934 1935
1936 1935 1934
1935 1936 1937
1933 1935 1938
1935 1937 1938
1938 1939 1933
1939 1931 1933
1929 1931 1939
1937 1940 1938
1938 1940 1941
1942 1938 1941
1938 1942 1943
1943 1942 1944
1945 1944 1942
1944 1945 1946
1940 1947 1941
1947 1940 1948
1937 1948 1940
1948 1937 1936
1942 1941 1949
1945 1942 1949
1941 1947 1949
1950 1944 1946
1944 1950 1951
1952 1951 1950
1951 1952 1953
1952 1954 1953
1953 1954 1955
1953 1955 1956
1954 1952 1957
1957 1958 1954
1954 1958 1955
1958 1957 1959
1960 1958 1959
1958 1960 1961
1962 1958 1961
1955 1958 1962
1961 1963 1962
1963 1961 1964
1963 1964 1965
1966 1965 1964
1965 1966 1967
1961 1968 1964
1960 1968 1961
1964 1968 1966
1969 1963 1965
1967 1969 1965
1970 1963 1969
1971 1970 1969
1969 1967 1971
1970 1971 1972
1973 1963 1970
1972 1973 1970
1973 1972 1974
1963 1973 1975
1975 1973 1976
1974 1976 1973
1976 1974 1977
1977 1978 1976
1978 1977 1979
1980 1978 1979
1978 1980 1981
1982 1981 1980
1981 1982 1983
1984 1983 1982
1983 1984 1985
1986 1985 1984
1985 1986 1987
1983 1985 1988
1985 1987 1988
1988 1989 1983
1989 1981 1983
1990 1981 1989
1990 1978 1981
1990 1975 1976
1990 1976 1978
1987 1991 1988
1988 1991 1992
1993 1988 1992
1988 1993 1994
1994 1993 1995
1996 1995 1993
1995 1996 1997
1991 1998 1992
1998 1991 1999
1987 1999 1991
1999 1987 1986
1993 1992 2000
1996 1993 2000
1992 1998 2000
2001 1995 1997
1995 2001 2002
2003 2002 2001
2002 2003 2004
2004 2005 2002
2002 2005 1995
2005 1994 1995
2004 2006 2005
2004 2007 2006
2004 2008 2007
2003 2008 2004
2008 2003 2009
2009 2010 2008
2008 2010 2007
2010 2009 2011
2012 2010 2011
2010 2012 2013
2014 2010 2013
2007 2010 2014
2013 2015 2014
2015 2013 2016
2015 2016 2017
2018 2017 2016
2017 2018 2019
2013 2020 2016
2012 2020 2013
2016 2020 2018
2021 2015 2017
2019 2021 2017
2022 2015 2021
2023 2022 2021
2021 2019 2023
2022 2023 2024
2025 2015 2022
2024 2025 2022
2025 2024 2026
2015 2025 2027
2027 2025 2028
2026 2028 2025
2028 2026 2029
2029 2030 2028
2030 2029 2031
2032 2027 2028
2032 2028 2030
2033 2030 2031
2030 2033 2034
2032 2030 2034
2035 2034 2033
2034 2035 2036
2037 2036 2035
2036 2037 2038
2039 2038 2037
2038 2039 2040
2036 2038 2041
2038 2040 2041
2041 2042 2036
2042 2034 2036
2032 2034 2042
2040 2043 2041
2041 2043 2044
2045 2041 2044
2041 2045 2046
2046 2045 2047
2048 2047 2045
2047 2048 2049
2043 2050 2044
2050 2043 2051
2040 2051 2043
2051 2040 2039
2045 2044 2052
2048 2045 2052
2044 2050 2052
2053 2047 2049
2047 2053 2054
2055 2054 2053
2054 2055 2056
2055 2057 2056
2056 2057 2058
2056 2058 2059
2057 2055 2060
2060 2061 2057
2057 2061 2058
2061 2060 2062
2063 2061 2062
2061 2063 2064
2065 2061 2064
2058 2061 2065
2064 2066 2065
2066 2064 2067
2066 2067 2068
2069 2068 2067
2068 2069 2070
2064 2071 2067
2063 2071 2064
2067 2071 2069
2072 2066 2068
2070 2072 2068
2073 2066 2072
2074 2073 2072
2072 2070 2074
2073 2074 2075
2076 2066 2073
2075 2076 2073
2076 2075 2077
2066 2076 2078
2078 2076 2079
2077 2079 2076
2079 2077 2080
2080 2081 2079
2081 2080 2082
2083 2081 2082
2081 2083 2084
2085 2084 2083
2084 2085 2086
2087 2086 2085
2086 2087 2088
2089 2088 2087
2088 2089 2090
2086 2088 2091
2088 2090 2091
2091 2092 2086
2092 2084 2086
2093 2084 2092
2093 2081 2084
2093 2078 2079
2093 2079 2081
2090 2094 2091
2091 2094 2095
2096 2091 2095
2091 2096 2097
2097 2096 2098
2099 2098 2096
2098 2099 2100
2094 2101 2095
2101 2094 2102
2090 2102 2094
2102 2090 2089
2096 2095 2103
2099 2096 2103
2095 2101 2103
2104 2098 2100
2098 2104 2105
2106 2105 2104
2105 2106 2107
2106 2108 2107
2107 2108 2109
2107 2109 2110
2108 2106 2111
2111 2112 2108
2108 2112 2109
2112 2111 2113
2114 2112 2113
2112 2114 2115
2116 2112 2115
2109 2112 2116
2115 2117 2116
2117 2115 2118
2117 2118 2119
2120 2119 2118
2119 2120 2121
2115 2122 2118
2114 2122 2115
2118 2122 2120
2123 2117 2119
2121 2123 2119
2124 2117 2123
2125 2124 2123
2123 2121 2125
2124 2125 2126
2127 2117 2124
2126 2127 2124
2127 2126 2128
2117 2127 2129
2129 2127 2130
2128 2130 2127
2130 2128 2131
2131 2132 2130
2132 2131 2133
2134 2129 2130
2134 2130 2132
2135 2132 2133
2132 2135 2136
2134 2132 2136
2137 2136 2135
2136 2137 2138
2139 2138 2137
2138 2139 2140
2141 2140 2139
2140 2141 2142
2138 2140 2143
2140 2142 2143
2143 2144 2138
2144 2136 2138
2134 2136 2144
2142 2145 2143
2143 2145 2146
2147 2143 2146
2143 2147 2148
2148 2147 2149
2150 2149 2147
2149 2150 2151
2145 2152 2146
2152 2145 2153
2142 2153 2145
2153 2142 2141
2147 2146 2154
2150 2147 2154
2146 2152 2154
2155 2149 2151
2149 2155 2156
2157 2156 2155
2156 2157 2158
2157 2159 2158
2158 2159 2160
2158 2160 2161
2159 2157 2162
2162 2163 2159
2159 2163 2160
2163 2162 2164
2165 2163 2164
2163 2165 2166
2167 2163 2166
2160 2163 2167
2166 2168 2167
2168 2166 2169
2168 2169 2170
2171 2170 2169
2170 2171 2172
2166 2173 2169
2165 2173 2166
2169 2173 2171
2174 2168 2170
2172 2174 2170
2175 2168 2174
2176 2175 2174
2174 2172 2176
2175 2176 2177
2178 2168 2175
2177 2178 2175
2178 2177 2179
2168 2178 2180
2180 2178 2181
2179 2181 2178
2181 2179 2182
2182 1885 2181
1885 2182 1886
1887 2180 2181
1887 2181 1885
2183 2184 2185
2184 2183 2186
2187 2185 2184
2185 2187 2188
2187 2189 2188
2189 2187 2190
2190 2191 2189
2191 2190 2192
2185 2193 2183
2193 2185 2194
2185 2188 2194
2188 2189 2195
2188 2195 2194
2196 2189 2191
2189 2196 2195
2194 2197 2193
2197 2194 2198
2194 2195 2198
2199 2195 2196
2195 2199 2200
2198 2195 2200
2201 2200 2199
2200 2201 2202
2203 2200 2202
2204 2202 2201
2202 2204 2205
2206 2202 2205
2203 2202 2206
2207 2206 2205
2206 2207 2208
2208 2203 2206
2209 2207 2205
2209 2205 2210
2210 2205 2204
2210 2211 2209
2211 2210 2212
2212 2213 2211
2213 2212 2214
2214 2215 2213
2215 2214 2216
2215 2216 2217
2216 2218 2217
2203 2208 2219
2214 2220 2216
2220 2214 2221
2212 2221 2214
2220 2222 2216
2216 2222 2218
2210 2223 2212
2221 2212 2223
2223 2210 2224
2224 2210 2225
2224 2225 2226
2227 2226 2225
2226 2227 2228
2227 2225 2229
2204 2229 2225
2229 2204 2201
2201 2230 2229
2231 2229 2230
2231 2228 2227
2231 2227 2229
2230 2201 2199
2199 2232 2230
2232 2199 2196
2196 2233 2232
2234 2232 2233
2233 2235 2234
2235 2236 2234
2236 2235 2237
2237 2238 2236
2238 2237 2239
2235 2233 2240
2191 2240 2233
2233 2196 2191
2240 2191 2192
2241 2236 2238
2236 2241 2242
2236 2242 2234
2234 2242 2232
2243 2242 2241
2242 2243 2244
2242 2244 2232
2192 2245 2240
2245 2192 2246
2192 2247 2246
2247 2192 2190
2247 2190 2248
2187 2248 2190
2248 2187 2249
2187 2250 2249
2250 2187 2184
2184 2251 2250
2251 2184 2186
2252 2244 2243
2244 2252 2253
2254 2253 2252
2253 2254 2231
2228 2231 2254
2253 2231 2230
2244 2253 2230
2244 2230 2232
2255 2251 2186
2183 2255 2186
2255 2183 2256
2256 2257 2255
2257 2256 2258
2259 2257 2258
2257 2259 2260
2261 2260 2259
2260 2261 2262
2193 2256 2183
2256 2193 2263
2256 2263 2258
2258 2264 2259
2258 2263 2264
2265 2259 2264
2259 2265 2261
2197 2263 2193
2263 2197 2266
2263 2266 2264
2264 2267 2265
2267 2264 2268
2266 2268 2264
2268 2269 2267
2269 2268 2270
2271 2270 2268
2270 2272 2269
2272 2270 2273
2274 2273 2270
2271 2274 2270
2274 2207 2273
2207 2274 2208
2271 2208 2274
2209 2273 2207
2209 2275 2273
2275 2272 2273
2211 2275 2209
2275 2211 2276
2213 2276 2211
2276 2213 2277
2215 2277 2213
2277 2215 2278
2215 2217 2278
2278 2217 2279
2208 2271 2219
2280 2277 2278
2277 2280 2281
2281 2276 2277
2280 2278 2282
2278 2279 2282
2283 2275 2276
2276 2281 2283
2275 2283 2284
2284 2285 2275
2284 2286 2285
2286 2287 2285
2287 2286 2288
2287 2289 2285
2289 2272 2285
2272 2289 2269
2290 2269 2289
2291 2290 2289
2288 2291 2287
2291 2289 2287
2269 2290 2267
2292 2267 2290
2267 2292 2265
2293 2265 2292
2294 2293 2292
2295 2293 2294
2296 2295 2294
2295 2296 2297
2298 2297 2296
2297 2298 2299
2293 2295 2300
2300 2261 2293
2265 2293 2261
2261 2300 2262
2296 2301 2298
2301 2296 2302
2296 2294 2302
2294 2292 2302
2302 2303 2301
2303 2302 2304
2302 2292 2304
2305 2262 2300
2262 2305 2306
2307 2262 2306
2262 2307 2260
2307 2308 2260
2308 2257 2260
2257 2308 2309
2310 2257 2309
2257 2310 2255
2251 2255 2310
2304 2311 2303
2311 2304 2312
2312 2313 2311
2313 2312 2291
2291 2288 2313
2312 2290 2291
2304 2290 2312
2304 2292 2290
2313 2314 2311
2314 2313 2315
2288 2315 2313
2315 2288 2316
2286 2316 2288
2316 2286 2317
2316 2317 2318
2315 2316 2318
2315 2318 2319
2314 2315 2319
2320 2319 2318
2319 2320 2321
2320 2322 2321
2323 2321 2322
2321 2323 2324
2325 2324 2323
2326 2325 2323
2327 2325 2326
2328 2327 2326
2327 2328 2329
2330 2329 2328
2329 2330 2331
2325 2327 2332
2332 2333 2325
2324 2325 2333
2333 2332 2334
2328 2335 2330
2335 2328 2336
2328 2326 2336
2326 2323 2336
2336 2337 2335
2337 2336 2338
2336 2323 2338
2339 2334 2332
2334 2339 2340
2341 2327 2329
2327 2341 2342
2339 2332 2343
2329 2344 2341
2344 2329 2331
2343 2327 2342
2327 2343 2332
2338 2345 2337
2345 2338 2346
2346 2347 2345
2347 2346 2348
2348 2349 2347
2349 2348 2350
2350 2351 2349
2351 2350 2352
2350 2353 2352
2348 2353 2350
2348 2322 2353
2346 2322 2348
2322 2320 2353
2354 2353 2320
2353 2354 2352
2355 2351 2352
2355 2352 2356
2356 2352 2354
2356 2357 2355
2357 2356 2358
2358 2359 2357
2359 2358 2360
2360 2361 2359
2361 2360 2362
2361 2362 2363
2362 2364 2363
2318 2354 2320
2354 2318 2317
2356 2354 2317
2284 2356 2317
2360 2280 2362
2280 2360 2281
2358 2281 2360
2280 2282 2362
2362 2282 2364
2283 2356 2284
2356 2283 2358
2281 2358 2283
2284 2317 2286
2361 2365 2359
2365 2361 2366
2361 2363 2366
2366 2363 2367
2368 2365 2366
2365 2368 2369
2368 2370 2369
2370 2368 2371
2372 2370 2371
2370 2372 2373
2372 2371 2374
2371 2375 2374
2373 2376 2370
2376 2369 2370
2376 2373 2377
2377 2378 2376
2378 2377 2379
2379 2380 2378
2379 2381 2380
2381 2382 2380
2382 2381 2383
2382 2384 2380
2384 2385 2380
2378 2380 2385
2385 2384 2386
2387 2386 2384
2388 2387 2384
2383 2388 2382
2388 2384 2382
2386 2387 2389
2390 2389 2387
2389 2390 2391
2392 2391 2390
2393 2392 2390
2394 2392 2393
2395 2394 2393
2394 2395 2396
2397 2396 2395
2396 2397 2398
2392 2394 2399
2399 2400 2392
2391 2392 2400
2400 2399 2401
2395 2402 2397
2402 2395 2403
2395 2393 2403
2393 2390 2403
2403 2404 2402
2404 2403 2405
2403 2390 2405
2406 2401 2399
2401 2406 2407
2408 2394 2396
2394 2408 2409
2406 2399 2410
2396 2411 2408
2411 2396 2398
2410 2394 2409
2394 2410 2399
2405 2412 2404
2412 2405 2413
2413 2414 2412
2414 2413 2388
2388 2383 2414
2413 2387 2388
2405 2387 2413
2405 2390 2387
2414 2415 2412
2415 2414 2416
2383 2416 2414
2416 2383 2417
2381 2417 2383
2417 2381 2418
2417 2418 2419
2416 2417 2419
2416 2419 2420
2415 2416 2420
2421 2420 2419
2420 2421 2422
2422 2423 2420
2423 2422 2424
2424 2425 2423
2426 2423 2425
2425 2427 2426
2427 2428 2426
2428 2427 2429
2429 2397 2428
2397 2429 2398
2427 2425 2430
2431 2430 2425
2425 2424 2431
2430 2431 2432
2402 2428 2397
2428 2402 2433
2428 2433 2426
2426 2433 2423
2404 2433 2402
2433 2404 2434
2433 2434 2423
2432 2435 2430
2435 2432 2436
2427 2437 2429
2437 2427 2438
2435 2439 2430
2411 2429 2437
2429 2411 2398
2439 2427 2430
2427 2439 2438
2412 2434 2404
2434 2412 2415
2434 2415 2420
2434 2420 2423
2432 2440 2436
2440 2432 2441
2431 2441 2432
2441 2431 2442
2442 2443 2441
2443 2442 2444
2445 2443 2444
2443 2445 2446
2238 2446 2445
2446 2238 2239
2445 2241 2238
2241 2445 2447
2445 2444 2447
2444 2442 2448
2444 2448 2447
2424 2442 2431
2442 2424 2448
2447 2243 2241
2243 2447 2449
2447 2448 2449
2422 2448 2424
2448 2422 2450
2449 2448 2450
2421 2450 2422
2450 2421 2451
2452 2450 2451
2453 2451 2421
2419 2453 2421
2453 2419 2418
2454 2453 2418
2379 2454 2418
2377 2454 2379
2454 2377 2455
2379 2418 2381
2373 2455 2377
2455 2373 2456
2372 2456 2373
2456 2372 2457
2372 2374 2457
2457 2374 2458
2451 2453 2459
2454 2459 2453
2224 2459 2454
2220 2456 2457
2456 2220 2221
2221 2455 2456
2220 2457 2222
2457 2458 2222
2454 2223 2224
2455 2221 2223
2223 2454 2455
2224 2226 2459
2226 2460 2459
2460 2226 2228
2460 2451 2459
2228 2452 2460
2452 2451 2460
2452 2228 2254
2254 2461 2452
2461 2254 2252
2461 2450 2452
2252 2449 2461
2449 2450 2461
2449 2252 2243
2219 2462 2203
2462 2219 2463
2462 2200 2203
2463 2198 2462
2198 2200 2462
2198 2463 2197
2219 2464 2463
2464 2219 2271
2464 2271 2268
2266 2463 2464
2463 2266 2197
2266 2464 2268
2465 2235 2466
2235 2465 2237
2467 2237 2465
2237 2467 2239
2235 2468 2466
2468 2235 2240
2245 2468 2240
2467 2446 2239
2446 2467 2469
2469 2443 2446
2443 2469 2470
2471 2443 2470
2443 2471 2441
2440 2441 2471
2210 2204 2225
2158 2472 2156
2158 2161 2472
2156 2472 2149
2472 2148 2149
2473 2295 2297
2295 2473 2474
2297 2475 2473
2475 2297 2299
2476 2295 2474
2295 2476 2300
2305 2300 2476
2477 2475 2299
2298 2477 2299
2477 2298 2478
2478 2479 2477
2479 2478 2480
2481 2479 2480
2479 2481 2482
2333 2482 2481
2482 2333 2334
2301 2478 2298
2478 2301 2483
2478 2483 2480
2480 2484 2481
2480 2483 2484
2324 2481 2484
2481 2324 2333
2303 2483 2301
2483 2303 2485
2483 2485 2484
2484 2321 2324
2321 2484 2319
2485 2319 2484
2334 2486 2482
2486 2334 2340
2486 2487 2482
2487 2479 2482
2479 2487 2488
2489 2479 2488
2479 2489 2477
2475 2477 2489
2311 2485 2303
2485 2311 2314
2485 2314 2319
2275 2285 2272
2490 2491 2492
2491 2490 2493
2492 2494 2490
2494 2492 2495
2496 2494 2495
2494 2496 2497
2400 2497 2496
2497 2400 2401
2498 2492 2491
2492 2498 2499
2492 2499 2495
2495 2500 2496
2495 2499 2500
2391 2496 2500
2496 2391 2400
2501 2499 2498
2499 2501 2502
2499 2502 2500
2500 2389 2391
2389 2500 2503
2502 2503 2500
2503 2386 2389
2386 2503 2504
2505 2504 2503
2504 2385 2386
2385 2504 2506
2507 2506 2504
2505 2507 2504
2507 2508 2506
2508 2507 2509
2505 2509 2507
2510 2506 2508
2510 2378 2506
2378 2385 2506
2511 2378 2510
2378 2511 2376
2369 2376 2511
2509 2505 2512
2513 2512 2505
2513 2505 2503
2512 2513 2514
2502 2514 2513
2514 2502 2501
2502 2513 2503
2515 2512 2514
2512 2515 2516
2516 2509 2512
2517 2508 2509
2509 2516 2517
2508 2517 2518
2517 2519 2518
2516 2519 2517
2516 2520 2519
2515 2520 2516
2520 2521 2519
2521 2520 2522
2523 2521 2522
2522 2524 2523
2524 2522 2525
2525 2526 2524
2527 2524 2526
2526 2528 2527
2528 2529 2527
2529 2528 2530
2530 2330 2529
2330 2530 2331
2528 2526 2531
2532 2531 2526
2526 2525 2532
2531 2532 2533
2335 2529 2330
2529 2335 2534
2529 2534 2527
2527 2534 2524
2337 2534 2335
2534 2337 2535
2534 2535 2524
2533 2536 2531
2536 2533 2537
2528 2538 2530
2538 2528 2539
2536 2540 2531
2344 2530 2538
2530 2344 2331
2540 2528 2531
2528 2540 2539
2345 2535 2337
2535 2345 2541
2347 2541 2345
2541 2347 2542
2349 2542 2347
2542 2349 2543
2351 2543 2349
2543 2351 2544
2543 2544 2545
2542 2543 2545
2542 2545 2523
2541 2542 2523
2521 2523 2545
2546 2545 2544
2545 2546 2521
2355 2544 2351
2355 2547 2544
2547 2546 2544
2357 2547 2355
2547 2357 2548
2359 2548 2357
2548 2359 2365
2546 2519 2521
2519 2546 2518
2547 2518 2546
2510 2518 2547
2547 2511 2510
2511 2547 2548
2510 2508 2518
2548 2369 2511
2369 2548 2365
2535 2541 2523
2535 2523 2524
2401 2549 2497
2549 2401 2407
2549 2550 2497
2550 2494 2497
2494 2550 2551
2552 2494 2551
2494 2552 2490
2553 2490 2552
2490 2553 2493
2553 2554 2493
2554 2491 2493
2491 2554 2555
2556 2555 2554
2555 2556 2557
2556 2558 2557
2558 2556 2559
2559 2532 2558
2532 2559 2533
2555 2498 2491
2498 2555 2560
2555 2557 2560
2557 2558 2561
2557 2561 2560
2525 2558 2532
2558 2525 2561
2560 2501 2498
2501 2560 2562
2560 2561 2562
2522 2561 2525
2561 2522 2520
2562 2561 2520
2563 2533 2559
2533 2563 2537
2563 2559 2564
2556 2564 2559
2564 2556 2565
2556 2566 2565
2566 2556 2554
2554 2553 2566
2562 2514 2501
2514 2562 2515
2562 2520 2515
2368 2567 2371
2371 2567 2375
2368 2366 2567
2366 2367 2567
1953 2568 1951
1953 1956 2568
1951 2568 1944
2568 1943 1944
2107 2569 2105
2107 2110 2569
2105 2569 2098
2569 2097 2098
2338 2322 2346
2338 2323 2322
2056 2570 2054
2056 2059 2570
2054 2570 2047
2570 2046 2047
2571 2572 2573
2572 2571 2574
2575 2573 2572
2575 2572 2576
2572 2574 2576
2573 2575 2577
2576 2578 2575
2578 2579 2575
2579 2577 2575
2577 2579 2580
2581 2580 2579
2580 2581 2582
2583 2579 2578
2583 2581 2579
2574 2584 2576
2574 2585 2584
2585 2574 2571
2581 2586 2582
2586 2581 2587
2583 2587 2581
2587 2588 2586
2588 2587 2589
2589 2590 2588
2590 2589 2591
2591 2592 2590
2592 2591 2593
2589 2594 2591
2591 2594 2593
2594 2589 2595
2595 2589 2587
2583 2595 2587
2593 2594 2596
2597 2593 2596
2593 2597 2592
2598 2599 2600
2598 2601 2599
2600 2602 2598
2602 2600 2603
2604 2603 2600
2600 2599 2604
2603 2604 2605
2606 2605 2604
2607 2606 2604
2599 2607 2604
2608 2606 2607
2606 2608 2609
2605 2606 2610
2606 2609 2611
2610 2606 2611
2609 2612 2611
2613 2614 2615
2614 2616 2615
2616 2614 2617
2618 2619 2620
2618 2620 2621
2622 2619 2618
2619 2622 2623
2623 2624 2619
2619 2624 2620
2624 2623 2625
2625 2626 2624
2627 2624 2626
2620 2624 2627
2626 2628 2627
2628 2626 2629
2626 2625 2630
2626 2631 2629
2630 2631 2626
2629 2631 2632
2633 2634 2635
2636 2635 2634
2635 2636 2637
2638 2639 2640
2639 2638 2641
2642 2640 2639
2642 2639 2643
2639 2641 2643
2640 2642 2644
2643 2645 2642
2645 2646 2642
2646 2644 2642
2644 2646 2647
2648 2647 2646
2647 2648 2649
2650 2646 2645
2650 2648 2646
2641 2651 2643
2641 2652 2651
2652 2641 2638
2648 2653 2649
2653 2648 2654
2650 2654 2648
2654 2655 2653
2655 2654 2656
2656 2657 2655
2657 2656 2658
2658 2659 2657
2659 2658 2660
2656 2661 2658
2658 2661 2660
2661 2656 2662
2662 2656 2654
2650 2662 2654
2660 2661 2663
2664 2660 2663
2660 2664 2659
2665 2666 2667
2665 2668 2666
2667 2669 2665
2669 2667 2670
2671 2670 2667
2667 2666 2671
2670 2671 2672
2673 2672 2671
2674 2673 2671
2666 2674 2671
2675 2673 2674
2673 2675 2676
2672 2673 2677
2673 2676 2678
2677 2673 2678
2676 2679 2678
2680 2681 2682
2681 2683 2682
2683 2681 2684
2685 2686 2687
2685 2687 2688
2689 2686 2685
2686 2689 2690
2690 2691 2686
2686 2691 2687
2691 2690 2692
2692 2693 2691
2694 2691 2693
2687 2691 2694
2693 2695 2694
2695 2693 2696
2693 2692 2697
2693 2698 2696
2697 2698 2693
2696 2698 2699
2700 2701 2702
2703 2702 2701
2702 2703 2704
2705 2706 2707
2706 2705 2708
2709 2707 2706
2709 2706 2710
2706 2708 2710
2707 2709 2711
2710 2712 2709
2712 2713 2709
2713 2711 2709
2711 2713 2714
2715 2714 2713
2714 2715 2716
2717 2713 2712
2717 2715 2713
2708 2718 2710
2708 2719 2718
2719 2708 2705
2715 2720 2716
2720 2715 2721
2717 2721 2715
2721 2722 2720
2722 2721 2723
2723 2724 2722
2724 2723 2725
2725 2726 2724
2726 2725 2727
2723 2728 2725
2725 2728 2727
2728 2723 2729
2729 2723 2721
2717 2729 2721
2727 2728 2730
2731 2727 2730
2727 2731 2726
2732 2733 2734
2732 2735 2733
2734 2736 2732
2736 2734 2737
2738 2737 2734
2734 2733 2738
2737 2738 2739
2740 2739 2738
2741 2740 2738
2733 2741 2738
2742 2740 2741
2740 2742 2743
2739 2740 2744
2740 2743 2745
2744 2740 2745
2743 2746 2745
2747 2748 2749
2748 2750 2749
2750 2748 2751
2752 2753 2754
2752 2754 2755
2756 2753 2752
2753 2756 2757
2757 2758 2753
2753 2758 2754
2758 2757 2759
2759 2760 2758
2761 2758 2760
2754 2758 2761
2760 2762 2761
2762 2760 2763
2760 2759 2764
2760 2765 2763
2764 2765 2760
2763 2765 2766
2767 2768 2769
2770 2769 2768
2769 2770 2771
2772 2773 2774
2773 2772 2775
2776 2774 2773
2776 2773 2777
2773 2775 2777
2774 2776 2778
2777 2779 2776
2779 2780 2776
2780 2778 2776
2778 2780 2781
2782 2781 2780
2781 2782 2783
2784 2780 2779
2784 2782 2780
2775 2785 2777
2775 2786 2785
2786 2775 2772
2782 2787 2783
2787 2782 2788
2784 2788 2782
2788 2789 2787
2789 2788 2790
2790 2791 2789
2791 2790 2792
2792 2793 2791
2793 2792 2794
2790 2795 2792
2792 2795 2794
2795 2790 2796
2796 2790 2788
2784 2796 2788
2794 2795 2797
2798 2794 2797
2794 2798 2793
2799 2800 2801
2799 2802 2800
2801 2803 2799
2803 2801 2804
2805 2804 2801
2801 2800 2805
2804 2805 2806
2807 2806 2805
2808 2807 2805
2800 2808 2805
2809 2807 2808
2807 2809 2810
2806 2807 2811
2807 2810 2812
2811 2807 2812
2810 2813 2812
2814 2815 2816
2815 2817 2816
2817 2815 2818
2819 2820 2821
2819 2821 2822
2823 2820 2819
2820 2823 2824
2824 2825 2820
2820 2825 2821
2825 2824 2826
2826 2827 2825
2828 2825 2827
2821 2825 2828
2827 2829 2828
2829 2827 2830
2827 2826 2831
2827 2832 2830
2831 2832 2827
2830 2832 2833
2834 2835 2836
2837 2836 2835
2836 2837 2838
2839 2840 2841
2840 2839 2842
2843 2841 2840
2843 2840 2844
2840 2842 2844
2841 2843 2845
2844 2846 2843
2846 2847 2843
2847 2845 2843
2845 2847 2848
2849 2848 2847
2848 2849 2850
2851 2847 2846
2851 2849 2847
2842 2852 2844
2842 2853 2852
2853 2842 2839
2849 2854 2850
2854 2849 2855
2851 2855 2849
2855 2856 2854
2856 2855 2857
2857 2858 2856
2858 2857 2859
2859 2860 2858
2860 2859 2861
2857 2862 2859
2859 2862 2861
2862 2857 2863
2863 2857 2855
2851 2863 2855
2861 2862 2864
2865 2861 2864
2861 2865 2860
2866 2867 2868
2866 2869 2867
2868 2870 2866
2870 2868 2871
2872 2871 2868
2868 2867 2872
2871 2872 2873
2874 2873 2872
2875 2874 2872
2867 2875 2872
2876 2874 2875
2874 2876 2877
2873 2874 2878
2874 2877 2879
2878 2874 2879
2877 2880 2879
2881 2882 2883
2882 2884 2883
2884 2882 2885
2886 2887 2888
2886 2888 2889
2890 2887 2886
2887 2890 2891
2891 2892 2887
2887 2892 2888
2892 2891 2893
2893 2894 2892
2895 2892 2894
2888 2892 2895
2894 2896 2895
2896 2894 2897
2894 2893 2898
2894 2899 2897
2898 2899 2894
2897 2899 2900
2901 2902 2903
2904 2903 2902
2903 2904 2905
2906 2907 2908
2907 2906 2909
2910 2908 2907
2910 2907 2911
2907 2909 2911
2908 2910 2912
2911 2913 2910
2913 2914 2910
2914 2912 2910
2912 2914 2915
2916 2915 2914
2915 2916 2917
2918 2914 2913
2918 2916 2914
2909 2919 2911
2909 2920 2919
2920 2909 2906
2916 2921 2917
2921 2916 2922
2918 2922 2916
2922 2923 2921
2923 2922 2924
2924 2925 2923
2925 2924 2926
2926 2927 2925
2927 2926 2928
2924 2929 2926
2926 2929 2928
2929 2924 2930
2930 2924 2922
2918 2930 2922
2928 2929 2931
2932 2928 2931
2928 2932 2927
2933 2934 2935
2933 2936 2934
2935 2937 2933
2937 2935 2938
2939 2938 2935
2935 2934 2939
2938 2939 2940
2941 2940 2939
2942 2941 2939
2934 2942 2939
2943 2941 2942
2941 2943 2944
2940 2941 2945
2941 2944 2946
2945 2941 2946
2944 2947 2946
2948 2949 2950
2949 2951 2950
2951 2949 2952
2953 2954 2955
2953 2955 2956
2957 2954 2953
2954 2957 2958
2958 2959 2954
2954 2959 2955
2959 2958 2960
2960 2961 2959
2962 2959 2961
2955 2959 2962
2961 2963 2962
2963 2961 2964
2961 2960 2965
2961 2966 2964
2965 2966 2961
2964 2966 2967
2968 2969 2970
2971 2970 2969
2970 2971 2972
2973 2974 2975
2976 2974 2973
2977 2974 2976
2978 2974 2977
2975 2974 2979
2979 2974 2980
2980 2974 2981
2981 2974 2982
2982 2974 2983
2983 2974 2984
2985 2974 2978
2984 2974 2985
2986 2987 2988
2987 2986 2989
2990 2988 2987
2988 2990 2991
2990 2992 2991
2992 2990 2993
2993 2994 2992
2994 2993 2995
2988 2996 2986
2996 2988 2997
2988 2991 2997
2991 2992 2998
2991 2998 2997
2999 2992 2994
2992 2999 2998
2997 3000 2996
3000 2997 3001
2997 2998 3001
3002 2998 2999
2998 3002 3003
3001 2998 3003
3004 3003 3002
3003 3004 3005
3006 3003 3005
3007 3005 3004
3005 3007 3008
3009 3005 3008
3006 3005 3009
3010 3009 3008
3009 3010 3011
3011 3006 3009
3012 3010 3008
3012 3008 3013
3013 3008 3007
3013 3014 3012
3014 3013 3015
3015 3016 3014
3016 3015 3017
3017 3018 3016
3018 3017 3019
3018 3019 3020
3019 3021 3020
3006 3011 3022
3017 3023 3019
3023 3017 3024
3015 3024 3017
3023 3025 3019
3019 3025 3021
3013 3026 3015
3024 3015 3026
3026 3013 3027
3027 3013 3028
3027 3028 3029
3030 3029 3028
3029 3030 3031
3030 3028 3032
3007 3032 3028
3032 3007 3004
3004 3033 3032
3034 3032 3033
3034 3031 3030
3034 3030 3032
3033 3004 3002
3002 3035 3033
3035 3002 2999
2999 3036 3035
3037 3035 3036
3036 3038 3037
3038 3039 3037
3039 3038 3040
3040 3041 3039
3041 3040 3042
3038 3036 3043
2994 3043 3036
3036 2999 2994
3043 2994 2995
3044 3039 3041
3039 3044 3045
3039 3045 3037
3037 3045 3035
3046 3045 3044
3045 3046 3047
3045 3047 3035
2995 3048 3043
3048 2995 3049
2995 3050 3049
3050 2995 2993
3050 2993 3051
2990 3051 2993
3051 2990 3052
2990 3053 3052
3053 2990 2987
2987 3054 3053
3054 2987 2989
3055 3047 3046
3047 3055 3056
3057 3056 3055
3056 3057 3034
3031 3034 3057
3056 3034 3033
3047 3056 3033
3047 3033 3035
3022 3058 3006
3058 3022 3059
3058 3003 3006
3059 3001 3058
3001 3003 3058
3001 3059 3000
3060 3038 3061
3038 3060 3040
3062 3040 3060
3040 3062 3042
3038 3063 3061
3063 3038 3043
3048 3063 3043
3013 3007 3028
3064 3065 3066
3065 3064 3067
3068 3066 3065
3066 3068 3069
3068 3070 3069
3070 3068 3071
3071 3072 3070
3072 3071 3073
3066 3074 3064
3074 3066 3075
3066 3069 3075
3069 3070 3076
3069 3076 3075
3077 3070 3072
3070 3077 3076
3075 3078 3074
3078 3075 3079
3075 3076 3079
3080 3076 3077
3076 3080 3081
3079 3076 3081
3082 3081 3080
3081 3082 3083
3084 3081 3083
3085 3083 3082
3083 3085 3086
3087 3083 3086
3084 3083 3087
3088 3087 3086
3087 3088 3089
3089 3084 3087
3027 3088 3086
3027 3086 3090
3090 3086 3085
3090 3026 3027
3026 3090 3091
3091 3024 3026
3024 3091 3092
3092 3023 3024
3023 3092 3093
3023 3093 3025
3093 3094 3025
3084 3089 3095
3092 3096 3093
3096 3092 3097
3091 3097 3092
3096 3098 3093
3093 3098 3094
3090 3099 3091
3097 3091 3099
3099 3090 3100
3100 3090 3101
3100 3101 3102
3103 3102 3101
3102 3103 3104
3103 3101 3105
3085 3105 3101
3105 3085 3082
3082 3106 3105
3107 3105 3106
3107 3104 3103
3107 3103 3105
3106 3082 3080
3080 3108 3106
3108 3080 3077
3077 3109 3108
3110 3108 3109
3109 3111 3110
3111 3112 3110
3112 3111 3113
3113 3114 3112
3114 3113 3115
3111 3109 3116
3072 3116 3109
3109 3077 3072
3116 3072 3073
3117 3112 3114
3112 3117 3118
3112 3118 3110
3110 3118 3108
3119 3118 3117
3118 3119 3120
3118 3120 3108
3073 3121 3116
3121 3073 3122
3073 3123 3122
3123 3073 3071
3123 3071 3124
3068 3124 3071
3124 3068 3125
3068 3126 3125
3126 3068 3065
3065 3127 3126
3127 3065 3067
3128 3120 3119
3120 3128 3129
3130 3129 3128
3129 3130 3107
3104 3107 3130
3129 3107 3106
3120 3129 3106
3120 3106 3108
3095 3131 3084
3131 3095 3132
3131 3081 3084
3132 3079 3131
3079 3081 3131
3079 3132 3078
3133 3111 3134
3111 3133 3113
3135 3113 3133
3113 3135 3115
3111 3136 3134
3136 3111 3116
3121 3136 3116
3090 3085 3101
3137 3138 3139
3138 3137 3140
3141 3139 3138
3139 3141 3142
3141 3143 3142
3143 3141 3144
3144 3145 3143
3145 3144 3146
3139 3147 3137
3147 3139 3148
3139 3142 3148
3142 3143 3149
3142 3149 3148
3150 3143 3145
3143 3150 3149
3148 3151 3147
3151 3148 3152
3148 3149 3152
3153 3149 3150
3149 3153 3154
3152 3149 3154
3155 3154 3153
3154 3155 3156
3157 3154 3156
3158 3156 3155
3156 3158 3159
3160 3156 3159
3157 3156 3160
3161 3160 3159
3160 3161 3162
3162 3157 3160
3163 3161 3159
3163 3159 3164
3164 3159 3158
3164 3165 3163
3165 3164 3166
3166 3167 3165
3167 3166 3168
3168 3169 3167
3169 3168 3170
3169 3170 3171
3170 3172 3171
3157 3162 3173
3168 3018 3170
3018 3168 3016
3166 3016 3168
3018 3020 3170
3170 3020 3172
3164 3014 3166
3016 3166 3014
3014 3164 3012
3012 3164 3174
3012 3174 3175
3176 3175 3174
3175 3176 3177
3176 3174 3178
3158 3178 3174
3178 3158 3155
3155 3179 3178
3180 3178 3179
3180 3177 3176
3180 3176 3178
3179 3155 3153
3153 3181 3179
3181 3153 3150
3150 3182 3181
3183 3181 3182
3182 3184 3183
3184 3185 3183
3185 3184 3186
3186 3187 3185
3187 3186 3188
3184 3182 3189
3145 3189 3182
3182 3150 3145
3189 3145 3146
3190 3185 3187
3185 3190 3191
3185 3191 3183
3183 3191 3181
3192 3191 3190
3191 3192 3193
3191 3193 3181
3146 3194 3189
3194 3146 3195
3146 3196 3195
3196 3146 3144
3196 3144 3197
3141 3197 3144
3197 3141 3198
3141 3199 3198
3199 3141 3138
3138 3200 3199
3200 3138 3140
3201 3193 3192
3193 3201 3202
3203 3202 3201
3202 3203 3180
3177 3180 3203
3202 3180 3179
3193 3202 3179
3193 3179 3181
3173 3204 3157
3204 3173 3205
3204 3154 3157
3205 3152 3204
3152 3154 3204
3152 3205 3151
3206 3184 3207
3184 3206 3186
3208 3186 3206
3186 3208 3188
3184 3209 3207
3209 3184 3189
3194 3209 3189
3164 3158 3174
3210 3211 3212
3211 3210 3213
3214 3212 3211
3212 3214 3215
3214 3216 3215
3216 3214 3217
3217 3218 3216
3218 3217 3219
3212 3220 3210
3220 3212 3221
3212 3215 3221
3215 3216 3222
3215 3222 3221
3223 3216 3218
3216 3223 3222
3221 3224 3220
3224 3221 3225
3221 3222 3225
3226 3222 3223
3222 3226 3227
3225 3222 3227
3228 3227 3226
3227 3228 3229
3230 3227 3229
3231 3229 3228
3229 3231 3232
3233 3229 3232
3230 3229 3233
3234 3233 3232
3233 3234 3235
3235 3230 3233
3236 3234 3232
3236 3232 3237
3237 3232 3231
3237 3238 3236
3238 3237 3239
3239 3240 3238
3240 3239 3241
3241 3242 3240
3242 3241 3243
3242 3243 3244
3243 3245 3244
3230 3235 3246
3241 3169 3243
3169 3241 3167
3239 3167 3241
3169 3171 3243
3243 3171 3245
3237 3165 3239
3167 3239 3165
3165 3237 3163
3163 3237 3247
3163 3247 3248
3249 3248 3247
3248 3249 3250
3249 3247 3251
3231 3251 3247
3251 3231 3228
3228 3252 3251
3253 3251 3252
3253 3250 3249
3253 3249 3251
3252 3228 3226
3226 3254 3252
3254 3226 3223
3223 3255 3254
3256 3254 3255
3255 3257 3256
3257 3258 3256
3258 3257 3259
3259 3260 3258
3260 3259 3261
3257 3255 3262
3218 3262 3255
3255 3223 3218
3262 3218 3219
3263 3258 3260
3258 3263 3264
3258 3264 3256
3256 3264 3254
3265 3264 3263
3264 3265 3266
3264 3266 3254
3219 3267 3262
3267 3219 3268
3219 3269 3268
3269 3219 3217
3269 3217 3270
3214 3270 3217
3270 3214 3271
3214 3272 3271
3272 3214 3211
3211 3273 3272
3273 3211 3213
3274 3266 3265
3266 3274 3275
3276 3275 3274
3275 3276 3253
3250 3253 3276
3275 3253 3252
3266 3275 3252
3266 3252 3254
3246 3277 3230
3277 3246 3278
3277 3227 3230
3278 3225 3277
3225 3227 3277
3225 3278 3224
3279 3257 3280
3257 3279 3259
3281 3259 3279
3259 3281 3261
3257 3282 3280
3282 3257 3262
3267 3282 3262
3237 3231 3247
3283 3284 3285
3284 3283 3286
3287 3285 3284
3285 3287 3288
3287 3289 3288
3289 3287 3290
3290 3291 3289
3291 3290 3292
3285 3293 3283
3293 3285 3294
3285 3288 3294
3288 3289 3295
3288 3295 3294
3296 3289 3291
3289 3296 3295
3294 3297 3293
3297 3294 3298
3294 3295 3298
3299 3295 3296
3295 3299 3300
3298 3295 3300
3301 3300 3299
3300 3301 3302
3303 3300 3302
3304 3302 3301
3302 3304 3305
3306 3302 3305
3303 3302 3306
3307 3306 3305
3306 3307 3308
3308 3303 3306
3309 3307 3305
3309 3305 3310
3310 3305 3304
3310 3311 3309
3311 3310 3312
3312 3313 3311
3313 3312 3314
3314 3315 3313
3315 3314 3316
3315 3316 3317
3316 3318 3317
3303 3308 3319
3314 3242 3316
3242 3314 3240
3312 3240 3314
3242 3244 3316
3316 3244 3318
3310 3238 3312
3240 3312 3238
3238 3310 3236
3236 3310 3320
3236 3320 3321
3322 3321 3320
3321 3322 3323
3322 3320 3324
3304 3324 3320
3324 3304 3301
3301 3325 3324
3326 3324 3325
3326 3323 3322
3326 3322 3324
3325 3301 3299
3299 3327 3325
3327 3299 3296
3296 3328 3327
3329 3327 3328
3328 3330 3329
3330 3331 3329
3331 3330 3332
3332 3333 3331
3333 3332 3334
3330 3328 3335
3291 3335 3328
3328 3296 3291
3335 3291 3292
3336 3331 3333
3331 3336 3337
3331 3337 3329
3329 3337 3327
3338 3337 3336
3337 3338 3339
3337 3339 3327
3292 3340 3335
3340 3292 3341
3292 3342 3341
3342 3292 3290
3342 3290 3343
3287 3343 3290
3343 3287 3344
3287 3345 3344
3345 3287 3284
3284 3346 3345
3346 3284 3286
3347 3339 3338
3339 3347 3348
3349 3348 3347
3348 3349 3326
3323 3326 3349
3348 3326 3325
3339 3348 3325
3339 3325 3327
3319 3350 3303
3350 3319 3351
3350 3300 3303
3351 3298 3350
3298 3300 3350
3298 3351 3297
3352 3330 3353
3330 3352 3332
3354 3332 3352
3332 3354 3334
3330 3355 3353
3355 3330 3335
3340 3355 3335
3310 3304 3320
3356 3357 3358
3357 3356 3359
3360 3358 3357
3358 3360 3361
3360 3362 3361
3362 3360 3363
3363 3364 3362
3364 3363 3365
3358 3366 3356
3366 3358 3367
3358 3361 3367
3361 3362 3368
3361 3368 3367
3369 3362 3364
3362 3369 3368
3367 3370 3366
3370 3367 3371
3367 3368 3371
3372 3368 3369
3368 3372 3373
3371 3368 3373
3374 3373 3372
3373 3374 3375
3376 3373 3375
3377 3375 3374
3375 3377 3378
3379 3375 3378
3376 3375 3379
3380 3379 3378
3379 3380 3381
3381 3376 3379
3382 3380 3378
3382 3378 3383
3383 3378 3377
3383 3384 3382
3384 3383 3385
3385 3386 3384
3386 3385 3387
3387 3388 3386
3388 3387 3389
3388 3389 3390
3389 3391 3390
3376 3381 3392
3387 3393 3389
3393 3387 3394
3385 3394 3387
3393 3395 3389
3389 3395 3391
3383 3396 3385
3394 3385 3396
3396 3383 3397
3397 3383 3398
3397 3398 3399
3400 3399 3398
3399 3400 3401
3400 3398 3402
3377 3402 3398
3402 3377 3374
3374 3403 3402
3404 3402 3403
3404 3401 3400
3404 3400 3402
3403 3374 3372
3372 3405 3403
3405 3372 3369
3369 3406 3405
3407 3405 3406
3406 3408 3407
3408 3409 3407
3409 3408 3410
3410 3411 3409
3411 3410 3412
3408 3406 3413
3364 3413 3406
3406 3369 3364
3413 3364 3365
3414 3409 3411
3409 3414 3415
3409 3415 3407
3407 3415 3405
3416 3415 3414
3415 3416 3417
3415 3417 3405
3365 3418 3413
3418 3365 3419
3365 3420 3419
3420 3365 3363
3420 3363 3421
3360 3421 3363
3421 3360 3422
3360 3423 3422
3423 3360 3357
3357 3424 3423
3424 3357 3359
3425 3417 3416
3417 3425 3426
3427 3426 3425
3426 3427 3404
3401 3404 3427
3426 3404 3403
3417 3426 3403
3417 3403 3405
3392 3428 3376
3428 3392 3429
3428 3373 3376
3429 3371 3428
3371 3373 3428
3371 3429 3370
3430 3408 3431
3408 3430 3410
3432 3410 3430
3410 3432 3412
3408 3433 3431
3433 3408 3413
3418 3433 3413
3383 3377 3398
