byte offset: 0
first index: 0
index count: 5910
topology: trianglelist
format: DXGI_FORMAT_R16_UINT

0 1 2
3 1 0
1 3 4
5 4 3
4 5 6
7 6 5
6 7 8
7 9 8
9 7 10
10 11 9
11 10 12
11 12 13
5 14 7
15 14 5
5 3 15
16 15 3
17 10 7
14 17 7
10 17 18
18 12 10
12 18 19
12 19 20
20 13 12
16 21 15
21 16 22
23 22 16
22 23 24
25 15 21
15 25 14
26 14 25
14 26 17
26 18 17
18 26 27
27 19 18
19 27 28
19 28 20
29 24 23
29 23 30
24 29 31
24 32 22
32 24 33
31 33 24
34 22 32
22 34 21
35 21 34
21 35 25
36 25 35
25 36 26
36 27 26
27 36 37
37 28 27
28 37 38
38 39 28
39 38 40
33 31 41
42 41 31
43 42 31
43 31 29
41 42 44
45 44 42
44 45 46
47 46 45
46 47 48
49 48 47
50 49 47
48 49 51
52 51 49
51 52 53
52 54 53
54 52 55
55 56 54
56 55 57
57 58 56
58 57 59
60 59 57
61 56 58
58 62 61
62 58 63
63 58 59
64 63 59
64 59 60
63 65 62
65 63 66
66 63 64
66 64 67
66 68 65
68 66 69
69 66 67
56 61 70
70 54 56
54 70 71
71 53 54
53 71 72
72 51 53
51 72 73
74 51 73
51 74 48
75 48 74
48 75 46
76 46 75
46 76 44
77 44 76
44 77 41
78 41 77
41 78 33
79 33 78
33 79 32
80 32 79
32 80 34
81 34 80
34 81 35
82 35 81
35 82 36
82 37 36
37 82 83
83 38 37
38 83 84
84 40 38
40 84 85
40 85 69
40 69 86
86 69 67
85 68 69
86 39 40
39 86 87
20 39 87
87 88 20
13 20 88
28 39 20
13 89 11
90 11 89
11 90 91
92 11 91
11 92 9
93 9 92
9 93 8
93 6 8
6 93 94
94 4 6
4 94 95
95 1 4
1 95 96
96 97 1
94 93 98
99 94 98
94 99 95
100 95 99
95 100 96
92 101 93
98 93 101
101 92 102
91 102 92
102 91 103
91 104 103
105 100 99
100 105 106
106 107 100
107 106 108
109 99 98
99 109 105
110 98 101
98 110 109
102 110 101
110 102 111
103 111 102
111 103 112
103 104 112
108 113 107
113 114 107
113 108 115
116 108 106
108 116 117
117 115 108
118 106 105
106 118 116
119 105 109
105 119 118
120 109 110
109 120 119
111 120 110
120 111 121
112 121 111
121 112 122
123 122 112
122 123 124
115 117 125
125 126 115
127 115 126
127 113 115
126 125 128
128 129 126
129 128 130
130 131 129
131 130 132
132 133 131
134 131 133
133 132 135
135 136 133
136 135 137
138 136 137
136 138 139
140 139 138
139 140 141
142 141 140
141 142 143
144 141 143
140 145 142
146 142 145
142 146 147
147 143 142
148 143 147
148 144 143
149 147 146
147 149 150
150 148 147
150 151 148
152 150 149
150 152 153
153 151 150
145 140 154
138 154 140
154 138 155
137 155 138
155 137 156
135 156 137
156 135 157
135 158 157
158 135 132
132 159 158
159 132 130
130 160 159
160 130 128
128 161 160
161 128 125
125 162 161
162 125 117
117 163 162
163 117 116
116 164 163
164 116 118
118 165 164
165 118 119
119 166 165
166 119 120
121 166 120
166 121 167
122 167 121
167 122 168
124 168 122
168 124 169
124 153 169
124 170 153
170 151 153
169 153 152
170 124 123
123 171 170
104 171 123
171 104 172
90 172 104
104 91 90
112 104 123
173 57 174
57 55 174
57 173 175
175 173 176
176 177 175
176 178 177
175 60 57
179 177 178
179 180 177
180 179 181
141 180 181
181 182 141
141 182 139
180 141 144
43 29 183
184 43 183
43 184 185
43 185 186
43 186 42
186 45 42
45 186 187
187 186 188
185 188 186
188 189 187
29 190 183
183 190 191
30 190 29
30 192 190
190 192 193
191 190 193
191 193 194
187 189 195
195 196 187
195 197 196
195 198 197
199 197 198
47 187 196
47 45 187
47 196 50
23 200 30
200 23 201
23 16 201
0 201 16
0 202 201
0 2 202
3 0 16
1 203 2
1 97 203
96 204 97
96 205 204
96 100 205
107 205 100
206 205 107
107 114 206
114 207 208
207 209 208
114 113 207
113 210 207
127 210 113
210 211 207
211 209 207
211 212 209
213 210 127
127 214 213
127 215 214
127 126 215
215 126 129
129 216 215
216 217 215
214 215 217
217 216 218
216 219 218
219 216 220
219 220 221
219 221 222
223 222 221
131 220 216
131 216 129
131 134 220
224 225 226
225 227 226
224 226 228
228 226 229
230 231 232
231 233 232
233 231 234
235 233 234
236 235 234
237 235 236
238 235 237
239 238 237
238 239 240
240 239 241
239 242 241
241 242 243
242 244 243
243 244 245
246 243 245
242 247 244
236 247 248
248 247 242
237 248 239
239 248 242
237 236 248
249 247 236
236 234 249
250 247 249
251 247 250
252 251 250
253 251 252
252 250 230
252 230 254
250 249 231
230 250 231
231 249 234
254 230 255
255 256 254
256 255 257
258 257 255
259 257 258
259 260 257
257 260 261
261 256 257
262 256 261
262 254 256
262 252 254
253 252 262
262 261 263
264 262 263
262 264 253
265 259 258
265 258 266
267 265 266
267 266 268
263 269 264
270 264 269
267 268 271
271 268 272
268 273 272
272 273 274
274 275 272
274 276 275
274 277 276
278 276 277
278 277 279
279 277 280
281 278 279
281 279 282
283 281 282
284 283 282
282 285 284
284 285 246
285 286 246
285 287 286
287 285 282
279 287 282
279 288 287
288 279 280
289 284 246
289 246 290
290 291 289
291 290 292
286 243 246
287 241 286
286 241 243
287 240 241
287 288 240
240 288 238
288 280 238
280 293 238
293 294 238
273 294 293
295 294 273
233 294 295
233 295 296
295 266 296
233 296 297
296 258 297
296 266 258
235 294 233
238 294 235
273 293 274
274 293 277
293 280 277
268 295 273
295 268 266
232 233 297
297 255 232
258 255 297
255 230 232
298 299 300
300 299 301
299 302 301
298 302 299
301 303 300
304 300 303
305 300 304
300 305 298
303 306 304
304 306 307
308 304 307
309 304 308
309 310 304
304 310 305
311 271 272
275 311 272
245 290 246
312 313 314
313 312 315
314 316 312
316 314 317
317 318 316
318 317 319
319 320 318
320 319 321
321 322 320
322 321 323
323 324 322
324 323 325
325 326 324
326 325 327
327 328 326
328 327 329
329 330 328
330 329 331
331 332 330
332 331 333
333 334 332
334 333 335
335 336 334
336 335 337
337 338 336
338 337 339
339 340 338
340 339 341
341 342 340
342 341 343
343 344 342
344 343 345
345 346 344
346 345 347
347 348 346
348 347 349
349 350 348
350 349 351
351 315 350
315 351 313
352 353 354
354 353 355
355 353 356
356 353 357
357 353 358
358 353 359
359 353 360
360 353 361
361 353 362
362 353 363
363 353 364
364 353 365
365 353 366
366 353 367
367 353 368
368 353 369
369 353 370
370 353 371
371 353 372
372 353 352
373 374 375
374 373 376
375 377 373
377 375 378
378 379 377
379 378 380
380 381 379
381 380 382
382 383 381
383 382 384
384 385 383
385 384 386
386 387 385
387 386 388
388 389 387
389 388 390
390 391 389
391 390 392
392 393 391
393 392 394
394 395 393
395 394 396
396 397 395
397 396 398
398 399 397
399 398 400
400 401 399
401 400 402
402 403 401
403 402 404
404 405 403
405 404 406
406 407 405
407 406 408
408 409 407
409 408 410
410 411 409
411 410 412
412 376 411
376 412 374
413 414 415
414 413 416
416 417 414
417 416 418
418 419 417
419 418 420
420 421 419
421 420 422
422 423 421
423 422 424
424 425 423
425 424 426
426 427 425
427 426 428
428 429 427
429 428 430
430 431 429
431 430 432
432 433 431
433 432 434
434 435 433
435 434 436
436 437 435
437 436 438
438 439 437
439 438 440
440 441 439
441 440 442
443 441 442
441 443 444
443 445 444
445 443 446
446 447 445
447 446 448
448 449 447
449 448 450
450 451 449
451 450 452
452 415 451
415 452 413
439 441 453
454 441 444
455 441 454
453 441 455
455 456 453
455 457 456
454 458 455
458 459 455
460 461 462
461 460 463
463 464 461
464 463 465
465 466 464
466 465 467
467 468 466
468 467 469
469 470 468
470 469 471
471 472 470
472 471 473
473 474 472
474 473 475
475 476 474
476 475 477
477 478 476
478 477 479
479 480 478
480 479 481
481 482 480
482 481 483
483 484 482
484 483 485
485 486 484
486 485 487
488 486 487
486 488 489
490 489 488
489 490 491
492 491 490
491 492 493
492 494 493
494 492 495
495 496 494
496 495 497
498 496 497
496 498 499
500 499 498
499 500 501
500 502 501
502 500 503
503 504 502
504 503 505
505 506 504
506 505 507
507 508 506
508 507 509
509 510 508
510 509 511
511 462 510
462 511 460
512 513 514
513 512 515
516 517 518
517 516 519
516 520 519
520 516 521
521 522 520
523 524 525
524 523 526
527 525 524
525 527 528
529 528 527
528 529 530
531 530 529
530 531 532
533 532 531
532 533 534
535 534 533
534 535 536
537 536 535
536 537 538
539 538 537
538 539 540
541 540 539
540 541 542
543 542 541
542 543 544
545 544 543
544 545 546
547 546 545
546 547 548
549 548 547
548 549 550
551 550 549
550 551 552
553 552 551
552 553 554
555 554 553
554 555 556
557 556 555
556 557 558
559 558 557
558 559 560
561 560 559
560 561 562
526 562 561
562 526 523
563 564 565
564 566 565
566 567 565
567 568 565
568 569 565
569 570 565
570 571 565
571 572 565
572 573 565
573 574 565
574 575 565
575 576 565
576 577 565
577 578 565
578 579 565
579 580 565
580 581 565
581 582 565
582 583 565
583 563 565
584 585 586
585 584 587
588 586 585
586 588 589
590 589 588
589 590 591
592 591 590
591 592 593
594 593 592
593 594 595
596 595 594
595 596 597
598 597 596
597 598 599
600 599 598
599 600 601
602 601 600
601 602 603
604 603 602
603 604 605
606 605 604
605 606 607
608 607 606
607 608 609
610 609 608
609 610 611
612 611 610
611 612 613
614 613 612
613 614 615
616 615 614
615 616 617
618 617 616
617 618 619
620 619 618
619 620 621
622 621 620
621 622 623
587 623 622
623 587 584
624 625 626
625 624 627
628 627 624
627 628 629
630 629 628
629 630 631
632 631 630
631 632 633
634 633 632
633 634 635
636 635 634
635 636 637
638 637 636
637 638 639
640 639 638
639 640 641
642 641 640
641 642 643
644 643 642
643 644 645
646 645 644
645 646 647
648 647 646
647 648 649
650 649 648
649 650 651
652 651 650
651 652 653
652 654 653
654 652 655
656 654 655
654 656 657
658 657 656
657 658 659
660 659 658
659 660 661
662 661 660
661 662 663
626 663 662
663 626 625
650 664 652
665 655 652
665 652 666
664 667 666
667 668 666
666 652 664
666 669 665
666 670 669
671 672 673
672 671 674
675 674 671
674 675 676
677 676 675
676 677 678
679 678 677
678 679 680
681 680 679
680 681 682
683 682 681
682 683 684
685 684 683
684 685 686
687 686 685
686 687 688
689 688 687
688 689 690
691 690 689
690 691 692
693 692 691
692 693 694
695 694 693
694 695 696
697 696 695
696 697 698
697 699 698
699 697 700
700 701 699
701 700 702
702 703 701
703 702 704
705 703 704
703 705 706
707 706 705
706 707 708
707 709 708
709 707 710
710 711 709
711 710 712
713 711 712
711 713 714
715 714 713
714 715 716
717 716 715
716 717 718
719 718 717
718 719 720
721 720 719
720 721 722
673 722 721
722 673 672
723 724 725
724 723 726
727 728 729
728 727 730
731 728 730
728 731 732
732 731 733
734 735 736
735 734 737
736 738 734
738 736 739
739 740 738
740 739 741
742 740 741
740 742 743
744 743 742
743 744 745
737 746 735
746 737 747
748 746 747
746 748 749
750 749 748
749 750 751
752 751 750
751 752 753
754 753 752
753 754 755
754 756 755
756 754 757
757 758 756
758 757 759
759 760 758
760 759 761
761 762 760
762 761 763
764 762 763
762 764 765
745 765 764
765 745 744
766 767 768
769 766 768
770 766 769
766 770 771
766 771 772
773 766 772
774 766 773
775 766 774
771 776 772
776 771 777
766 775 778
766 778 779
766 779 780
781 766 780
782 766 781
778 783 779
783 778 784
766 782 785
766 785 786
766 786 787
788 766 787
789 766 788
785 790 786
790 785 791
766 789 792
766 792 767
792 793 767
793 792 794
795 796 797
795 798 796
798 795 799
799 800 798
800 799 801
802 800 801
803 802 801
804 802 803
805 804 803
805 806 804
805 807 806
807 805 808
808 809 807
809 808 810
811 809 810
812 811 810
813 811 812
814 813 812
814 815 813
814 816 815
816 814 817
817 818 816
818 817 819
820 818 819
821 820 819
822 820 821
823 822 821
823 824 822
823 825 824
825 823 826
826 827 825
827 826 828
829 827 828
830 829 828
797 829 830
795 797 830
831 832 833
832 831 834
834 835 832
835 834 836
836 837 835
837 836 838
839 837 838
837 839 840
841 842 843
842 841 844
843 845 841
845 843 846
846 847 845
847 846 848
849 842 844
842 849 850
851 852 853
852 851 854
853 855 851
855 853 856
856 857 855
857 856 858
859 852 854
852 859 860
861 862 863
862 861 864
863 865 861
865 863 866
866 867 865
867 866 868
869 862 864
862 869 870
871 872 873
872 871 874
875 876 877
876 875 878
879 880 881
880 879 882
883 884 885
884 883 886
887 888 889
888 887 890
891 892 893
892 891 894
895 896 897
896 895 898
899 900 901
900 899 902
903 904 905
904 903 906
907 908 909
908 907 910
911 912 913
912 911 914
915 916 917
916 915 918
919 920 921
920 919 922
923 924 925
924 923 926
927 928 929
928 927 930
931 932 933
932 931 934
935 936 937
938 936 935
935 937 939
939 940 935
940 939 941
941 942 940
942 941 943
944 942 943
942 944 945
946 945 944
945 946 947
948 947 946
949 945 947
949 947 950
945 949 951
940 942 952
952 942 945
945 953 952
953 945 951
952 953 954
955 952 954
952 955 940
955 956 940
957 940 956
940 957 935
938 935 957
958 947 948
950 947 958
955 954 959
959 954 960
954 961 960
953 961 954
962 963 964
965 962 964
962 966 963
965 967 962
968 966 962
969 968 962
962 970 969
967 970 962
967 971 970
972 970 971
972 969 970
973 968 969
968 973 974
972 971 975
972 975 976
977 976 975
975 978 977
978 979 977
972 980 969
968 981 966
982 981 968
981 982 983
984 985 986
984 987 985
986 985 988
989 988 985
987 989 985
989 990 988
990 991 988
991 992 988
992 993 988
988 994 986
988 993 994
994 995 986
995 994 996
993 997 994
997 998 994
998 997 999
984 1000 987
1000 1001 1002
1002 1003 1000
1002 1004 1003
984 1001 1000
984 986 1005
1006 1007 1008
1007 1006 1009
1010 1007 1009
1007 1010 1011
1008 1012 1006
1012 1008 1013
1013 1014 1012
1014 1013 1015
1015 1016 1014
1016 1015 1017
1018 1011 1010
1011 1018 1019
1020 1019 1018
1019 1020 1021
1022 1021 1020
1021 1022 1023
1024 1025 1026
1025 1024 1027
1028 1026 1025
1026 1028 1029
1030 1029 1028
1029 1030 1031
1032 1031 1030
1031 1032 1033
1032 1034 1033
1034 1032 1035
1035 1036 1034
1036 1035 1037
1037 1038 1036
1038 1037 1039
1039 1040 1038
1040 1039 1041
1042 1043 1044
1043 1042 1045
1046 1047 1048
1047 1046 1049
1050 1051 1052
1051 1050 1053
1054 1055 1056
1055 1054 1057
1058 1059 1060
1059 1058 1061
1061 1062 1059
1062 1061 1063
1063 1064 1062
1064 1063 1065
1065 1066 1064
1066 1065 1067
1067 1068 1066
1068 1067 1069
1069 1070 1068
1070 1069 1071
1071 1072 1070
1072 1071 1073
1073 1074 1072
1074 1073 1075
1075 1076 1074
1076 1075 1077
1077 1078 1076
1078 1077 1079
1079 1080 1078
1080 1079 1081
1081 1082 1080
1082 1081 1083
1083 1084 1082
1084 1083 1085
1085 1086 1084
1086 1085 1087
1087 1088 1086
1088 1087 1089
1089 1090 1088
1090 1089 1091
1091 1092 1090
1092 1091 1093
1093 1094 1092
1094 1093 1095
1094 1095 1096
1096 1097 1094
1060 1097 1096
1096 1058 1060
1098 1099 1100
1099 1098 1101
1101 1102 1099
1102 1101 1103
1103 1104 1102
1104 1103 1105
1105 1106 1104
1106 1105 1107
1107 1108 1106
1108 1107 1109
1109 1110 1108
1110 1109 1111
1111 1112 1110
1112 1111 1113
1113 1114 1112
1114 1113 1115
1115 1116 1114
1116 1115 1117
1117 1118 1116
1118 1117 1119
1119 1120 1118
1120 1119 1121
1121 1122 1120
1122 1121 1123
1123 1124 1122
1124 1123 1125
1125 1126 1124
1126 1125 1127
1127 1128 1126
1128 1127 1129
1129 1130 1128
1130 1129 1131
1131 1132 1130
1132 1131 1133
1133 1134 1132
1134 1133 1135
1135 1136 1134
1136 1135 1137
1137 1100 1136
1100 1137 1098
1138 1139 1140
1139 1138 1141
1142 1141 1138
1141 1142 1143
1144 1143 1142
1143 1144 1145
1146 1145 1144
1145 1146 1147
1148 1147 1146
1147 1148 1149
1150 1149 1148
1149 1150 1151
1152 1151 1150
1151 1152 1153
1154 1153 1152
1153 1154 1155
1156 1155 1154
1155 1156 1157
1156 1158 1157
1158 1156 1159
1160 1158 1159
1158 1160 1161
1162 1161 1160
1161 1162 1163
1164 1163 1162
1163 1164 1165
1166 1165 1164
1165 1166 1167
1168 1167 1166
1167 1168 1169
1170 1169 1168
1169 1170 1171
1172 1171 1170
1171 1172 1173
1174 1173 1172
1173 1174 1175
1176 1175 1174
1175 1176 1177
1140 1177 1176
1177 1140 1139
1178 1179 1180
1178 1180 1181
1182 1178 1181
1179 1183 1180
1183 1179 1184
1185 1186 1187
1188 1189 1190
1191 1188 1190
1192 1191 1190
1192 1190 1193
1191 1192 1194
1190 1189 1195
1190 1195 1193
1193 1195 1196
1196 1197 1193
1198 1199 1200
1199 1198 1201
1202 1199 1201
1203 1204 1205
1204 1203 1206
1205 1207 1203
1207 1205 1208
1209 1204 1206
1204 1209 1210
1211 1212 1213
1212 1211 1214
1215 1216 1217
1216 1215 1218
1219 1220 1221
1219 1222 1220
1223 1222 1219
1221 1220 1224
1224 1225 1221
1226 1227 1228
1229 1230 1231
1232 1230 1229
1232 1233 1230
1233 1234 1230
1233 1232 1235
1230 1236 1231
1230 1234 1236
1237 1236 1234
1234 1238 1237
1239 1240 1241
1240 1239 1242
1243 1241 1240
1244 1245 1246
1245 1244 1247
1248 1247 1244
1247 1248 1249
1245 1250 1246
1250 1245 1251
1252 1253 1254
1253 1252 1255
1256 1257 1258
1257 1256 1259
1260 1261 1262
1263 1261 1260
1264 1265 1266
1265 1264 1267
1267 1268 1265
1268 1267 1269
1269 1270 1268
1270 1269 1271
1271 1272 1270
1272 1271 1273
1273 1274 1272
1274 1273 1275
1275 1276 1274
1276 1275 1277
1277 1278 1276
1278 1277 1279
1279 1280 1278
1280 1279 1281
1281 1282 1280
1282 1281 1283
1282 1283 1284
1285 1286 1287
1285 1288 1286
1288 1285 1289
1289 1290 1288
1290 1289 1291
1291 1266 1290
1266 1291 1264
1292 1293 1294
1293 1292 1295
1295 1296 1293
1296 1295 1297
1297 1298 1296
1298 1297 1299
1300 1298 1299
1298 1300 1301
1302 1301 1300
1301 1302 1303
1304 1303 1302
1303 1304 1305
1306 1305 1304
1305 1306 1307
1308 1307 1306
1307 1308 1309
1308 1310 1309
1310 1308 1311
1308 1312 1311
1313 1314 1315
1313 1316 1314
1316 1313 1317
1317 1294 1316
1294 1317 1292
1313 1315 1318
1318 1319 1313
1320 1321 1322
1321 1320 1323
1323 1324 1321
1324 1323 1325
1326 1320 1322
1320 1326 1327
1328 1327 1326
1327 1328 1329
1330 1329 1328
1329 1330 1331
1330 1332 1331
1333 1334 1335
1334 1333 1336
1333 1337 1336
1337 1333 1338
1339 1337 1338
1340 1337 1339
1340 1339 1341
1342 1340 1341
1340 1342 1343
1334 1344 1335
1344 1334 1345
1346 1344 1345
1344 1346 1347
1348 1347 1346
1349 1348 1346
1349 1350 1348
1349 1351 1350
1351 1349 1352
1353 1351 1352
1343 1342 1354
1354 1355 1343
1356 1355 1354
1355 1356 1357
1358 1357 1356
1358 1359 1357
1360 1359 1358
1360 1358 1361
1362 1360 1361
1360 1362 1363
1363 1362 1364
1352 1365 1353
1365 1366 1353
1366 1365 1367
1368 1366 1367
1368 1367 1369
1370 1368 1369
1370 1371 1368
1370 1372 1371
1372 1370 1373
1374 1363 1364
1375 1374 1364
1375 1364 1376
1377 1375 1376
1375 1377 1378
1379 1378 1377
1378 1379 1380
1381 1380 1379
1380 1381 1382
1381 1383 1382
1383 1381 1384
1384 1385 1383
1385 1384 1386
1386 1387 1385
1387 1386 1388
1387 1388 1389
1387 1389 1390
1390 1389 1373
1389 1372 1373
1391 1392 1393
1394 1393 1392
1393 1394 1395
1396 1395 1394
1395 1396 1397
1398 1397 1396
1397 1398 1399
1400 1399 1398
1399 1400 1401
1402 1401 1400
1401 1402 1403
1404 1403 1402
1403 1404 1405
1406 1405 1404
1405 1406 1407
1408 1407 1406
1407 1408 1409
1410 1409 1408
1409 1410 1411
1412 1411 1410
1411 1412 1413
1414 1413 1412
1413 1414 1415
1416 1417 1418
1419 1416 1418
1420 1419 1418
1421 1420 1418
1422 1421 1418
1423 1422 1418
1424 1423 1418
1425 1424 1418
1426 1425 1418
1427 1426 1418
1428 1427 1418
1429 1428 1418
1430 1418 1417
1431 1418 1430
1432 1418 1431
1433 1418 1432
1434 1418 1433
1435 1418 1434
1436 1418 1435
1437 1418 1436
1438 1418 1437
1439 1418 1438
1440 1418 1439
1441 1418 1440
1429 1418 1441
1442 1443 1444
1443 1442 1445
1445 1446 1443
1446 1445 1447
1447 1448 1446
1448 1447 1449
1449 1450 1448
1450 1449 1451
1451 1452 1450
1452 1451 1453
1453 1454 1452
1454 1453 1455
1456 1457 1458
1457 1456 1459
1460 1456 1458
1456 1460 1461
1462 1463 1464
1463 1462 1465
1465 1466 1463
1466 1465 1467
1467 1468 1466
1468 1467 1469
1469 1470 1468
1470 1469 1471
1471 1472 1470
1472 1471 1473
1473 1474 1472
1474 1473 1475
1476 1392 1477
1477 1392 1391
1478 1479 1480
1479 1481 1480
1481 1479 1482
1482 1483 1481
1483 1482 1484
1484 1485 1483
1485 1484 1486
1486 1487 1485
1487 1486 1488
1488 1489 1487
1489 1488 1490
1490 1491 1489
1491 1490 1492
1492 1493 1491
1493 1492 1494
1494 1495 1493
1495 1494 1496
1496 1497 1495
1497 1496 1498
1498 1499 1497
1499 1498 1500
1500 1501 1499
1501 1500 1502
1503 1504 1505
1504 1503 1506
1507 1506 1503
1506 1507 1508
1509 1508 1507
1508 1509 1510
1511 1510 1509
1510 1511 1512
1513 1512 1511
1512 1513 1514
1515 1514 1513
1514 1515 1516
1517 1518 1519
1518 1517 1520
1521 1517 1519
1517 1521 1522
1523 1524 1525
1524 1523 1526
1527 1526 1523
1526 1527 1528
1529 1528 1527
1528 1529 1530
1531 1530 1529
1530 1531 1532
1533 1532 1531
1532 1533 1534
1535 1534 1533
1534 1535 1536
1537 1538 1480
1538 1478 1480
1539 1540 1541
1540 1539 1542
1543 1542 1539
1542 1543 1544
1545 1544 1543
1544 1545 1546
1547 1546 1545
1546 1547 1548
1549 1548 1547
1548 1549 1550
1551 1550 1549
1550 1551 1552
1553 1552 1551
1552 1553 1554
1555 1554 1553
1554 1555 1556
1557 1556 1555
1556 1557 1558
1557 1559 1558
1559 1557 1560
1561 1562 1563
1562 1561 1564
1565 1562 1564
1562 1565 1566
1567 1568 1569
1568 1567 1570
1571 1569 1568
1569 1571 1572
1573 1572 1571
1572 1573 1574
1541 1574 1573
1574 1541 1540
1575 1576 1577
1578 1575 1577
1575 1578 1579
1580 1579 1578
1579 1580 1581
1580 1582 1581
1582 1580 1583
1584 1582 1583
1582 1584 1585
1584 1586 1585
1586 1584 1587
1588 1586 1587
1586 1588 1589
1588 1590 1589
1591 1592 1593
1591 1594 1592
1594 1591 1595
1595 1596 1594
1596 1595 1597
1597 1598 1596
1598 1597 1599
1599 1600 1598
1600 1599 1601
1602 1600 1601
1600 1602 1603
1604 1603 1602
1603 1604 1605
1606 1605 1604
1605 1606 1607
1592 1608 1593
1609 1607 1606
1610 1609 1606
1609 1611 1607
1612 1613 1614
1613 1612 1615
1615 1616 1613
1616 1615 1617
1617 1618 1616
1618 1617 1619
1619 1620 1618
1620 1619 1621
1621 1622 1620
1622 1621 1623
1623 1624 1622
1624 1623 1625
1625 1626 1624
1626 1625 1627
1627 1628 1626
1628 1627 1629
1629 1630 1628
1630 1629 1631
1632 1633 1634
1635 1633 1632
1633 1635 1636
1637 1636 1635
1636 1637 1638
1639 1638 1637
1638 1639 1640
1639 1641 1640
1641 1639 1642
1642 1643 1641
1643 1642 1644
1644 1645 1643
1645 1644 1646
1646 1647 1645
1647 1646 1648
1633 1649 1634
1650 1647 1648
1651 1650 1648
1650 1652 1647
1653 1654 1655
1654 1653 1656
1657 1656 1653
1656 1657 1658
1659 1658 1657
1658 1659 1660
1661 1660 1659
1660 1661 1662
1663 1662 1661
1662 1663 1664
1665 1664 1663
1664 1665 1666
1667 1666 1665
1666 1667 1668
1669 1668 1667
1668 1669 1670
1671 1670 1669
1670 1671 1672
1673 1674 1675
1674 1673 1676
1677 1673 1675
1673 1677 1678
1679 1680 1681
1680 1679 1682
1683 1682 1679
1682 1683 1684
1591 1593 1685
1632 1634 1686
1687 1688 1689
1690 1691 1692
1693 1694 1695
1696 1697 1698
1699 1700 1701
1702 1701 1700
1703 1701 1702
1704 1701 1703
1705 1701 1704
1706 1701 1705
1707 1701 1706
1708 1701 1707
1709 1701 1708
1710 1701 1709
1711 1701 1710
1712 1701 1711
1699 1701 1712
1699 1713 1700
1713 1699 1714
1715 1716 1717
1716 1715 1718
1719 1720 1721
1720 1719 1722
1721 1723 1719
1723 1721 1724
1724 1725 1723
1725 1724 1726
1726 1727 1725
1727 1726 1728
1728 1729 1727
1729 1728 1730
1730 1731 1729
1731 1730 1732
1732 1733 1731
1733 1732 1734
1734 1735 1733
1735 1734 1736
1736 1737 1735
1737 1736 1738
1738 1739 1737
1739 1738 1740
1740 1741 1739
1741 1740 1742
1742 1743 1741
1743 1742 1744
1745 1746 1747
1748 1745 1747
1745 1748 1749
1746 1750 1747
1750 1751 1747
1751 1750 1752
1752 1753 1751
1753 1752 1754
1754 1755 1753
1755 1754 1756
1745 1757 1746
1758 1757 1745
1755 1756 1759
1755 1759 1760
1761 1760 1759
1760 1761 1762
1761 1763 1762
1763 1764 1762
1764 1763 1765
1765 1766 1764
1766 1765 1767
1767 1768 1766
1768 1767 1769
1769 1770 1768
1770 1769 1771
1771 1772 1770
1772 1771 1773
1772 1773 1774
1759 1774 1761
1772 1774 1775
1758 1775 1774
1775 1758 1745
1774 1759 1758
1776 1777 1778
1777 1776 1779
1776 1778 1780
1781 1780 1778
1780 1781 1782
1781 1783 1782
1783 1781 1784
1784 1785 1783
1785 1784 1786
1785 1786 1787
1786 1788 1787
1787 1788 1789
1790 1791 1792
1791 1790 1793
1790 1794 1793
1794 1790 1795
1796 1793 1794
1797 1796 1794
1796 1797 1798
1798 1799 1796
1793 1796 1799
1799 1800 1793
1791 1793 1800
1800 1799 1801
1799 1798 1801
1797 1794 1802
1794 1795 1802
1802 1795 1803
1804 1805 1806
1805 1804 1807
1808 1809 1810
1809 1808 1811
1812 1813 1814
1813 1812 1815
1816 1814 1813
1814 1816 1817
1818 1819 1820
1819 1818 1821
1822 1823 1824
1823 1822 1825
1826 1827 1828
1829 1828 1827
1830 1829 1827
1831 1830 1827
1832 1831 1827
1833 1832 1827
1834 1833 1827
1835 1834 1827
1836 1835 1827
1837 1836 1827
1838 1837 1827
1839 1838 1827
1826 1839 1827
1840 1826 1828
1826 1840 1841
1842 1843 1844
1843 1842 1845
1846 1847 1848
1847 1846 1849
1850 1848 1847
1848 1850 1851
1852 1851 1850
1851 1852 1853
1854 1853 1852
1853 1854 1855
1856 1855 1854
1855 1856 1857
1858 1857 1856
1857 1858 1859
1860 1859 1858
1859 1860 1861
1862 1861 1860
1861 1862 1863
1864 1863 1862
1863 1864 1865
1866 1865 1864
1865 1866 1867
1868 1867 1866
1867 1868 1869
1870 1869 1868
1869 1870 1871
1872 1873 1874
1872 1875 1873
1875 1872 1876
1874 1873 1877
1878 1877 1873
1877 1878 1879
1880 1879 1878
1879 1880 1881
1882 1881 1880
1881 1882 1883
1872 1874 1884
1885 1872 1884
1882 1886 1883
1882 1887 1886
1888 1886 1887
1887 1889 1888
1888 1889 1890
1891 1890 1889
1890 1891 1892
1893 1892 1891
1892 1893 1894
1895 1894 1893
1894 1895 1896
1897 1896 1895
1896 1897 1898
1899 1898 1897
1898 1899 1900
1899 1901 1900
1901 1886 1888
1899 1902 1901
1885 1901 1902
1902 1872 1885
1886 1901 1885
1903 1904 1905
1905 1906 1903
1903 1907 1904
1907 1908 1904
1908 1907 1909
1910 1908 1909
1908 1910 1911
1912 1911 1910
1911 1912 1913
1912 1914 1913
1913 1914 1915
1914 1916 1915
1917 1918 1919
1919 1920 1917
1921 1917 1920
1917 1921 1922
1920 1923 1921
1923 1924 1921
1924 1923 1925
1926 1925 1923
1923 1920 1926
1927 1926 1920
1919 1927 1920
1926 1927 1928
1925 1926 1928
1924 1929 1921
1921 1929 1922
1929 1930 1922
1931 1932 1933
1932 1931 1934
1935 1936 1937
1936 1935 1938
1939 1940 1941
1940 1939 1942
1941 1943 1939
1943 1941 1944
1945 1946 1947
1946 1945 1948
1949 1950 1951
1950 1949 1952
1953 1954 1955
1953 1955 1956
1953 1956 1957
1953 1957 1958
1953 1958 1959
1953 1959 1960
1953 1960 1961
1953 1961 1962
1953 1962 1963
1953 1963 1964
1953 1964 1965
1953 1965 1966
1953 1966 1967
1953 1967 1968
1953 1968 1969
1953 1969 1970
1953 1970 1971
1953 1971 1972
1953 1972 1973
1953 1973 1954
