byte offset: 0
first index: 0
index count: 5910
topology: trianglelist
format: DXGI_FORMAT_R16_UINT

0 1 2
1 0 3
1 3 4
4 3 5
4 5 6
6 5 7
6 7 8
8 7 9
8 9 10
10 9 11
10 11 12
12 11 13
5 14 7
15 14 5
5 3 15
16 15 3
7 17 9
7 18 17
14 18 7
9 17 19
9 19 11
11 19 20
20 13 11
16 21 15
16 22 21
23 22 16
23 24 22
15 21 25
15 25 14
14 25 26
14 26 18
18 26 27
18 27 17
17 27 28
17 28 19
19 28 20
29 24 23
29 23 30
29 31 24
24 32 22
24 33 32
31 33 24
22 32 34
22 34 21
21 34 35
21 35 25
25 35 36
25 36 26
26 36 37
26 37 27
27 37 38
27 38 28
28 38 39
28 39 40
31 41 33
42 41 31
43 42 31
43 31 29
42 44 41
45 44 42
45 46 44
47 46 45
47 48 46
49 48 47
49 47 50
51 50 47
36 52 37
37 52 53
37 53 38
38 53 54
38 54 39
39 54 55
39 55 56
49 57 48
49 58 57
59 58 49
60 59 49
60 49 61
59 62 58
56 55 63
55 64 63
64 65 63
55 66 64
55 67 66
54 67 55
64 68 65
65 68 69
64 70 68
64 71 70
68 70 72
68 72 73
68 73 69
69 73 74
69 74 75
76 69 75
65 69 76
75 74 77
75 77 78
78 77 79
78 79 60
73 72 80
73 80 74
74 80 81
74 81 77
77 81 62
77 62 79
75 78 82
83 75 82
75 83 84
84 76 75
84 83 85
85 86 87
85 88 86
33 89 90
33 90 32
32 90 91
32 91 34
34 91 92
34 92 35
35 92 93
35 93 36
36 93 52
41 89 33
41 94 89
44 94 41
44 95 94
46 95 44
46 96 95
48 96 46
48 57 96
43 29 97
98 43 97
43 98 99
43 99 100
43 100 42
100 45 42
45 100 101
101 100 102
99 102 100
102 103 101
29 104 97
97 104 105
30 104 29
30 106 104
104 106 107
105 104 107
105 107 108
101 103 109
109 110 101
109 111 110
109 112 111
113 111 112
47 101 110
47 45 101
47 110 51
23 114 30
114 23 115
23 16 115
0 115 16
0 116 115
0 2 116
3 0 16
1 117 2
118 119 20
13 20 119
20 40 118
40 56 118
56 40 39
28 40 20
13 120 12
121 122 123
122 124 123
125 126 127
127 128 125
127 129 128
129 130 128
129 131 130
131 132 130
131 133 132
133 134 132
133 135 134
135 136 134
135 137 136
137 138 136
130 132 139
140 130 139
130 140 128
141 128 140
132 134 142
132 142 143
139 132 143
134 136 144
134 144 142
136 145 144
145 136 138
141 140 146
141 146 147
148 141 147
148 147 149
140 139 150
140 150 146
139 143 151
139 151 150
143 142 152
143 152 151
142 144 153
142 153 152
144 145 153
154 148 149
154 155 148
154 149 156
149 147 157
149 157 158
156 149 158
147 146 159
147 159 157
146 150 160
146 160 159
150 151 161
150 161 160
151 152 162
151 162 161
152 153 163
152 163 162
153 164 163
153 165 164
156 158 166
167 156 166
168 156 167
168 154 156
167 166 169
170 167 169
170 169 171
172 170 171
172 171 173
174 172 173
174 175 172
176 172 175
161 162 177
162 163 178
162 178 177
174 173 179
174 179 180
181 174 180
182 174 181
182 183 174
181 180 184
173 171 185
173 185 179
171 186 185
172 176 187
188 182 189
188 189 190
190 189 184
191 188 190
191 190 192
193 191 192
194 191 193
193 192 195
195 192 196
195 196 197
198 195 197
198 193 195
199 193 198
199 194 193
198 197 200
201 198 200
201 199 198
201 202 199
201 200 203
192 190 204
192 204 196
190 184 204
205 202 201
205 201 206
205 206 207
208 202 205
164 208 205
164 205 209
209 205 207
163 164 209
163 209 178
208 164 165
165 210 208
145 210 165
210 145 211
138 211 145
153 145 165
138 137 212
213 214 191
191 214 188
191 215 213
215 216 213
215 191 194
216 217 218
216 218 219
158 157 220
158 220 221
157 222 220
157 159 222
159 223 222
159 160 223
160 224 223
160 161 224
161 177 224
166 158 221
166 221 225
169 166 225
169 225 186
171 169 186
168 226 154
227 226 168
168 228 227
168 229 228
168 167 229
229 167 170
170 230 229
230 231 229
228 229 231
231 230 232
154 226 233
226 234 233
155 154 233
155 233 235
233 236 235
234 236 233
234 237 236
230 238 232
238 230 187
238 187 239
238 239 240
241 240 239
172 187 230
172 230 170
148 155 242
242 243 148
148 243 141
125 141 243
125 243 244
125 244 126
128 141 125
127 126 245
246 247 248
248 247 249
250 251 252
252 251 253
252 253 254
255 254 253
256 255 253
251 257 253
256 253 257
257 258 256
259 257 251
250 259 251
259 260 257
261 260 259
262 261 259
262 259 250
263 261 262
255 264 254
254 264 265
265 264 266
254 265 267
265 268 267
254 267 269
267 270 269
267 268 270
271 270 268
272 271 268
272 268 273
273 265 266
265 273 268
273 266 274
275 273 274
272 273 275
271 276 270
276 277 270
276 278 277
270 277 279
270 279 269
277 278 280
281 279 277
280 281 277
281 282 279
283 281 280
283 282 281
283 280 284
285 283 284
283 285 263
284 286 285
287 285 286
282 288 279
262 288 282
283 262 282
263 262 283
279 288 252
269 279 252
252 254 269
289 290 291
289 291 292
292 291 293
289 294 290
291 295 293
293 295 296
295 297 296
296 297 298
299 296 298
295 258 297
300 258 295
290 300 291
291 300 295
290 294 301
290 301 300
301 260 300
292 302 289
303 296 299
304 303 299
305 304 299
306 304 305
305 307 306
308 303 304
308 304 306
309 302 308
309 308 306
310 309 306
307 310 306
310 311 309
311 312 309
309 312 313
302 309 313
311 314 312
308 315 303
308 292 315
308 302 292
303 315 296
316 312 314
316 314 317
316 317 318
318 319 316
316 320 312
319 320 316
320 313 312
313 320 289
319 321 320
320 321 289
289 321 294
317 322 318
302 313 289
323 324 325
323 326 324
325 327 323
327 325 328
328 329 327
330 329 328
330 328 331
332 333 334
333 335 334
334 336 332
337 332 336
336 338 337
337 338 339
340 337 339
341 342 343
342 341 344
344 299 342
344 305 299
298 342 299
345 275 274
346 347 348
346 348 349
349 348 350
349 350 351
351 350 352
351 352 353
353 352 354
353 354 355
355 354 356
355 356 357
357 356 358
357 358 359
359 358 360
359 360 361
361 360 362
361 362 363
363 362 364
363 364 365
366 367 368
366 368 369
369 368 370
369 370 371
371 370 372
371 372 373
373 372 374
373 374 375
375 374 376
375 376 377
377 376 378
377 378 379
379 378 380
379 380 381
381 380 382
381 382 383
383 382 384
383 384 385
385 384 386
385 386 387
388 389 347
388 347 346
390 391 392
392 391 393
393 391 394
394 391 395
395 391 396
396 391 397
397 391 398
398 391 399
399 391 400
401 391 390
402 391 403
403 391 404
404 391 405
405 391 406
406 391 407
407 391 408
408 391 409
409 391 410
410 391 411
411 391 412
413 414 415
413 415 416
416 415 417
416 417 418
418 417 419
418 419 420
420 419 421
420 421 422
422 421 423
422 423 424
424 423 425
424 425 426
426 425 427
426 427 428
428 427 429
428 429 430
430 429 431
430 431 432
433 434 435
433 435 436
436 435 437
436 437 438
438 437 439
438 439 440
440 439 441
440 441 442
442 441 443
442 443 444
444 443 445
444 445 446
446 445 447
446 447 448
448 447 449
448 449 450
450 449 451
450 451 452
452 451 453
452 453 454
455 456 414
455 414 413
457 458 459
457 459 460
461 458 457
461 462 458
463 462 461
463 464 462
465 464 463
465 466 464
467 466 465
467 468 466
469 468 467
469 470 468
471 470 469
471 472 470
473 472 471
473 474 472
475 474 473
475 476 474
477 478 479
477 479 480
481 478 477
481 482 478
483 482 481
483 484 482
485 484 483
485 486 484
487 486 485
487 488 486
489 488 487
489 487 490
491 489 490
491 492 489
493 492 491
493 494 492
495 494 493
495 496 494
497 496 495
497 498 496
486 488 499
500 488 489
501 488 500
499 488 501
501 502 499
501 503 502
500 504 501
504 505 501
460 459 506
460 506 507
508 509 510
508 510 511
512 509 508
512 513 509
514 513 512
514 515 513
516 515 514
516 517 515
511 510 518
511 518 519
520 521 516
520 522 521
523 522 520
523 524 522
525 524 523
525 526 524
527 526 525
527 528 526
529 528 527
529 530 528
531 532 530
531 530 533
534 532 531
534 535 532
536 535 534
536 537 535
538 537 536
538 539 537
538 540 539
538 541 540
541 542 540
541 543 542
543 544 542
543 545 544
546 544 545
546 547 544
548 547 546
548 549 547
550 549 548
550 548 551
552 550 551
552 551 553
554 552 553
554 553 555
556 554 555
556 557 554
558 557 556
558 559 557
560 559 558
560 561 559
562 561 560
562 518 561
563 564 565
563 565 566
567 568 569
567 569 570
567 570 571
567 571 572
571 573 572
574 575 576
574 576 577
575 578 576
575 579 578
579 580 578
579 581 580
581 582 580
581 583 582
583 584 582
583 585 584
585 586 584
585 587 586
587 588 586
587 589 588
589 590 588
589 591 590
591 592 590
591 593 592
594 595 596
594 596 597
595 598 596
595 599 598
599 600 598
599 601 600
601 602 600
601 603 602
603 604 602
603 605 604
605 606 604
605 607 606
607 608 606
607 609 608
609 610 608
609 611 610
611 612 610
611 613 612
613 614 612
613 615 614
616 574 577
616 577 617
618 619 620
619 621 620
621 622 620
622 623 620
623 624 620
624 625 620
625 626 620
626 627 620
627 628 620
629 618 620
630 631 620
631 632 620
632 633 620
633 634 620
634 635 620
635 636 620
636 637 620
637 638 620
638 639 620
639 640 620
641 642 643
641 643 644
642 645 643
642 646 645
646 647 645
646 648 647
648 649 647
648 650 649
650 651 649
650 652 651
652 653 651
652 654 653
654 655 653
654 656 655
656 657 655
656 658 657
658 659 657
658 660 659
661 662 663
661 663 664
662 665 663
662 666 665
666 667 665
666 668 667
668 669 667
668 670 669
670 671 669
670 672 671
672 673 671
672 674 673
674 675 673
674 676 675
676 677 675
676 678 677
678 679 677
678 680 679
680 681 679
680 682 681
683 641 644
683 644 684
685 686 687
685 687 688
689 685 688
689 688 690
691 689 690
691 690 692
693 691 692
693 692 694
695 693 694
695 694 696
697 695 696
697 696 698
699 697 698
699 698 700
701 699 700
701 700 702
703 701 702
703 702 704
705 706 707
705 707 708
709 705 708
709 708 710
711 709 710
711 710 712
713 711 712
713 712 714
715 713 714
715 714 716
717 715 716
717 718 715
719 718 717
719 717 720
721 719 720
721 720 722
723 721 722
723 722 724
725 723 724
725 724 726
714 727 716
728 717 716
728 716 729
729 716 727
727 730 729
730 731 729
729 732 728
729 733 732
686 734 735
686 735 687
736 737 738
736 738 739
740 736 739
740 739 741
742 740 741
742 741 743
744 742 743
744 743 745
746 744 745
746 745 747
748 746 747
748 747 749
750 748 749
750 749 751
752 750 751
752 751 753
754 752 753
754 753 755
756 757 755
756 755 758
759 756 758
759 758 760
761 759 760
761 760 762
763 761 762
763 762 764
763 764 765
763 765 766
766 765 767
766 767 768
768 767 769
768 769 770
771 770 769
771 769 772
773 771 772
773 772 774
775 773 774
775 776 773
777 776 775
777 778 776
779 778 777
779 780 778
781 780 779
781 779 782
783 781 782
783 782 784
785 783 784
785 784 786
787 785 786
787 786 788
737 789 788
737 788 738
790 791 792
790 792 793
794 795 796
794 796 797
794 798 795
794 799 798
798 799 800
801 802 803
801 803 804
804 803 805
804 805 806
806 805 807
806 807 808
809 802 801
809 810 802
811 810 809
811 812 810
813 812 811
813 814 812
815 814 813
815 816 814
817 816 815
817 818 816
819 820 821
819 821 822
822 821 823
822 823 824
824 823 825
824 825 826
826 825 827
826 827 828
828 827 829
828 829 830
830 829 831
830 831 832
832 831 833
832 833 834
834 833 835
834 835 836
837 838 839
840 837 839
841 837 840
837 841 842
837 842 843
844 843 842
844 845 843
837 846 838
847 838 846
847 848 838
849 837 850
850 837 851
837 852 851
837 849 853
854 855 843
856 855 854
857 855 856
855 857 858
855 858 852
859 852 858
859 860 852
855 861 846
861 855 862
862 855 863
855 864 863
865 864 853
865 866 864
837 853 864
867 868 869
870 868 867
870 871 868
872 871 870
872 873 871
874 873 872
875 874 872
876 874 875
877 876 875
877 878 876
879 878 877
879 880 878
881 880 879
881 882 880
883 882 881
884 883 881
885 883 884
886 885 884
886 887 885
888 887 886
888 889 887
890 889 888
890 891 889
892 891 890
893 892 890
894 892 893
895 894 893
895 896 894
897 896 895
897 898 896
899 898 897
899 900 898
901 900 899
902 901 899
869 901 902
867 869 902
903 904 905
903 905 906
907 904 903
907 908 904
909 908 907
909 910 908
911 910 909
911 909 912
913 914 915
913 915 916
916 915 917
916 917 918
918 917 919
918 919 920
921 914 913
921 913 922
923 924 925
923 925 926
926 925 927
926 927 928
928 927 929
928 929 930
931 924 923
931 923 932
933 934 935
933 935 936
936 935 937
936 937 938
938 937 939
938 939 940
941 934 933
941 933 942
943 944 945
943 945 946
947 948 949
947 949 950
951 952 953
951 953 954
955 956 957
955 957 958
959 960 961
959 961 962
963 964 965
963 965 966
967 968 969
967 969 970
971 972 973
971 973 974
975 976 977
975 977 978
979 980 981
979 981 982
983 984 985
983 985 986
987 988 989
987 989 990
991 992 993
991 993 994
995 996 997
995 997 998
999 1000 1001
999 1001 1002
1003 1004 1005
1003 1005 1006
1007 1008 1009
1010 1008 1007
1007 1009 1011
1012 1007 1011
1012 1011 1013
1014 1012 1013
1014 1013 1015
1016 1007 1012
1010 1007 1016
1016 1012 1017
1018 1017 1012
1019 1018 1012
1018 1019 1020
1019 1014 1021
1018 1020 1022
1022 1020 1023
1021 1024 1025
1021 1025 1026
1027 1021 1026
1027 1026 1028
1029 1027 1028
1030 1021 1027
1030 1027 1031
1031 1027 1032
1033 1021 1030
1021 1033 1034
1034 1033 1035
1012 1024 1034
1036 1027 1029
1032 1027 1036
1033 1037 1035
1035 1037 1038
1039 1040 1041
1042 1039 1041
1039 1043 1040
1042 1044 1039
1045 1043 1039
1046 1045 1039
1039 1047 1046
1044 1047 1039
1044 1048 1047
1049 1047 1048
1049 1046 1047
1050 1045 1046
1050 1051 1045
1049 1048 1052
1049 1052 1053
1054 1053 1052
1052 1055 1054
1055 1056 1054
1049 1057 1046
1045 1058 1043
1059 1058 1045
1059 1060 1058
1061 1062 1063
1061 1064 1062
1063 1062 1065
1066 1065 1062
1064 1066 1062
1066 1067 1065
1067 1068 1065
1068 1069 1065
1069 1070 1065
1065 1071 1063
1065 1070 1071
1063 1071 1072
1063 1072 1073
1070 1074 1071
1071 1074 1075
1071 1075 1076
1061 1077 1064
1077 1078 1079
1079 1080 1077
1079 1081 1080
1061 1078 1077
1061 1063 1082
1083 1084 1085
1083 1085 1086
1087 1083 1086
1087 1086 1088
1084 1089 1085
1084 1090 1089
1090 1091 1089
1090 1092 1091
1092 1093 1091
1092 1094 1093
1095 1087 1088
1095 1088 1096
1097 1095 1096
1097 1096 1098
1099 1097 1098
1099 1098 1100
1101 1102 1103
1101 1103 1104
1102 1105 1103
1102 1106 1105
1106 1107 1105
1106 1108 1107
1108 1109 1107
1108 1110 1109
1110 1111 1109
1110 1112 1111
1112 1113 1111
1112 1114 1113
1114 1115 1113
1114 1116 1115
1116 1117 1115
1116 1118 1117
1119 1120 1121
1119 1121 1122
1123 1124 1125
1123 1125 1126
1127 1128 1129
1127 1129 1130
1131 1132 1133
1131 1133 1134
1135 1136 1137
1135 1137 1138
1139 1140 1141
1139 1141 1142
1143 1144 1139
1143 1145 1144
1146 1147 1143
1146 1148 1147
1149 1150 1146
1149 1151 1150
1152 1153 1149
1152 1154 1153
1155 1156 1152
1155 1157 1156
1158 1159 1155
1158 1160 1159
1161 1162 1158
1161 1163 1162
1164 1165 1161
1164 1166 1165
1167 1168 1164
1167 1169 1168
1170 1171 1167
1170 1172 1171
1173 1174 1170
1173 1175 1174
1176 1177 1173
1176 1178 1177
1179 1180 1176
1179 1181 1180
1182 1183 1179
1182 1184 1183
1185 1186 1182
1185 1187 1186
1188 1189 1185
1188 1190 1189
1191 1192 1193
1193 1194 1191
1195 1196 1197
1197 1198 1195
1199 1200 1201
1199 1201 1202
1203 1204 1205
1203 1205 1206
1207 1208 1209
1207 1209 1210
1211 1212 1213
1211 1213 1214
1215 1216 1217
1215 1217 1218
1219 1220 1221
1219 1221 1222
1223 1224 1225
1223 1225 1226
1227 1228 1229
1227 1229 1230
1231 1232 1233
1231 1233 1234
1235 1236 1237
1235 1237 1238
1239 1240 1241
1239 1241 1242
1243 1244 1245
1243 1245 1246
1247 1248 1249
1247 1249 1250
1251 1252 1253
1251 1253 1254
1255 1256 1257
1255 1257 1258
1259 1260 1261
1259 1261 1262
1263 1264 1265
1263 1265 1266
1267 1268 1269
1267 1269 1270
1271 1272 1273
1271 1273 1274
1275 1276 1277
1275 1277 1278
1279 1280 1281
1279 1281 1282
1283 1279 1282
1283 1282 1284
1285 1283 1284
1285 1284 1286
1287 1285 1286
1287 1286 1288
1289 1287 1288
1289 1288 1290
1291 1289 1290
1291 1290 1292
1293 1291 1292
1293 1292 1294
1295 1293 1294
1295 1294 1296
1297 1295 1296
1297 1296 1298
1297 1298 1299
1297 1299 1300
1301 1300 1299
1301 1299 1302
1303 1301 1302
1303 1302 1304
1305 1303 1304
1305 1304 1306
1307 1305 1306
1307 1306 1308
1309 1307 1308
1309 1308 1310
1311 1309 1310
1311 1310 1312
1313 1311 1312
1313 1312 1314
1315 1313 1314
1315 1314 1316
1317 1315 1316
1317 1316 1318
1280 1317 1318
1280 1318 1281
1319 1320 1321
1319 1321 1322
1323 1319 1322
1320 1324 1321
1324 1320 1325
1326 1327 1328
1329 1330 1331
1332 1329 1331
1333 1332 1331
1333 1331 1334
1334 1331 1335
1331 1330 1336
1331 1336 1335
1335 1336 1337
1337 1338 1335
1339 1340 1341
1339 1341 1342
1343 1339 1342
1344 1345 1346
1344 1346 1347
1345 1348 1346
1345 1349 1348
1350 1344 1347
1350 1347 1351
1352 1353 1354
1352 1354 1355
1356 1357 1358
1356 1358 1359
1360 1361 1362
1360 1363 1361
1364 1363 1360
1362 1361 1365
1365 1366 1362
1367 1368 1369
1370 1371 1372
1373 1371 1370
1374 1371 1373
1374 1375 1371
1375 1376 1371
1371 1377 1372
1371 1376 1377
1378 1377 1376
1376 1379 1378
1380 1381 1382
1380 1382 1383
1384 1381 1380
1385 1386 1387
1385 1387 1388
1388 1387 1389
1388 1389 1390
1391 1386 1385
1391 1392 1386
1393 1394 1395
1393 1395 1396
1397 1398 1399
1397 1399 1400
1401 1402 1403
1404 1405 1406
1407 1408 1409
1407 1409 1410
1411 1408 1407
1411 1412 1408
1413 1412 1411
1413 1414 1412
1410 1409 1415
1410 1415 1416
1416 1415 1417
1416 1417 1418
1418 1417 1419
1418 1419 1420
1420 1419 1421
1422 1423 1424
1422 1424 1425
1426 1423 1422
1426 1427 1423
1428 1427 1426
1428 1429 1427
1430 1429 1428
1430 1431 1429
1432 1431 1430
1432 1433 1431
1434 1433 1432
1434 1435 1433
1435 1434 1436
1437 1438 1439
1437 1439 1440
1441 1442 1443
1441 1443 1444
1445 1446 1447
1445 1447 1448
1449 1450 1451
1449 1451 1452
1453 1454 1455
1453 1455 1456
1457 1458 1459
1457 1459 1460
1461 1462 1463
1461 1463 1464
1465 1466 1467
1465 1467 1468
1469 1466 1465
1469 1470 1466
1465 1471 1469
1472 1473 1474
1475 1473 1472
1475 1476 1473
1472 1474 1477
1477 1478 1472
1479 1480 1481
1479 1481 1482
1483 1484 1485
1483 1485 1486
1487 1484 1483
1487 1488 1484
1485 1489 1486
1485 1490 1489
1490 1491 1489
1490 1492 1491
1492 1493 1491
1492 1494 1493
1494 1495 1493
1496 1497 1498
1496 1498 1499
1500 1496 1499
1500 1499 1501
1502 1500 1501
1503 1500 1502
1503 1502 1504
1505 1503 1504
1505 1504 1506
1505 1506 1507
1507 1508 1505
1509 1508 1507
1509 1507 1510
1511 1509 1510
1511 1512 1509
1513 1512 1511
1513 1511 1514
1515 1513 1514
1515 1514 1516
1515 1516 1517
1518 1515 1517
1519 1518 1517
1519 1517 1520
1521 1519 1520
1521 1520 1522
1523 1521 1522
1523 1522 1524
1525 1523 1524
1525 1524 1526
1527 1528 1529
1530 1529 1528
1530 1528 1531
1532 1530 1531
1532 1531 1533
1534 1532 1533
1534 1533 1535
1536 1534 1535
1536 1535 1537
1538 1536 1537
1538 1537 1539
1540 1538 1539
1540 1539 1541
1542 1540 1541
1542 1541 1543
1544 1542 1543
1544 1543 1545
1546 1544 1545
1546 1545 1547
1548 1546 1547
1548 1547 1549
1550 1548 1549
1550 1549 1551
1552 1553 1554
1555 1552 1554
1556 1555 1554
1557 1556 1554
1558 1557 1554
1559 1558 1554
1560 1559 1554
1561 1560 1554
1562 1561 1554
1563 1562 1554
1564 1554 1553
1565 1563 1566
1567 1565 1554
1568 1566 1564
1569 1566 1568
1570 1566 1569
1571 1566 1570
1572 1566 1571
1573 1566 1572
1574 1566 1573
1575 1566 1574
1576 1566 1575
1577 1566 1576
1578 1554 1577
1579 1566 1578
1580 1581 1582
1580 1582 1583
1584 1581 1580
1584 1585 1581
1586 1585 1584
1586 1587 1585
1588 1587 1586
1588 1589 1587
1590 1589 1588
1590 1591 1589
1592 1591 1590
1592 1593 1591
1594 1595 1596
1594 1596 1597
1597 1596 1598
1597 1598 1599
1600 1601 1602
1600 1602 1603
1604 1601 1600
1604 1605 1601
1606 1605 1604
1606 1607 1605
1608 1607 1606
1608 1609 1607
1610 1609 1608
1610 1611 1609
1612 1611 1610
1612 1613 1611
1614 1528 1615
1615 1528 1527
1616 1617 1618
1616 1618 1619
1620 1617 1616
1620 1621 1617
1622 1621 1620
1623 1622 1620
1623 1624 1622
1625 1624 1623
1625 1626 1624
1627 1626 1625
1625 1628 1627
1629 1627 1628
1629 1630 1627
1631 1630 1629
1631 1629 1632
1633 1631 1632
1633 1634 1631
1635 1634 1633
1635 1636 1634
1637 1636 1635
1638 1637 1635
1639 1637 1638
1639 1640 1637
1641 1640 1639
1641 1642 1640
1643 1642 1641
1643 1644 1642
1645 1644 1643
1645 1646 1644
1647 1648 1649
1650 1649 1648
1650 1651 1649
1652 1651 1650
1652 1653 1651
1654 1653 1652
1654 1655 1653
1656 1655 1654
1656 1657 1655
1658 1657 1656
1658 1659 1657
1660 1659 1658
1660 1661 1659
1662 1661 1660
1662 1663 1661
1664 1663 1662
1664 1665 1663
1666 1665 1664
1666 1667 1665
1668 1667 1666
1668 1669 1667
1670 1669 1668
1670 1671 1669
1672 1673 1674
1672 1674 1675
1676 1672 1675
1676 1675 1677
1678 1676 1677
1678 1677 1679
1680 1678 1679
1680 1679 1681
1682 1680 1681
1682 1681 1683
1684 1682 1683
1684 1683 1685
1686 1687 1688
1686 1688 1689
1690 1689 1688
1690 1688 1691
1692 1693 1694
1692 1694 1695
1696 1692 1695
1696 1695 1697
1698 1696 1697
1698 1697 1699
1700 1698 1699
1700 1699 1701
1702 1700 1701
1702 1701 1703
1704 1702 1703
1704 1703 1705
1706 1707 1649
1707 1647 1649
1708 1709 1710
1708 1710 1711
1712 1708 1711
1712 1711 1713
1714 1712 1713
1714 1713 1715
1709 1716 1710
1709 1717 1716
1717 1718 1716
1717 1719 1718
1719 1720 1718
1719 1721 1720
1720 1721 1722
1720 1722 1723
1724 1725 1726
1724 1726 1727
1728 1724 1727
1728 1727 1729
1730 1728 1729
1730 1729 1731
1732 1730 1731
1732 1731 1733
1734 1732 1733
1734 1733 1735
1736 1734 1735
1736 1735 1737
1738 1736 1737
1738 1739 1736
1740 1741 1742
1740 1742 1743
1744 1745 1746
1744 1746 1747
1748 1749 1750
1751 1748 1750
1751 1750 1752
1751 1752 1753
1751 1753 1754
1753 1755 1754
1753 1756 1755
1757 1758 1759
1757 1759 1760
1758 1761 1759
1758 1762 1761
1762 1763 1761
1762 1764 1763
1764 1765 1763
1766 1767 1768
1769 1767 1766
1769 1770 1767
1771 1770 1769
1771 1772 1770
1773 1772 1771
1773 1774 1772
1775 1774 1773
1775 1776 1774
1777 1776 1775
1777 1778 1776
1779 1778 1777
1779 1780 1778
1781 1780 1779
1781 1782 1780
1767 1783 1768
1784 1782 1781
1785 1784 1781
1784 1786 1782
1787 1788 1789
1787 1789 1790
1791 1788 1787
1791 1792 1788
1793 1792 1791
1793 1794 1792
1795 1794 1793
1795 1796 1794
1797 1798 1796
1797 1796 1799
1800 1801 1798
1800 1798 1802
1803 1801 1800
1803 1804 1801
1805 1804 1803
1805 1806 1804
1807 1806 1805
1807 1808 1806
1809 1810 1811
1812 1810 1809
1812 1813 1810
1814 1813 1812
1814 1815 1813
1816 1815 1814
1816 1817 1815
1818 1817 1816
1818 1819 1817
1820 1819 1818
1820 1821 1819
1822 1821 1820
1822 1823 1821
1824 1823 1822
1824 1825 1823
1810 1826 1811
1827 1825 1824
1828 1827 1824
1827 1829 1825
1830 1831 1832
1830 1832 1833
1834 1830 1833
1834 1833 1835
1836 1834 1835
1836 1835 1837
1838 1836 1837
1838 1837 1839
1840 1838 1841
1840 1841 1842
1843 1840 1844
1843 1844 1845
1846 1843 1845
1846 1845 1847
1848 1846 1847
1848 1847 1849
1850 1848 1849
1850 1849 1851
1852 1853 1854
1852 1854 1855
1854 1856 1855
1854 1857 1856
1858 1859 1860
1858 1860 1861
1862 1858 1861
1862 1861 1863
1766 1768 1864
1809 1811 1865
1866 1867 1868
1869 1870 1871
1872 1873 1874
1875 1876 1877
1878 1879 1880
1881 1880 1879
1882 1880 1881
1883 1880 1882
1884 1880 1883
1885 1880 1884
1886 1880 1885
1887 1880 1886
1888 1880 1887
1889 1880 1888
1890 1880 1889
1891 1880 1890
1878 1880 1891
1892 1879 1878
1892 1893 1879
1894 1895 1896
1894 1896 1897
1898 1899 1900
1898 1900 1901
1901 1900 1902
1901 1902 1903
1903 1902 1904
1903 1904 1905
1906 1907 1908
1906 1908 1909
1909 1908 1910
1909 1910 1911
1911 1910 1912
1911 1912 1913
1913 1912 1914
1913 1914 1915
1915 1914 1916
1915 1916 1917
1917 1916 1918
1917 1918 1919
1919 1918 1920
1919 1920 1921
1922 1923 1924
1922 1924 1925
1925 1924 1926
1925 1926 1927
1928 1929 1930
1931 1928 1930
1931 1930 1932
1929 1933 1930
1930 1933 1934
1930 1934 1935
1935 1934 1936
1935 1936 1937
1937 1936 1938
1937 1938 1939
1928 1940 1929
1941 1940 1928
1939 1938 1942
1939 1942 1943
1944 1943 1942
1943 1944 1945
1944 1946 1945
1945 1946 1947
1945 1947 1948
1948 1947 1949
1948 1949 1950
1950 1949 1951
1950 1951 1952
1952 1951 1953
1952 1953 1954
1954 1953 1955
1954 1955 1956
1956 1955 1957
1956 1957 1958
1941 1958 1957
1958 1941 1928
1941 1957 1959
1941 1959 1942
1960 1961 1962
1961 1960 1963
1960 1962 1964
1964 1962 1965
1964 1965 1966
1966 1965 1967
1966 1967 1968
1968 1967 1969
1968 1969 1970
1970 1969 1971
1969 1972 1971
1971 1972 1973
1974 1975 1976
1975 1974 1977
1978 1977 1974
1978 1979 1977
1979 1980 1977
1981 1977 1980
1975 1977 1981
1981 1980 1982
1979 1983 1980
1982 1984 1983
1982 1983 1985
1985 1986 1979
1985 1979 1987
1987 1979 1988
1979 1978 1988
1988 1978 1989
1990 1991 1992
1990 1992 1993
1994 1995 1996
1994 1996 1997
1998 1999 2000
1998 2000 2001
1999 2002 2000
1999 2003 2002
2004 2005 2006
2004 2006 2007
2008 2009 2010
2008 2010 2011
2012 2013 2014
2015 2014 2013
2016 2015 2013
2017 2016 2013
2018 2017 2013
2019 2018 2013
2020 2019 2013
2021 2020 2013
2022 2021 2013
2023 2022 2013
2024 2023 2013
2025 2024 2013
2012 2025 2013
2026 2012 2014
2026 2014 2027
2028 2029 2030
2028 2030 2031
2032 2033 2034
2032 2034 2035
2033 2036 2034
2033 2037 2036
2037 2038 2036
2037 2039 2038
2040 2041 2042
2040 2042 2043
2041 2044 2042
2041 2045 2044
2045 2046 2044
2045 2047 2046
2047 2048 2046
2047 2049 2048
2049 2050 2048
2049 2051 2050
2051 2052 2050
2051 2053 2052
2053 2054 2052
2053 2055 2054
2056 2057 2058
2056 2058 2059
2057 2060 2058
2057 2061 2060
2062 2063 2064
2065 2063 2062
2065 2066 2063
2064 2063 2067
2063 2068 2067
2063 2069 2068
2069 2070 2068
2069 2071 2070
2071 2072 2070
2071 2073 2072
2062 2064 2074
2075 2062 2074
2073 2076 2072
2073 2077 2076
2078 2076 2077
2077 2079 2078
2078 2079 2080
2079 2081 2080
2079 2082 2081
2082 2083 2081
2082 2084 2083
2084 2085 2083
2084 2086 2085
2086 2087 2085
2086 2088 2087
2088 2089 2087
2088 2090 2089
2090 2091 2089
2090 2092 2091
2075 2091 2092
2092 2062 2075
2075 2093 2091
2075 2076 2093
2094 2095 2096
2096 2097 2094
2094 2098 2095
2098 2099 2095
2098 2100 2099
2100 2101 2099
2100 2102 2101
2102 2103 2101
2102 2104 2103
2104 2105 2103
2103 2105 2106
2105 2107 2106
2108 2109 2110
2110 2111 2108
2112 2108 2111
2112 2111 2113
2113 2111 2114
2115 2114 2111
2110 2115 2111
2115 2116 2114
2113 2114 2117
2116 2118 2117
2116 2117 2119
2118 2120 2113
2118 2113 2121
2120 2122 2113
2113 2122 2112
2122 2123 2112
2124 2125 2126
2124 2126 2127
2128 2129 2130
2128 2130 2131
2132 2133 2134
2132 2134 2135
2135 2134 2136
2135 2136 2137
2138 2139 2140
2138 2140 2141
2142 2143 2144
2142 2144 2145
2146 2147 2148
2146 2149 2147
2150 2148 2151
2150 2151 2152
2150 2152 2153
2150 2153 2154
2150 2154 2155
2146 2155 2156
2150 2156 2157
2150 2157 2158
2146 2159 2160
2146 2160 2161
2150 2161 2162
2146 2162 2163
2146 2163 2164
2146 2164 2165
2146 2165 2166
2146 2166 2167
2150 2167 2168
2150 2168 2169
