byte offset: 0
first index: 0
index count: 3120
topology: trianglelist
format: DXGI_FORMAT_R16_UINT

0 1 2
1 3 2
2 3 4
2 4 5
5 4 6
5 6 7
7 6 8
7 8 9
8 10 9
11 12 13
13 14 11
13 15 14
13 16 15
16 17 15
16 18 17
18 19 17
18 20 19
20 21 19
22 23 24
23 22 25
26 27 28
27 26 29
30 28 27
28 30 31
30 32 31
32 30 33
33 34 32
34 33 35
35 36 34
36 35 37
38 39 40
39 38 41
42 41 38
41 42 43
44 43 42
43 44 45
46 45 44
45 46 47
48 49 50
49 48 51
52 50 49
50 52 53
54 53 52
53 54 55
56 55 54
55 56 57
58 59 60
59 58 61
60 62 58
62 60 63
63 64 62
64 63 65
65 66 64
66 65 67
68 69 70
69 68 71
70 72 68
72 70 73
71 74 69
74 71 75
73 76 72
76 73 77
75 78 74
78 75 79
77 80 76
80 77 81
81 82 80
82 81 83
79 84 78
84 79 85
85 86 84
86 85 87
87 88 86
88 87 89
90 91 92
91 90 93
94 95 96
95 97 96
98 97 95
97 98 99
94 96 100
94 100 101
101 102 94
101 103 102
103 101 104
103 104 105
103 105 106
105 107 106
106 107 108
108 109 106
109 108 110
110 111 109
110 112 111
112 113 111
113 114 111
114 115 111
114 116 115
116 117 115
116 118 117
119 117 118
117 119 120
121 122 123
122 121 124
124 125 122
125 124 126
126 127 125
127 126 128
129 127 128
127 129 130
131 130 129
130 131 132
133 132 131
132 133 134
135 136 137
136 135 138
139 137 136
140 141 142
141 140 143
144 143 140
143 144 145
146 145 144
145 146 147
148 142 141
141 149 148
141 150 149
150 151 149
151 150 152
152 153 151
151 153 154
153 155 154
155 153 156
156 157 155
157 156 158
158 159 157
159 158 160
160 161 159
161 160 162
162 163 161
163 162 164
151 154 165
164 166 163
166 164 167
167 168 166
168 167 169
169 170 168
170 169 171
172 170 171
170 172 173
174 173 172
173 174 175
176 175 174
175 176 177
178 177 176
177 178 179
180 179 178
179 180 181
180 182 181
182 180 183
184 185 186
185 184 187
186 188 184
188 186 189
185 187 190
190 191 185
189 192 188
192 193 188
192 194 193
193 194 195
193 195 196
195 197 196
196 197 198
196 198 146
198 147 146
199 200 201
202 200 199
200 202 203
202 204 203
204 202 205
206 199 201
207 208 209
208 207 210
211 210 207
210 211 212
213 209 208
209 213 214
215 216 217
218 215 217
219 220 221
220 219 222
223 222 219
222 223 224
225 224 223
224 225 226
225 227 226
227 225 228
228 229 227
229 228 230
230 231 229
231 230 232
233 234 235
234 233 236
236 237 234
237 236 238
239 237 238
237 239 240
240 239 241
240 241 242
242 241 243
242 243 244
244 243 245
244 245 246
246 245 247
246 247 248
247 249 248
249 247 250
249 250 251
249 251 252
252 251 253
254 252 253
252 254 255
256 255 254
255 256 257
258 259 260
259 258 261
262 260 259
260 262 263
264 263 262
263 264 265
264 266 265
266 264 267
267 268 266
267 269 268
269 270 268
269 271 270
271 272 270
271 273 272
273 274 272
273 275 274
276 274 275
274 276 277
276 278 277
276 279 278
279 280 278
279 281 280
281 279 282
282 283 281
283 282 284
285 286 287
286 285 288
289 285 287
285 289 290
291 290 289
290 291 292
293 292 291
292 293 294
295 294 293
294 295 296
295 297 296
297 295 298
298 299 297
299 298 300
300 301 299
301 300 302
302 303 301
303 302 304
305 303 304
303 305 306
307 306 305
306 307 308
307 309 308
309 307 310
310 311 309
311 310 312
312 313 311
313 312 314
314 315 313
315 316 313
315 317 316
317 315 318
318 319 317
319 318 320
319 320 321
322 319 321
323 322 321
323 324 322
324 323 325
326 327 328
327 326 329
328 288 326
288 328 286
329 330 327
330 329 331
330 331 332
331 333 332
333 334 332
335 334 333
334 335 336
337 338 339
338 337 340
341 338 340
342 343 344
343 342 345
346 347 348
347 346 349
348 350 346
350 348 351
351 352 350
352 351 353
353 354 352
355 354 353
354 355 356
349 357 347
357 349 358
358 359 357
359 358 360
360 361 359
361 360 362
362 363 361
363 362 364
364 365 363
365 364 366
366 367 365
367 366 368
368 369 367
369 368 370
371 370 368
370 371 372
368 373 371
373 368 366
374 366 364
366 374 373
364 375 374
375 364 362
376 362 360
362 376 375
360 377 376
377 360 358
358 378 377
378 358 349
349 379 378
346 379 349
379 346 380
380 346 350
380 350 381
381 350 352
352 382 381
354 382 352
383 374 375
374 383 384
384 373 374
373 384 385
385 371 373
371 385 386
375 387 383
387 375 376
376 388 387
388 376 377
377 389 388
389 377 378
378 390 389
379 390 378
390 379 391
391 379 380
391 380 392
392 380 381
381 393 392
382 393 381
372 371 386
372 386 394
394 386 395
385 395 386
393 382 396
397 393 396
393 397 392
397 398 392
398 391 392
398 399 391
382 354 396
354 356 396
385 400 395
385 401 400
401 385 384
384 402 401
402 384 383
383 403 402
403 383 387
387 404 403
404 387 388
388 405 404
405 388 389
389 406 405
390 406 389
390 399 406
391 399 390
407 356 408
355 408 356
355 353 408
408 353 409
409 410 408
410 407 408
411 410 409
409 412 411
412 409 413
353 413 409
413 414 412
414 413 415
415 416 414
416 415 417
417 418 416
418 417 419
419 420 418
420 419 421
421 422 420
422 421 423
423 424 422
424 423 425
424 425 426
426 425 427
426 427 428
428 427 429
430 428 429
431 418 420
418 431 432
431 420 433
433 420 422
434 424 426
435 424 434
433 422 435
435 422 424
428 436 426
426 436 434
436 428 430
429 369 430
365 429 427
429 365 367
429 367 369
427 363 365
363 427 425
425 361 363
416 432 437
437 414 416
414 437 438
438 412 414
412 438 439
432 416 418
412 439 411
439 440 411
440 410 411
440 441 410
410 441 442
361 425 423
423 359 361
359 423 421
421 357 359
357 421 419
419 347 357
347 419 417
417 348 347
348 417 415
415 351 348
351 415 413
413 353 351
443 444 445
445 444 446
444 447 446
444 448 447
448 449 447
448 450 449
450 451 449
450 452 451
451 452 453
454 455 456
455 454 457
455 457 458
455 458 459
459 458 460
459 460 461
461 460 462
461 462 463
463 462 464
465 466 467
466 465 468
469 470 471
470 469 472
471 473 469
473 471 474
475 473 474
473 475 476
477 476 475
476 477 478
479 478 477
478 479 480
481 482 483
482 481 484
484 485 482
485 484 486
486 487 485
487 486 488
488 489 487
489 488 490
491 492 493
492 491 494
493 495 491
495 493 496
496 497 495
497 496 498
498 499 497
499 498 500
501 502 503
502 501 504
505 503 502
503 505 506
507 506 505
506 507 508
509 508 507
508 509 510
511 512 513
512 511 514
515 513 512
513 515 516
517 514 511
514 517 518
519 516 515
516 519 520
521 518 517
518 521 522
523 520 519
520 523 524
525 524 523
524 525 526
527 522 521
522 527 528
529 528 527
528 529 530
531 530 529
530 531 532
533 534 535
534 533 536
533 537 536
537 533 538
539 537 538
539 540 537
541 540 539
541 542 540
543 542 541
544 542 543
545 542 544
545 546 542
546 545 547
547 548 546
548 547 549
550 548 549
551 548 550
551 550 552
553 551 552
551 553 554
553 555 554
555 553 556
555 556 557
555 557 558
558 557 559
559 560 558
560 559 561
562 563 564
563 562 565
566 562 564
567 568 569
568 567 570
570 571 568
571 570 572
572 573 571
573 572 574
575 567 569
567 575 576
567 576 577
578 577 576
577 578 579
579 578 580
578 581 580
582 580 581
580 582 583
584 583 582
583 584 585
586 585 584
585 586 587
588 587 586
587 588 589
590 589 588
589 590 591
578 592 581
593 591 590
591 593 594
595 594 593
594 595 596
597 596 595
596 597 598
597 599 598
599 597 600
600 601 599
601 600 602
602 603 601
603 602 604
604 605 603
605 604 606
606 607 605
607 606 608
609 607 608
607 609 610
611 612 613
612 611 614
615 614 611
614 615 616
612 617 613
617 612 618
616 615 619
619 615 620
619 620 621
620 622 621
620 623 622
622 623 624
623 625 624
623 573 625
625 573 574
626 627 628
628 629 626
629 628 630
631 629 630
629 631 632
633 627 626
634 635 636
635 634 637
637 638 635
638 637 639
636 640 634
640 636 641
642 643 644
645 643 642
646 647 648
647 646 649
650 649 646
649 650 651
650 652 651
652 650 653
653 654 652
653 655 654
655 656 654
655 657 656
657 658 656
657 659 658
659 660 658
659 661 660
662 660 661
660 662 663
662 664 663
662 665 664
665 666 664
665 667 666
667 665 668
668 669 667
669 668 670
671 672 673
672 671 674
673 675 671
675 673 676
676 677 675
677 676 678
679 677 678
677 679 680
680 679 681
680 681 682
682 681 683
682 683 684
684 683 685
684 685 686
686 685 687
686 687 688
687 689 688
689 687 690
689 690 691
689 691 692
692 691 693
694 692 693
692 694 695
696 695 694
695 696 697
698 699 700
699 698 701
698 702 701
702 698 703
703 704 702
704 703 705
705 706 704
706 705 707
707 708 706
708 707 709
710 708 709
708 710 711
712 711 710
711 712 713
714 713 712
713 714 715
716 715 714
715 716 717
716 718 717
718 716 719
719 720 718
720 719 721
722 720 721
720 722 723
724 723 722
723 724 725
726 725 724
725 726 727
727 726 728
728 726 729
730 728 729
728 730 731
732 731 730
731 732 733
732 734 733
735 734 732
736 734 735
737 736 735
736 737 738
739 740 741
740 739 742
700 742 739
742 700 699
743 741 740
741 743 744
743 745 744
744 745 746
746 745 747
747 748 746
748 747 749
750 751 752
751 750 753
754 752 751
755 756 757
756 755 758
759 760 761
761 762 759
760 759 763
763 764 760
764 763 765
765 766 764
766 765 767
768 766 767
767 769 768
762 761 770
770 771 762
771 770 772
772 773 771
773 772 774
774 775 773
775 774 776
776 777 775
777 776 778
778 779 777
779 778 780
780 781 779
781 780 782
782 783 781
784 781 783
783 785 784
781 784 786
786 779 781
787 777 779
779 786 787
777 787 788
788 775 777
789 773 775
775 788 789
773 789 790
790 771 773
771 790 791
791 762 771
762 791 792
759 762 792
792 793 759
793 763 759
793 794 763
794 765 763
765 794 795
767 765 795
796 788 787
787 797 796
797 787 786
786 798 797
798 786 784
784 799 798
800 793 792
801 800 792
792 791 801
791 802 801
802 791 790
790 803 802
803 790 789
789 804 803
804 789 788
788 796 804
798 799 805
806 805 799
785 799 784
785 806 799
807 803 804
804 808 807
808 804 796
803 807 809
809 802 803
801 802 810
802 809 810
796 811 808
811 796 797
797 812 811
812 797 798
798 813 812
798 805 813
801 810 814
800 801 814
815 800 814
815 816 800
800 816 793
816 794 793
794 816 817
795 794 817
818 816 815
817 816 818
818 819 817
817 819 795
795 819 767
767 819 769
820 821 769
768 769 821
768 821 766
821 822 766
822 821 823
823 821 820
824 822 823
822 824 825
825 826 822
766 822 826
826 825 827
827 828 826
828 827 829
829 830 828
830 829 831
831 832 830
832 831 833
833 834 832
834 833 835
835 836 834
836 835 837
837 838 836
837 839 838
839 840 838
839 841 840
841 842 840
843 842 841
844 833 831
831 845 844
844 846 833
846 835 833
847 839 837
848 847 837
846 848 835
848 837 835
841 839 849
839 847 849
849 843 841
842 843 782
778 840 842
842 780 778
842 782 780
840 778 776
776 838 840
838 776 774
829 850 845
850 829 827
827 851 850
851 827 825
825 852 851
845 831 829
825 824 852
852 824 853
853 824 823
853 823 854
823 855 854
774 836 838
836 774 772
772 834 836
834 772 770
770 832 834
832 770 761
761 830 832
830 761 760
760 828 830
828 760 764
764 826 828
826 764 766
856 857 858
857 856 859
860 858 857
858 860 861
862 861 860
861 862 863
856 864 859
865 866 867
866 865 868
867 869 865
869 867 870
870 871 869
871 870 872
866 868 873
874 875 876
875 874 877
878 876 875
876 878 879
880 879 878
879 880 881
882 881 880
881 882 883
884 883 882
883 884 885
886 885 884
885 886 887
888 887 886
887 888 889
890 889 888
889 890 891
892 877 874
877 892 893
894 895 896
897 895 894
895 897 898
899 898 897
899 900 898
899 901 900
901 899 902
901 903 900
904 903 901
905 903 904
905 904 906
905 906 907
906 908 907
908 906 909
910 909 906
909 910 911
912 911 910
911 912 913
914 913 912
913 914 915
901 902 916
916 917 901
918 901 917
901 918 919
920 919 918
919 920 921
922 923 924
924 925 922
925 924 926
925 926 927
927 926 928
927 928 929
927 929 930
931 930 929
932 931 929
932 933 931
932 934 933
933 934 935
935 936 933
936 937 933
937 936 938
938 939 937
939 938 940
940 941 939
941 940 942
930 943 927
930 944 943
944 930 945
930 946 945
946 930 947
947 948 946
948 947 949
950 951 952
951 950 953
954 952 951
952 954 955
956 953 950
953 956 957
958 955 954
955 958 959
960 961 962
961 960 963
964 962 961
962 964 965
966 965 964
965 966 967
968 963 960
963 968 969
970 967 966
967 970 971
972 969 968
969 972 973
974 973 972
973 974 975
976 977 978
977 976 979
980 978 977
978 980 981
982 979 976
979 982 983
984 985 986
985 984 987
988 986 985
986 988 989
990 991 992
991 990 993
994 993 990
993 994 995
996 995 994
995 996 997
998 992 991
992 998 999
1000 1001 1002
1001 1000 1003
1004 1003 1000
1003 1004 1005
1006 1005 1004
1005 1006 1007
1008 1009 1010
1009 1008 1011
1012 1011 1008
1011 1012 1013
1014 1013 1012
1013 1014 1015
1016 1017 1018
1017 1016 1019
1020 1021 1022
1021 1020 1023
