byte offset: 0
first index: 0
index count: 9240
topology: trianglelist
format: DXGI_FORMAT_R16_UINT

0 1 2
1 0 3
2 4 0
4 2 5
5 6 4
6 5 7
7 8 6
8 7 9
9 10 8
10 9 11
11 12 10
12 11 13
13 14 12
14 13 15
15 16 14
16 15 17
17 18 16
18 17 19
20 7 5
7 20 21
21 9 7
9 21 22
9 22 11
11 23 13
22 23 11
13 23 24
24 17 15
13 24 15
17 24 25
17 25 26
17 26 19
20 27 21
21 27 22
22 27 23
28 27 20
2 28 20
1 28 2
29 28 1
30 24 23
23 27 30
31 27 28
28 29 31
32 31 29
24 33 25
25 33 26
24 30 33
34 32 29
35 34 29
35 29 1
3 35 1
35 3 36
36 37 35
34 35 37
37 36 38
39 37 38
37 39 40
41 34 37
32 34 41
41 37 40
36 42 38
42 39 38
42 36 43
3 43 36
43 3 44
0 44 3
44 0 45
4 45 0
45 4 46
6 46 4
46 6 47
8 47 6
47 8 48
10 48 8
48 10 49
12 49 10
49 12 50
14 50 12
50 14 51
16 51 14
51 16 52
18 52 16
52 18 53
47 54 46
54 47 55
48 55 47
55 48 56
48 49 56
49 50 57
56 49 57
50 58 57
52 58 51
50 51 58
58 52 59
52 60 59
52 53 60
54 55 61
55 56 61
56 57 61
62 54 61
45 54 62
44 45 62
63 44 62
64 57 58
57 64 61
65 62 61
62 65 63
66 63 65
58 59 67
59 60 67
58 67 64
68 63 66
68 43 63
43 44 63
43 68 42
69 42 68
66 69 68
69 70 42
39 42 70
45 46 54
2 20 5
71 72 73
71 74 72
71 73 75
76 75 73
75 76 77
78 74 71
78 79 74
79 78 80
81 82 83
84 81 83
81 84 85
83 82 86
86 82 87
87 82 88
88 89 87
89 88 90
91 92 93
92 91 94
95 96 97
96 95 98
97 99 95
99 97 100
101 102 103
102 101 104
105 103 102
103 105 106
107 108 109
108 107 110
111 112 113
112 111 114
115 116 117
116 115 118
118 119 116
119 118 120
121 122 123
122 121 124
125 124 121
124 125 126
127 128 129
128 127 130
131 132 133
134 131 133
135 134 133
136 135 133
132 137 133
138 136 133
139 133 137
133 139 140
133 141 138
141 133 140
139 142 140
143 141 140
139 144 142
144 145 142
142 145 146
147 143 146
145 148 146
148 147 146
148 145 149
147 148 150
149 151 148
151 152 148
152 153 148
153 154 148
154 155 148
155 150 148
156 141 143
147 156 143
157 158 159
158 157 160
159 161 157
161 159 162
162 163 161
163 162 164
164 165 163
165 164 166
166 167 165
167 166 168
168 169 167
169 168 170
170 171 169
171 170 172
172 173 171
173 172 174
174 175 173
175 174 176
177 164 162
164 177 178
178 166 164
166 178 179
166 179 168
168 180 170
179 180 168
170 180 181
181 174 172
170 181 172
174 181 182
174 182 183
174 183 176
177 184 178
178 184 179
179 184 180
185 184 177
159 185 177
158 185 159
186 185 158
187 181 180
180 184 187
188 184 185
185 186 188
189 188 186
181 190 182
182 190 183
181 187 190
191 189 186
192 191 186
192 186 158
160 192 158
192 160 193
193 194 192
191 192 194
194 193 195
196 194 195
194 196 197
198 191 194
189 191 198
198 194 197
193 199 195
199 196 195
199 193 200
160 200 193
200 160 201
157 201 160
201 157 202
161 202 157
202 161 203
163 203 161
203 163 204
165 204 163
204 165 205
167 205 165
205 167 206
169 206 167
206 169 207
171 207 169
207 171 208
173 208 171
208 173 209
175 209 173
209 175 210
204 211 203
211 204 212
205 212 204
212 205 213
205 206 213
206 207 214
213 206 214
207 215 214
209 215 208
207 208 215
215 209 216
209 217 216
209 210 217
211 212 218
212 213 218
213 214 218
219 211 218
202 211 219
201 202 219
220 201 219
221 214 215
214 221 218
222 219 218
219 222 220
223 220 222
215 216 224
216 217 224
215 224 221
225 220 223
225 200 220
200 201 220
200 225 199
226 199 225
223 226 225
226 227 199
196 199 227
202 203 211
159 177 162
228 229 230
228 231 229
228 230 232
233 232 230
232 233 234
235 231 228
235 236 231
236 235 237
238 239 240
241 238 240
238 241 242
240 239 243
243 239 244
244 239 245
245 246 244
246 245 247
248 249 250
249 248 251
252 253 254
253 252 255
254 256 252
256 254 257
258 259 260
259 258 261
262 260 259
260 262 263
264 265 266
265 264 267
268 269 270
269 268 271
272 273 274
273 272 275
275 276 273
276 275 277
278 279 280
279 278 281
282 281 278
281 282 283
284 285 286
285 284 287
288 289 290
291 288 290
292 291 290
293 292 290
289 294 290
295 293 290
296 290 294
290 296 297
290 298 295
298 290 297
296 299 297
296 300 299
300 301 299
299 301 302
301 303 302
303 301 304
303 305 302
305 303 306
304 307 303
307 308 303
308 309 303
309 310 303
310 311 303
311 306 303
312 298 297
305 312 302
313 298 312
305 313 312
314 315 316
315 314 317
317 318 315
317 319 318
317 320 319
314 316 321
317 322 320
320 322 323
324 320 323
320 324 325
317 326 322
317 327 326
327 317 328
329 327 328
327 329 330
331 330 329
330 331 332
333 332 331
332 333 334
335 331 329
331 335 336
337 336 335
336 337 338
339 338 337
338 339 340
341 340 339
340 341 342
343 342 341
342 343 344
345 344 343
344 345 346
346 345 347
334 333 348
348 333 349
348 349 350
350 349 351
350 351 352
352 351 353
353 354 352
354 353 355
355 356 354
356 355 357
357 358 356
358 357 359
359 360 358
360 359 361
362 360 361
360 362 363
364 363 362
363 364 365
365 364 366
367 368 369
368 370 369
370 368 371
370 371 372
371 373 372
373 371 374
367 332 368
332 367 330
374 375 373
375 374 376
376 377 375
377 376 378
378 379 377
379 378 380
380 381 379
381 380 382
381 382 383
384 385 386
385 384 387
387 388 385
388 387 389
390 388 389
388 390 391
392 391 390
391 392 393
394 393 392
393 394 395
394 396 395
396 394 349
349 333 396
386 397 384
397 386 398
397 398 399
400 401 402
400 402 403
400 403 404
400 404 405
404 406 405
407 406 404
400 405 408
409 400 408
400 409 410
411 410 409
410 411 412
412 411 413
401 400 414
401 414 415
416 407 404
416 404 417
404 403 417
403 418 417
403 419 418
411 420 413
421 420 411
420 421 422
421 423 422
424 422 423
422 424 425
424 426 425
427 425 426
425 427 428
427 429 428
427 430 429
431 429 430
429 431 432
433 432 431
432 433 434
433 435 434
420 436 413
436 437 413
436 438 437
438 439 437
439 440 437
438 441 439
442 440 439
440 442 443
444 443 442
443 444 445
446 445 444
445 446 447
441 448 439
441 449 448
449 450 448
451 450 449
450 451 452
451 453 452
446 454 447
454 446 455
455 456 454
456 455 457
457 458 456
451 459 453
459 460 453
460 459 461
461 462 460
462 461 463
463 464 462
464 463 465
465 466 464
467 468 469
469 470 467
470 469 471
471 472 470
472 471 473
473 474 472
474 473 475
475 476 474
476 475 477
412 476 477
476 412 413
402 478 479
402 479 419
403 402 419
402 401 478
401 480 478
481 482 483
481 484 482
484 485 482
484 486 485
486 487 485
486 488 487
486 489 488
489 490 488
490 491 488
490 492 491
492 493 491
494 481 483
495 496 497
496 495 498
499 496 498
496 499 500
501 502 503
502 504 503
501 503 505
505 506 501
506 505 507
507 508 506
508 507 509
509 510 508
510 509 511
512 510 511
510 512 513
514 513 512
513 514 515
516 517 518
516 519 517
519 516 520
520 521 519
521 520 522
522 523 521
523 522 524
524 525 523
525 524 526
526 527 525
527 526 528
529 516 518
529 518 530
531 532 533
532 531 534
535 534 531
534 535 536
532 537 533
537 532 538
539 537 538
537 539 540
541 536 535
536 541 542
543 542 541
542 543 544
545 544 543
544 545 546
545 547 546
547 545 548
547 548 549
550 547 549
550 549 551
539 552 540
540 552 553
554 555 556
555 554 557
557 558 555
558 557 559
559 560 558
560 559 561
562 560 561
560 562 563
556 564 554
565 563 562
563 565 566
567 566 565
566 567 568
569 568 567
568 569 570
570 569 571
572 570 571
572 571 573
556 574 564
575 576 577
578 576 575
576 578 579
578 580 579
580 578 581
581 582 580
582 581 583
584 582 583
582 584 585
586 585 584
585 586 587
588 587 586
587 588 589
588 590 589
588 591 590
592 590 591
590 592 593
592 594 593
595 596 597
598 595 597
595 598 599
600 599 598
599 600 601
602 601 600
601 602 603
604 603 602
603 604 605
606 605 604
605 606 607
595 608 596
608 609 596
610 607 606
610 606 611
612 613 614
613 612 615
616 615 612
615 616 617
618 617 616
617 618 619
620 614 613
614 620 621
622 621 620
621 622 623
624 623 622
623 624 625
626 625 624
625 626 627
626 628 627
626 629 628
629 630 628
631 632 633
631 634 632
634 631 635
635 636 634
636 635 637
637 638 636
639 631 633
640 639 633
639 640 641
641 640 642
637 643 638
643 644 638
643 442 644
442 645 644
644 645 646
647 648 416
400 649 414
650 575 577
651 652 653
652 651 654
654 651 655
654 655 656
654 656 657
652 658 653
654 657 659
657 660 659
661 660 657
657 662 661
654 659 663
664 654 663
654 664 665
664 666 665
666 664 667
667 668 666
668 667 669
669 670 668
670 669 671
668 672 666
672 668 673
673 674 672
674 673 675
675 676 674
676 675 677
677 678 676
678 677 679
679 680 678
680 679 681
681 682 680
682 681 683
683 684 682
671 685 670
685 686 670
686 687 670
685 688 686
689 687 686
687 689 690
689 691 690
691 689 692
692 693 691
693 692 694
688 695 686
688 696 695
696 697 695
698 697 696
697 698 699
700 699 698
699 700 701
702 701 700
701 702 703
704 703 702
703 704 705
704 706 705
706 704 707
707 708 706
708 707 709
709 710 708
711 712 713
714 713 712
713 714 715
714 716 715
717 715 716
715 717 718
669 711 713
711 669 667
719 718 717
718 719 720
721 720 719
720 721 722
723 722 721
722 723 724
725 724 723
724 725 726
725 727 726
728 729 730
729 728 731
732 731 728
731 732 733
732 694 733
694 732 693
734 730 729
730 734 735
734 736 735
737 738 739
737 740 738
737 741 740
737 742 741
741 742 743
744 741 743
737 745 742
737 746 745
746 737 747
747 748 746
748 747 749
749 750 748
749 751 750
739 752 737
739 753 752
754 741 744
754 755 741
741 755 740
740 755 756
748 750 757
748 757 758
757 750 759
759 750 760
759 760 761
761 760 762
762 760 763
761 762 764
763 765 762
765 763 766
766 767 765
767 766 768
768 769 767
769 768 770
764 762 771
764 771 772
772 771 773
773 774 772
774 773 775
774 775 776
777 769 770
769 777 778
779 778 777
778 779 780
780 779 781
774 776 782
783 782 776
782 783 784
785 784 783
784 785 786
787 786 785
786 787 788
788 787 789
790 791 792
793 791 790
791 793 794
795 794 793
794 795 796
797 796 795
796 797 798
751 798 797
798 751 799
751 749 799
758 800 801
758 757 800
801 800 802
801 802 803
803 802 804
802 805 804
805 802 806
805 806 807
805 807 808
807 809 808
809 807 810
810 811 809
811 810 812
811 812 813
738 814 815
738 816 814
740 816 738
740 756 816
738 815 739
739 815 817
818 819 820
818 820 821
821 820 822
821 822 823
823 822 824
823 824 825
823 825 826
826 825 827
827 825 828
827 828 829
829 828 830
831 819 818
832 833 834
833 832 835
833 836 834
836 833 837
838 839 840
840 839 841
838 842 839
843 842 838
842 843 844
845 844 843
844 845 846
847 846 845
846 847 848
847 849 848
849 847 850
850 851 849
851 850 852
853 854 855
856 853 855
853 856 857
858 857 856
857 858 859
860 859 858
859 860 861
862 861 860
861 862 863
864 863 862
863 864 865
866 854 853
866 867 854
868 869 870
869 868 871
871 872 869
872 871 873
874 868 870
868 874 875
874 876 875
876 874 877
876 877 878
873 879 872
879 873 880
880 881 879
881 880 882
882 883 881
883 882 884
885 883 884
883 885 886
885 887 886
888 887 885
888 889 887
878 877 890
891 892 893
892 891 894
895 893 892
893 895 896
897 896 895
896 897 898
897 899 898
899 897 900
894 891 901
900 902 899
902 900 903
903 904 902
904 903 905
905 906 904
906 905 907
907 908 906
909 908 907
909 910 908
894 901 911
912 913 914
914 915 912
915 914 916
917 915 916
915 917 918
919 918 917
918 919 920
919 921 920
921 919 922
922 923 921
923 922 924
924 925 923
925 924 926
925 926 927
925 927 928
927 929 928
929 927 930
929 930 931
932 933 934
932 935 933
935 932 936
936 937 935
937 936 938
938 939 937
939 938 940
940 941 939
941 940 942
942 943 941
943 942 944
932 934 945
945 934 946
947 943 944
947 948 943
949 950 951
950 949 952
952 953 950
953 952 954
954 955 953
955 954 956
951 957 949
957 951 958
958 959 957
959 958 960
960 961 959
961 960 962
962 963 961
963 962 964
963 964 965
963 965 966
966 965 967
968 969 970
971 968 970
968 971 972
973 972 971
972 973 974
975 969 968
975 976 969
976 975 977
977 978 976
974 973 979
974 979 980
980 979 981
980 981 765
765 981 982
982 981 983
984 754 985
737 752 986
987 913 912
988 989 990
989 988 991
992 990 989
990 992 993
992 994 993
995 991 988
991 995 996
997 998 999
998 997 1000
999 1001 997
999 1002 1001
1001 1003 997
1000 1004 998
1004 1000 1005
1006 1004 1005
1006 1005 1007
1004 1006 1008
1009 1004 1008
1004 1009 1010
1009 1011 1010
1012 1003 1001
1003 1012 1013
1014 1013 1012
1013 1014 1015
1016 1015 1014
1015 1016 1017
1018 1017 1016
1017 1018 1019
1018 1020 1019
1020 1018 1021
1022 1020 1021
1023 1010 1011
1010 1023 1024
1025 1024 1023
1024 1025 1026
1027 1026 1025
1026 1027 1028
1029 1028 1027
1028 1029 1030
1031 1030 1029
1030 1031 1032
1033 1032 1031
1032 1033 1034
1035 1034 1033
1034 1035 1036
1035 1037 1036
1038 1039 1007
1038 1040 1039
1040 1041 1039
1040 1042 1041
1042 1040 1043
1043 1044 1042
1044 1043 1045
1045 1046 1044
1046 1045 1047
1047 1048 1046
1048 1047 1049
1049 1050 1048
1005 1038 1007
1051 1052 1053
1052 1051 1054
1053 1055 1051
1055 1053 1056
1002 1052 1054
1002 1054 1057
1002 1057 1001
1056 1058 1055
1058 1056 1059
1059 1060 1058
1060 1059 1061
1062 1060 1061
1060 1062 1063
1062 1064 1063
1064 1062 1065
1065 1066 1064
1066 1065 1067
1067 1068 1066
1069 1070 1071
1070 1069 1072
1072 1073 1070
1074 1073 1072
1069 1071 1075
1075 1071 1076
1075 1076 1077
1074 1078 1079
1080 1074 1079
1074 1080 1081
1081 1080 1082
1083 1080 1079
1080 1083 1084
1085 1084 1083
1084 1085 1086
1086 1085 1087
1087 1085 1088
1088 1089 1087
1089 1088 1090
1090 1091 1089
1091 1090 1092
1092 1093 1091
1093 1092 1094
1094 1095 1093
1095 1094 1096
1097 1086 1087
1086 1097 1098
1098 1097 1099
1098 1099 1100
1101 1100 1099
1100 1101 1102
1103 1102 1101
1102 1103 1104
1103 1105 1104
1105 1103 1106
1106 1107 1105
1107 1106 1108
1108 1109 1107
1109 1108 1110
1109 1110 1111
1112 1095 1096
1113 1078 1114
1113 1114 1115
1115 1114 1116
1117 1115 1116
1115 1117 1118
1119 1118 1117
1118 1119 1120
1121 1120 1119
1120 1121 1122
1122 1121 1123
1079 1078 1113
1082 1124 1125
1082 1080 1124
1125 1124 1126
1125 1126 1127
1126 1128 1127
1128 1126 1129
1129 1130 1128
1130 1129 1131
1131 1132 1130
1132 1131 1133
1133 1134 1132
1134 1133 1135
1135 1136 1134
1136 1135 1137
1136 1137 1138
1139 1140 1141
1142 1140 1139
1142 1143 1140
1144 1143 1142
1139 1141 1145
1139 1145 1146
1146 1145 1147
1148 1149 1150
1149 1148 1151
1151 1152 1149
1150 1153 1148
1153 1150 1154
1155 1152 1151
1156 1152 1155
1157 1158 1159
1158 1157 1160
1158 1161 1159
1161 1158 1162
1163 1164 1165
1164 1163 1166
1167 1164 1166
1168 1163 1165
1163 1168 1169
1167 1170 1164
1171 1170 1167
1170 1171 1172
1173 1172 1171
1172 1173 1174
1175 1174 1173
1174 1175 1176
1177 1176 1175
1176 1177 1178
1179 1178 1177
1178 1179 1180
1181 1180 1179
1180 1181 1182
1183 1182 1181
1182 1183 1184
1185 1184 1183
1184 1185 1186
1187 1186 1185
1188 1189 1190
1189 1188 1191
1191 1192 1189
1192 1191 1193
1190 1194 1188
1194 1190 1195
1195 1196 1194
1196 1195 1197
1197 1198 1196
1198 1197 1199
1200 1198 1199
1198 1200 1201
1202 1201 1200
1201 1202 1203
1203 1202 1204
1205 1206 1207
1206 1205 1208
1209 1207 1206
1207 1209 1210
1211 1210 1209
1210 1211 1212
1213 1212 1211
1212 1213 1214
1215 1214 1213
1214 1215 1216
1217 1216 1215
1205 1218 1208
1218 1205 1219
1220 1221 1222
1221 1220 1223
1222 1224 1220
1224 1222 1225
1226 1224 1225
1224 1226 1227
1223 1228 1221
1228 1223 1229
1229 1230 1228
1230 1229 1231
1232 1227 1226
1227 1232 1233
1233 1232 1234
1235 1236 1237
1236 1235 1238
1238 1239 1236
1239 1238 1240
1240 1241 1239
1241 1240 1242
1243 1235 1237
1235 1243 1244
1245 1241 1242
1241 1245 1246
1247 1246 1245
1248 1249 1250
1249 1248 1251
1252 1251 1248
1251 1252 1253
1252 1254 1253
1254 1252 1255
1255 1256 1254
1256 1255 1257
1257 1258 1256
1258 1257 1259
1259 1260 1258
1260 1259 1261
1261 1262 1260
1262 1261 1263
1262 1263 1264
1265 1250 1249
1265 1266 1250
1265 1267 1266
1267 1265 1268
1269 1270 1271
1270 1269 1272
1273 1272 1269
1272 1273 1274
1270 1275 1271
1275 1270 1276
1276 1277 1275
1277 1276 1278
1278 1279 1277
1279 1278 1280
1280 1281 1279
1281 1280 1282
1282 1283 1281
1283 1282 1284
1284 1285 1283
1285 1284 1286
1286 1287 1285
1287 1286 1288
1289 1287 1288
1290 1291 1292
1292 1291 1293
1293 1294 1292
1294 1293 1295
1295 1296 1294
1296 1295 1297
1297 1298 1296
1298 1297 1299
1299 1300 1298
1300 1299 1301
1301 1302 1300
1302 1301 1303
1302 1303 1304
1302 1304 1305
1305 1304 1306
1305 1306 1307
1307 1306 1308
1309 1310 1311
1310 1309 1312
1311 1313 1309
1313 1311 1314
1313 1314 1315
1312 1316 1310
1316 1312 1317
1318 1319 1320
1319 1318 1321
1321 1318 1322
1321 1322 1323
1322 1318 1324
1325 1320 1319
1320 1325 1326
1325 1327 1326
1327 1328 1326
1327 1325 1329
1325 1330 1329
1330 1325 1331
1330 1331 1332
1324 1333 1322
1333 1324 1334
1334 1335 1333
1335 1334 1336
1336 1337 1335
1337 1336 1338
1338 1339 1337
1339 1338 1340
1341 1339 1340
1339 1341 1342
1343 1342 1341
1331 1344 1332
1344 1331 1345
1345 1346 1344
1346 1345 1347
1347 1348 1346
1348 1347 1349
1349 1350 1348
1350 1349 1351
1351 1352 1350
1352 1351 1353
1353 1354 1352
1354 1353 1355
1355 1356 1354
1356 1355 1357
1356 1357 1358
1359 1328 1360
1359 1360 1361
1361 1360 1362
1363 1361 1362
1361 1363 1364
1365 1364 1363
1364 1365 1366
1367 1366 1365
1366 1367 1368
1369 1368 1367
1368 1369 1370
1370 1369 1371
1326 1328 1359
1372 1373 1374
1373 1372 1375
1376 1375 1372
1375 1376 1377
1323 1374 1373
1323 1378 1374
1323 1322 1378
1379 1377 1376
1377 1379 1380
1381 1380 1379
1380 1381 1382
1381 1383 1382
1383 1381 1384
1385 1383 1384
1383 1385 1386
1387 1386 1385
1386 1387 1388
1388 1387 1389
1390 1391 1392
1391 1390 1393
1393 1390 1394
1395 1393 1394
1391 1396 1392
1396 1397 1392
1396 1398 1397
1395 1399 1400
1395 1401 1399
1401 1395 1402
1402 1403 1401
1401 1404 1399
1404 1401 1405
1405 1406 1404
1406 1405 1407
1407 1408 1406
1408 1409 1406
1410 1409 1408
1409 1410 1411
1412 1411 1410
1411 1412 1413
1414 1413 1412
1413 1414 1415
1416 1415 1414
1415 1416 1417
1418 1408 1407
1407 1419 1418
1419 1420 1418
1419 1421 1420
1421 1422 1420
1422 1421 1423
1423 1424 1422
1424 1423 1425
1426 1424 1425
1424 1426 1427
1428 1427 1426
1427 1428 1429
1430 1429 1428
1429 1430 1431
1430 1432 1431
1433 1417 1416
1434 1435 1400
1434 1436 1435
1436 1437 1435
1436 1438 1437
1438 1436 1439
1439 1440 1438
1440 1439 1441
1441 1442 1440
1442 1441 1443
1443 1444 1442
1399 1434 1400
1403 1445 1446
1403 1446 1401
1445 1447 1446
1445 1448 1447
1449 1447 1448
1447 1449 1450
1451 1450 1449
1450 1451 1452
1453 1452 1451
1452 1453 1454
1455 1454 1453
1454 1455 1456
1457 1456 1455
1456 1457 1458
1457 1459 1458
1460 1461 1462
1463 1460 1462
1463 1462 1464
1465 1463 1464
1460 1466 1461
1460 1467 1466
1467 1468 1466
1469 1470 1471
1470 1469 1472
1472 1469 1473
1474 1471 1470
1471 1474 1475
1476 1472 1473
1477 1476 1473
1478 1479 1480
1479 1478 1481
1482 1479 1481
1479 1482 1483
1484 1485 1486
1485 1484 1487
1488 1487 1484
1485 1489 1486
1489 1485 1490
1488 1484 1491
1491 1492 1488
1492 1491 1493
1493 1494 1492
1494 1493 1495
1495 1496 1494
1496 1495 1497
1497 1498 1496
1498 1497 1499
1499 1500 1498
1500 1499 1501
1501 1502 1500
1502 1501 1503
1503 1504 1502
1504 1503 1505
1505 1506 1504
1506 1505 1507
1508 1506 1507
1509 1510 1511
1510 1509 1512
1513 1512 1509
1512 1513 1514
1515 1511 1510
1511 1515 1516
1517 1516 1515
1516 1517 1518
1519 1518 1517
1518 1519 1520
1519 1521 1520
1521 1519 1522
1522 1523 1521
1523 1522 1524
1524 1525 1523
1526 1527 1528
1527 1526 1529
1529 1530 1527
1530 1529 1531
1531 1532 1530
1532 1531 1533
1533 1534 1532
1534 1533 1535
1535 1536 1534
1536 1535 1537
1538 1536 1537
1539 1526 1528
1526 1539 1540
1541 1542 1543
1542 1541 1544
1545 1543 1542
1543 1545 1546
1545 1547 1546
1547 1545 1548
1549 1544 1541
1544 1549 1550
1551 1550 1549
1550 1551 1552
1548 1553 1547
1553 1548 1554
1554 1555 1553
1556 1557 1558
1557 1556 1559
1560 1559 1556
1559 1560 1561
1562 1561 1560
1561 1562 1563
1557 1564 1558
1564 1557 1565
1562 1566 1563
1566 1562 1567
1568 1566 1567
1569 1570 1571
1570 1569 1572
1571 1573 1569
1573 1571 1574
1575 1570 1572
1576 1573 1574
1573 1576 1577
1578 1577 1576
1577 1578 1579
1580 1579 1578
1579 1580 1581
1582 1581 1580
1581 1582 1583
1584 1583 1582
1583 1584 1585
1584 1586 1585
1575 1572 1587
1588 1575 1587
1575 1588 1589
1590 1591 1592
1591 1590 1593
1592 1594 1590
1594 1592 1595
1596 1591 1593
1591 1596 1597
1598 1597 1596
1597 1598 1599
1600 1599 1598
1599 1600 1601
1602 1601 1600
1601 1602 1603
1604 1603 1602
1603 1604 1605
1606 1605 1604
1605 1606 1607
1608 1607 1606
1607 1608 1609
1610 1609 1608
1611 1612 1613
1614 1613 1612
1613 1614 1615
1616 1615 1614
1615 1616 1617
1618 1617 1616
1617 1618 1619
1620 1619 1618
1619 1620 1621
1622 1621 1620
1621 1622 1623
1622 1624 1623
1625 1612 1611
1622 1626 1624
1626 1627 1624
1626 1628 1627
1628 1629 1627
1630 1631 1632
1631 1630 1633
1632 1634 1630
1634 1632 1635
1635 1636 1634
1636 1635 1637
1637 1638 1636
1638 1637 1639
1639 1640 1638
1640 1639 1641
1641 1642 1640
1642 1641 1643
1643 1644 1642
1644 1643 1645
1645 1646 1644
1646 1645 1647
1648 1649 1650
1649 1651 1650
1652 1650 1651
1650 1652 1653
1654 1650 1653
1655 1650 1654
1655 1648 1650
1651 1656 1652
1656 1651 1657
1658 1657 1651
1658 1659 1657
1659 1660 1657
1657 1661 1656
1661 1657 1660
1660 1662 1661
1662 1660 1663
1664 1663 1660
1664 1665 1663
1665 1666 1663
1663 1667 1662
1667 1663 1666
1666 1668 1667
1668 1666 1669
1670 1669 1666
1670 1671 1669
1671 1672 1669
1669 1673 1668
1673 1669 1672
1671 1674 1672
1675 1670 1666
1665 1675 1666
1676 1664 1660
1659 1676 1660
1677 1673 1672
1678 1677 1672
1678 1672 1674
1679 1677 1678
1679 1680 1677
1680 1681 1677
1673 1677 1681
1681 1680 1682
1683 1682 1680
1684 1683 1680
1685 1683 1684
1685 1686 1683
1686 1687 1683
1682 1683 1687
1687 1686 1688
1689 1688 1686
1690 1689 1686
1691 1689 1690
1691 1692 1689
1692 1693 1689
1688 1689 1693
1693 1692 1694
1695 1694 1692
1696 1695 1692
1697 1695 1696
1694 1695 1698
1699 1698 1695
1700 1699 1695
1700 1695 1697
1701 1686 1685
1690 1686 1701
1702 1692 1691
1696 1692 1702
1703 1704 1705
1704 1703 1706
1706 1707 1704
1707 1706 1708
1708 1709 1707
1709 1708 1710
1710 1711 1709
1711 1710 1712
1712 1713 1711
1713 1712 1714
1714 1715 1713
1715 1714 1716
1716 1717 1715
1717 1716 1718
1718 1719 1717
1719 1718 1720
1720 1721 1719
1721 1720 1722
1722 1723 1721
1723 1722 1724
1724 1725 1723
1725 1724 1726
1726 1727 1725
1727 1726 1728
1729 1658 1651
1649 1729 1651
1730 1731 1732
1731 1730 1733
1734 1733 1730
1733 1734 1735
1736 1735 1734
1735 1736 1737
1738 1737 1736
1737 1738 1739
1740 1739 1738
1739 1740 1741
1742 1741 1740
1741 1742 1743
1744 1743 1742
1743 1744 1745
1746 1745 1744
1745 1746 1747
1748 1749 1750
1749 1748 1751
1752 1750 1749
1750 1752 1753
1754 1753 1752
1753 1754 1755
1756 1755 1754
1755 1756 1757
1758 1757 1756
1757 1758 1759
1760 1759 1758
1759 1760 1761
1762 1761 1760
1761 1762 1763
1764 1763 1762
1763 1764 1765
1766 1765 1764
1765 1766 1767
1768 1767 1766
1767 1768 1769
1770 1769 1768
1769 1770 1771
1772 1771 1770
1771 1772 1773
1774 1680 1679
1684 1680 1774
1775 1776 1777
1776 1775 1778
1779 1778 1775
1778 1779 1780
1781 1780 1779
1780 1781 1782
1783 1782 1781
1782 1783 1784
1785 1784 1783
1784 1785 1786
1787 1786 1785
1786 1787 1788
1789 1788 1787
1788 1789 1790
1791 1790 1789
1790 1791 1792
1793 1794 1795
1795 1794 1796
1794 1797 1796
1797 1794 1798
1799 1798 1794
1800 1799 1794
1800 1794 1793
1801 1796 1797
1796 1801 1802
1803 1796 1802
1803 1802 1804
1804 1802 1805
1806 1802 1801
1802 1806 1805
1807 1805 1806
1805 1807 1808
1809 1805 1808
1809 1808 1810
1810 1808 1811
1812 1808 1807
1808 1812 1811
1813 1811 1812
1811 1813 1814
1815 1811 1814
1815 1814 1816
1816 1814 1817
1818 1814 1813
1814 1818 1817
1816 1817 1819
1820 1811 1815
1810 1811 1820
1821 1805 1809
1804 1805 1821
1818 1822 1817
1823 1817 1822
1823 1819 1817
1824 1823 1822
1824 1822 1825
1826 1825 1822
1822 1818 1826
1825 1826 1827
1827 1828 1825
1829 1825 1828
1830 1829 1828
1830 1828 1831
1832 1831 1828
1828 1827 1832
1831 1832 1833
1833 1834 1831
1835 1831 1834
1836 1835 1834
1836 1834 1837
1838 1837 1834
1834 1833 1838
1837 1838 1839
1839 1840 1837
1841 1837 1840
1842 1841 1840
1840 1839 1843
1844 1840 1843
1845 1840 1844
1845 1842 1840
1846 1830 1831
1835 1846 1831
1847 1836 1837
1841 1847 1837
1848 1849 1850
1849 1848 1851
1852 1850 1849
1850 1852 1853
1854 1853 1852
1853 1854 1855
1856 1855 1854
1855 1856 1857
1858 1857 1856
1857 1858 1859
1860 1859 1858
1859 1860 1861
1862 1861 1860
1861 1862 1863
1864 1863 1862
1863 1864 1865
1866 1865 1864
1865 1866 1867
1868 1867 1866
1867 1868 1869
1870 1869 1868
1869 1870 1871
1872 1871 1870
1871 1872 1873
1874 1796 1803
1795 1796 1874
1875 1876 1877
1876 1875 1878
1877 1879 1875
1879 1877 1880
1880 1881 1879
1881 1880 1882
1882 1883 1881
1883 1882 1884
1884 1885 1883
1885 1884 1886
1886 1887 1885
1887 1886 1888
1888 1889 1887
1889 1888 1890
1890 1891 1889
1891 1890 1892
1893 1894 1895
1894 1893 1896
1896 1897 1894
1897 1896 1898
1898 1899 1897
1899 1898 1900
1900 1901 1899
1901 1900 1902
1902 1903 1901
1903 1902 1904
1904 1905 1903
1905 1904 1906
1906 1907 1905
1907 1906 1908
1908 1909 1907
1909 1908 1910
1910 1911 1909
1911 1910 1912
1912 1913 1911
1913 1912 1914
1914 1915 1913
1915 1914 1916
1916 1917 1915
1917 1916 1918
1919 1824 1825
1829 1919 1825
1920 1921 1922
1923 1921 1920
1923 1920 1924
1923 1924 1925
1926 1921 1923
1921 1926 1927
1927 1926 1928
1929 1928 1926
1929 1926 1930
1929 1930 1931
1930 1932 1931
1933 1934 1935
1935 1934 1936
1935 1936 1937
1938 1933 1935
1938 1939 1933
1933 1939 1940
1939 1941 1940
1940 1941 1942
1939 1938 1943
1944 1945 1946
1945 1944 1947
1945 1948 1946
1949 1944 1946
1949 1946 1948
1944 1949 1950
1951 1952 1953
1952 1954 1953
1954 1952 1955
1955 1956 1954
1956 1955 1957
1958 1956 1957
1951 1953 1959
1954 1959 1953
1959 1954 1960
1961 1960 1954
1960 1961 1962
1963 1962 1961
1964 1965 1966
1965 1964 1967
1968 1965 1967
1968 1967 1969
1967 1970 1969
1971 1964 1966
1964 1971 1972
1973 1972 1971
1972 1973 1974
1973 1975 1974
1975 1973 1976
1977 1975 1976
1975 1977 1978
1979 1978 1977
1978 1979 1980
1981 1980 1979
1980 1981 1982
1983 1982 1981
1982 1983 1984
1985 1984 1983
1984 1985 1986
1987 1986 1985
1986 1987 1988
1989 1988 1987
1988 1989 1990
1991 1990 1989
1990 1991 1992
1993 1992 1991
1992 1993 1994
1995 1994 1993
1994 1995 1996
1997 1996 1995
1996 1997 1998
1999 1998 1997
1998 1999 2000
2001 2000 1999
2000 2001 2002
2001 2003 2002
2003 2001 2004
2004 2005 2003
2005 2004 2006
2006 2007 2005
2007 2006 2008
2009 2007 2008
2009 2010 2007
2007 2010 2011
2012 2013 2014
2015 2013 2012
2016 2017 2018
2017 2016 2019
2020 2019 2016
2016 2018 2021
2018 2022 2021
2022 2023 2021
2022 2024 2023
2024 2022 2025
2020 2026 2019
2026 2020 2027
2026 2027 2028
2020 2029 2030
2031 2030 2029
2029 2032 2031
2032 2029 2033
2034 2032 2033
2032 2034 2035
2033 2036 2034
2033 2037 2036
2038 2039 2040
2039 2038 2041
2039 2041 2042
2038 2043 2041
2043 2042 2041
2043 2038 2044
2045 2046 2047
2046 2045 2048
2049 2048 2045
2048 2049 2050
2051 2050 2049
2052 2047 2046
2053 2045 2047
2052 2053 2047
2045 2053 2054
2054 2055 2045
2055 2054 2056
2057 2055 2056
2058 2059 2060
2061 2062 2063
2064 2063 2062
2063 2064 2065
2066 2065 2064
2065 2066 2067
2068 2067 2066
2067 2068 2069
2070 2069 2068
2069 2070 2071
2072 2071 2070
2071 2072 2073
2074 2073 2072
2073 2074 2075
2076 2075 2074
2075 2076 2077
2078 2077 2076
2077 2078 2079
2080 2079 2078
2079 2080 2081
2082 2081 2080
2081 2082 2083
2084 2083 2082
2083 2084 2085
2086 2085 2084
2085 2086 2087
2088 2087 2086
2087 2088 2089
2088 2090 2089
2090 2088 2091
2091 2092 2090
2091 2093 2092
2093 2094 2092
2094 2093 2095
2094 2095 2096
2095 2097 2096
2095 2098 2097
2095 2099 2098
2100 2099 2095
2100 2101 2099
2102 2101 2100
2097 2103 2096
2096 2103 2104
2096 2104 2105
2106 2102 2100
2107 2102 2106
2102 2107 2108
2109 2110 2111
2109 2112 2110
2113 2112 2109
2110 2114 2111
2114 2110 2115
2116 2062 2061
2117 2118 2119
2118 2117 2120
2121 2117 2119
2117 2121 2122
2123 2119 2118
2119 2123 2124
2125 2119 2124
2119 2125 2121
2126 2120 2117
2122 2126 2117
2120 2126 2127
2126 2122 2128
2127 2129 2120
2129 2127 2130
2130 2131 2129
2131 2130 2132
2133 2129 2131
2129 2133 2134
2134 2120 2129
2133 2135 2134
2123 2134 2135
2135 2133 2136
2134 2123 2118
2120 2134 2118
2124 2123 2137
2137 2125 2124
2125 2137 2138
2135 2136 2139
2139 2136 2140
2135 2139 2141
2123 2135 2141
2137 2123 2142
2143 2137 2142
2138 2137 2143
2139 2144 2141
2123 2141 2144
2133 2145 2136
2145 2133 2146
2146 2147 2145
2147 2146 2148
2149 2147 2148
2148 2150 2149
2150 2148 2151
2146 2151 2148
2150 2121 2149
2121 2150 2122
2147 2149 2152
2125 2149 2121
2149 2125 2152
2151 2153 2150
2153 2122 2150
2153 2151 2154
2122 2153 2128
2155 2154 2151
2151 2146 2155
2133 2155 2146
2155 2133 2131
2131 2156 2155
2154 2155 2156
2156 2131 2132
2125 2157 2152
2152 2157 2147
2157 2125 2138
2157 2158 2147
2143 2158 2157
2138 2143 2157
2159 2153 2154
2153 2159 2160
2161 2160 2159
2160 2161 2162
2163 2160 2162
2160 2163 2164
2163 2165 2164
2165 2163 2166
2167 2165 2166
2165 2167 2168
2166 2169 2167
2169 2166 2170
2171 2166 2163
2166 2171 2170
2162 2171 2163
2168 2126 2165
2126 2164 2165
2126 2168 2127
2164 2126 2128
2172 2127 2168
2127 2172 2130
2173 2130 2172
2130 2173 2132
2172 2174 2173
2174 2172 2175
2175 2168 2167
2168 2175 2172
2169 2175 2167
2176 2174 2175
2175 2169 2176
2174 2176 2177
2170 2178 2169
2171 2178 2170
2178 2171 2179
2176 2180 2177
2180 2181 2177
2176 2182 2180
2169 2182 2176
2178 2183 2169
2180 2182 2184
2169 2184 2182
2185 2178 2179
2185 2183 2178
2173 2156 2132
2156 2173 2186
2186 2174 2187
2174 2186 2173
2186 2154 2156
2154 2186 2159
2187 2159 2186
2159 2187 2161
2187 2188 2161
2188 2162 2161
2162 2188 2189
2171 2162 2189
2188 2187 2190
2174 2190 2187
2190 2174 2177
2189 2188 2191
2191 2171 2189
2171 2191 2179
2190 2177 2192
2188 2190 2193
2190 2192 2193
2191 2188 2194
2192 2195 2193
2188 2193 2195
2192 2177 2181
2185 2179 2191
2185 2191 2194
2196 2197 2198
2199 2196 2198
2199 2200 2196
2199 2201 2200
2202 2199 2198
2198 2203 2202
2203 2204 2202
2205 2202 2204
2205 2206 2202
2205 2207 2206
2206 2207 2208
2209 2210 2211
2210 2212 2211
2210 2213 2212
2214 2210 2209
2214 2209 2215
2209 2216 2215
2215 2216 2217
2216 2218 2217
2215 2219 2214
2220 2221 2222
2221 2220 2223
2224 2223 2220
2224 2225 2223
2223 2225 2226
2221 2227 2222
2227 2221 2228
2228 2229 2227
2229 2228 2230
2231 2229 2230
2229 2231 2232
2231 2233 2232
2233 2231 2234
2234 2235 2233
2235 2234 2236
2236 2237 2235
2237 2236 2238
2238 2239 2237
2239 2238 2240
2240 2241 2239
2241 2240 2242
2242 2243 2241
2243 2242 2244
2244 2245 2243
2245 2244 2246
2246 2247 2245
2247 2246 2248
2248 2249 2247
2249 2248 2250
2250 2251 2249
2251 2250 2252
2252 2253 2251
2253 2252 2254
2254 2255 2253
2255 2254 2256
2256 2257 2255
2257 2256 2258
2259 2257 2258
2257 2259 2260
2261 2260 2259
2260 2261 2262
2263 2262 2261
2262 2263 2264
2265 2264 2263
2265 2263 2266
2263 2267 2266
2268 2269 2270
2271 2268 2270
2272 2273 2274
2274 2275 2272
2276 2272 2275
2272 2277 2273
2273 2277 2278
2278 2277 2279
2278 2279 2280
2280 2281 2278
2276 2275 2282
2282 2283 2276
2282 2284 2283
2276 2285 2286
2287 2286 2285
2286 2287 2288
2288 2289 2286
2290 2289 2288
2288 2291 2290
2289 2290 2292
2289 2292 2293
2294 2295 2296
2297 2298 2299
2298 2300 2299
2300 2298 2301
2301 2302 2300
2302 2301 2303
2303 2304 2302
2304 2303 2305
2305 2306 2304
2306 2305 2307
2307 2308 2306
2308 2307 2309
2309 2310 2308
2310 2309 2311
2311 2312 2310
2312 2311 2313
2313 2314 2312
2314 2313 2315
2315 2316 2314
2316 2315 2317
2317 2318 2316
2318 2317 2319
2319 2320 2318
2320 2319 2321
2321 2322 2320
2322 2321 2323
2323 2324 2322
2324 2323 2325
2326 2324 2325
2324 2326 2327
2327 2326 2328
2327 2328 2329
2329 2328 2330
2330 2331 2329
2330 2332 2331
2331 2332 2333
2331 2333 2334
2331 2334 2335
2336 2331 2335
2336 2335 2337
2338 2336 2337
2333 2332 2339
2332 2340 2339
2332 2341 2340
2342 2336 2338
2343 2342 2338
2338 2344 2343
2345 2346 2347
2345 2347 2348
2349 2345 2348
2347 2346 2350
2350 2351 2347
2352 2297 2299
2145 2353 2136
2353 2140 2136
2145 2354 2353
2147 2354 2145
2353 2354 2355
2147 2355 2354
2164 2153 2160
2153 2164 2128
2356 2357 2358
2357 2359 2358
2359 2357 2360
2361 2359 2360
2362 2359 2361
2362 2361 2363
2364 2362 2363
2364 2363 2365
2366 2364 2365
2367 2366 2365
2366 2367 2368
2369 2368 2367
2369 2370 2368
2370 2369 2371
2371 2372 2370
2372 2371 2373
2373 2374 2372
2374 2373 2375
2375 2376 2374
2376 2375 2377
2378 2376 2377
2376 2378 2379
2380 2379 2378
2379 2380 2381
2382 2381 2380
2381 2382 2383
2384 2383 2382
2383 2384 2385
2386 2385 2384
2385 2386 2387
2388 2387 2386
2387 2388 2389
2390 2389 2388
2389 2390 2391
2392 2391 2390
2391 2392 2393
2394 2393 2392
2395 2393 2394
2394 2392 2396
2394 2397 2395
2394 2398 2397
2397 2398 2399
2398 2400 2399
2398 2401 2400
2402 2400 2401
2401 2403 2402
2395 2397 2404
2397 2405 2404
2405 2406 2404
2404 2406 2407
2407 2406 2408
2403 2409 2402
2403 2410 2409
2409 2410 2411
2410 2412 2411
2407 2408 2413
2408 2414 2413
2413 2414 2415
2415 2414 2416
2416 2414 2417
2416 2417 2418
2419 2418 2417
2418 2419 2420
2420 2419 2421
2420 2421 2422
2422 2421 2423
2422 2423 2424
2424 2423 2425
2424 2425 2426
2425 2427 2426
2425 2428 2427
2428 2429 2427
2430 2429 2428
2431 2432 2433
2433 2434 2431
2434 2433 2435
2434 2435 2436
2437 2434 2436
2438 2437 2436
2439 2437 2438
2440 2433 2432
2441 2433 2440
2442 2433 2441
2440 2432 2443
2443 2432 2444
2444 2445 2443
2445 2444 2446
2446 2447 2445
2447 2446 2448
2448 2449 2447
2449 2448 2450
2451 2449 2450
2449 2451 2452
2453 2452 2451
2452 2453 2454
2455 2454 2453
2454 2455 2456
2457 2456 2455
2456 2457 2458
2459 2458 2457
2458 2459 2460
2461 2460 2459
2460 2461 2462
2463 2462 2461
2462 2463 2464
2465 2464 2463
2464 2465 2466
2466 2465 2467
2466 2467 2468
2467 2469 2468
2468 2469 2470
2468 2470 2471
2471 2470 2472
2472 2470 2473
2474 2472 2473
2475 2476 2477
2476 2475 2439
2478 2477 2476
2439 2475 2437
2479 2480 2481
2480 2482 2481
2479 2483 2480
2479 2484 2483
2483 2484 2485
2484 2486 2485
2487 2486 2484
2488 2486 2487
2488 2487 2489
2490 2488 2489
2491 2490 2489
2492 2490 2491
2492 2491 2493
2493 2494 2492
2495 2494 2493
2496 2494 2495
2497 2498 2499
2500 2499 2498
2499 2501 2497
2501 2499 2502
2502 2503 2501
2502 2499 2504
2504 2499 2505
2504 2506 2502
2502 2506 2503
2506 2507 2503
2501 2508 2497
2499 2509 2505
2505 2509 2510
2510 2509 2511
2510 2511 2512
2512 2511 2513
2513 2514 2512
2514 2513 2515
2516 2506 2504
2514 2515 2517
2514 2517 2518
2518 2517 2519
2518 2519 2520
2520 2519 2521
2520 2521 2522
2520 2522 2523
2523 2522 2524
2524 2522 2525
2526 2524 2525
2524 2526 2527
2527 2526 2528
2529 2530 2531
2530 2529 2532
2529 2531 2533
2529 2533 2534
2533 2535 2534
2533 2536 2535
2535 2536 2537
2538 2537 2536
2537 2538 2539
2540 2539 2538
2539 2540 2500
2499 2500 2540
2541 2530 2532
2542 2541 2532
2541 2542 2543
2544 2541 2543
2543 2545 2544
2545 2543 2546
2547 2545 2546
2545 2547 2548
2549 2548 2547
2550 2442 2551
2551 2552 2550
2552 2551 2553
2553 2554 2552
2551 2442 2441
2442 2550 2555
2556 2557 2558
2556 2558 2559
2559 2560 2556
2561 2560 2559
2561 2562 2560
2561 2563 2562
2562 2563 2564
2564 2563 2565
2564 2565 2566
2566 2567 2564
2567 2566 2568
2568 2569 2567
2558 2557 2570
2570 2557 2571
2570 2571 2572
2572 2571 2573
2574 2569 2568
2569 2574 2575
2572 2573 2576
2577 2576 2573
2576 2577 2578
2579 2578 2577
2580 2566 2581
2582 2580 2581
2580 2582 2583
2583 2582 2584
2583 2584 2585
2583 2585 2586
2585 2587 2586
2582 2588 2584
2588 2582 2589
2589 2590 2588
2590 2589 2591
2591 2592 2590
2592 2591 2593
2592 2593 2594
2585 2595 2587
2596 2597 2598
2597 2596 2599
2600 2598 2597
2598 2600 2601
2602 2601 2600
2601 2602 2603
2604 2599 2596
2599 2604 2605
2604 2606 2605
2606 2604 2607
2608 2606 2607
2609 2603 2602
2603 2609 2610
2609 2611 2610
2611 2609 2612
2612 2613 2611
2613 2612 2614
2614 2615 2613
2615 2614 2616
2616 2617 2615
2617 2616 2618
2618 2619 2617
2619 2618 2620
2620 2621 2619
2621 2620 2622
2622 2623 2621
2623 2622 2624
2624 2625 2623
2625 2624 2626
2627 2625 2626
2625 2627 2628
2629 2628 2627
2628 2629 2630
2631 2630 2629
2632 2633 2634
2635 2634 2633
2636 2634 2635
2636 2635 2637
2638 2636 2637
2639 2638 2637
2640 2638 2639
2639 2641 2640
2642 2641 2639
2643 2641 2642
2644 2643 2642
2645 2643 2644
2646 2645 2644
2646 2647 2645
2648 2647 2646
2648 2646 2649
2650 2648 2649
2650 2649 2651
2652 2650 2651
2652 2651 2653
2654 2652 2653
2653 2655 2654
2654 2655 2656
2655 2657 2656
2657 2655 2658
2659 2657 2658
2660 2659 2658
2661 2660 2658
2660 2662 2659
2660 2663 2662
2663 2664 2662
2665 2662 2664
2664 2663 2666
2666 2667 2664
2668 2662 2665
2662 2668 2669
2669 2668 2670
2662 2669 2671
2671 2672 2662
2662 2672 2659
2672 2673 2659
2670 2668 2674
2674 2675 2670
2674 2676 2675
2677 2675 2676
2678 2677 2676
2679 2677 2678
2678 2680 2679
2680 2678 2681
2681 2682 2680
2682 2681 2683
2684 2682 2683
2659 2673 2657
2656 2657 2673
2685 2686 2687
2685 2687 2688
2688 2687 2689
2688 2689 2690
2691 2686 2685
2691 2692 2686
2692 2691 2693
2692 2693 2694
2694 2693 2695
2694 2695 2696
2695 2697 2696
2697 2695 2698
2698 2699 2697
2699 2698 2700
2700 2701 2699
2701 2700 2702
2703 2701 2702
2701 2703 2704
2703 2705 2704
2705 2703 2706
2707 2705 2706
2690 2708 2709
2709 2708 2710
2690 2689 2708
2711 2712 2608
2712 2606 2608
2606 2713 2714
2713 2606 2715
2716 2715 2606
2713 2717 2714
2717 2713 2718
2718 2719 2717
2719 2718 2720
2720 2721 2719
2721 2720 2722
2722 2723 2721
2723 2722 2724
2724 2725 2723
2725 2724 2726
2727 2725 2726
2725 2727 2728
2729 2728 2727
2728 2729 2730
2731 2730 2729
2730 2731 2732
2733 2732 2731
2732 2733 2734
2735 2734 2733
2734 2735 2736
2737 2736 2735
2736 2737 2738
2739 2738 2737
2738 2739 2740
2741 2740 2739
2740 2741 2742
2741 2743 2742
2743 2741 2744
2744 2745 2743
2745 2744 2746
2747 2745 2746
2748 2749 2750
2751 2752 2753
2753 2754 2751
2754 2753 2755
2756 2754 2755
2754 2756 2757
2756 2412 2757
2412 2410 2757
2398 2394 2758
2759 2760 2761
2762 2761 2760
2761 2762 2763
2764 2763 2762
2765 2764 2762
2765 2766 2764
2767 2766 2765
2767 2768 2766
2769 2768 2767
2770 2768 2769
2769 2771 2770
2772 2770 2771
2772 2771 2773
2773 2774 2772
2775 2774 2773
2774 2775 2776
2777 2776 2775
2776 2777 2778
2779 2778 2777
2778 2779 2780
2779 2781 2780
2781 2779 2782
2782 2783 2781
2783 2782 2784
2784 2785 2783
2785 2784 2786
2786 2787 2785
2787 2786 2788
2788 2789 2787
2789 2788 2790
2790 2791 2789
2791 2790 2792
2792 2793 2791
2793 2792 2794
2794 2795 2793
2795 2794 2796
2797 2795 2796
2798 2797 2796
2797 2799 2795
2797 2798 2800
2798 2801 2800
2800 2801 2802
2802 2801 2803
2801 2804 2803
2804 2805 2803
2804 2806 2805
2805 2806 2807
2806 2808 2807
2808 2809 2807
2809 2810 2807
2809 2811 2810
2812 2797 2800
2800 2813 2812
2812 2813 2814
2812 2814 2815
2816 2815 2814
2815 2816 2817
2817 2816 2818
2817 2818 2819
2818 2820 2819
2819 2820 2821
2811 2822 2810
2822 2811 2823
2823 2824 2822
2823 2825 2824
2825 2826 2824
2825 2827 2826
2827 2828 2826
2827 2829 2828
2828 2829 2830
2828 2830 2831
2831 2830 2832
2833 2831 2832
2821 2834 2819
2835 2834 2821
2835 2836 2834
2836 2835 2837
2838 2836 2837
2836 2838 2839
2839 2838 2840
2841 2842 2843
2842 2841 2844
2844 2845 2842
2844 2846 2845
2847 2846 2844
2848 2846 2847
2849 2848 2847
2850 2843 2842
2851 2850 2842
2852 2851 2842
2850 2853 2843
2853 2854 2843
2855 2854 2853
2854 2855 2856
2857 2856 2855
2856 2857 2858
2859 2858 2857
2858 2859 2860
2859 2861 2860
2861 2859 2862
2862 2863 2861
2863 2862 2864
2864 2865 2863
2865 2864 2866
2866 2867 2865
2867 2866 2868
2868 2869 2867
2869 2868 2870
2870 2871 2869
2871 2870 2872
2872 2873 2871
2873 2872 2874
2874 2875 2873
2875 2874 2876
2876 2877 2875
2876 2878 2877
2877 2878 2879
2878 2880 2879
2878 2881 2880
2881 2882 2880
2882 2883 2880
2884 2883 2882
2885 2886 2849
2886 2885 2887
2888 2886 2887
2849 2847 2885
2889 2890 2891
2891 2890 2892
2889 2891 2893
2889 2893 2894
2893 2895 2894
2894 2895 2896
2897 2894 2896
2898 2897 2896
2898 2899 2897
2900 2899 2898
2901 2899 2900
2902 2901 2900
2902 2903 2901
2903 2902 2904
2905 2903 2904
2906 2905 2904
2907 2908 2909
2910 2909 2908
2911 2908 2907
2908 2911 2912
2912 2911 2913
2912 2914 2908
2914 2915 2908
2914 2912 2916
2912 2913 2916
2916 2913 2917
2911 2907 2918
2908 2915 2919
2915 2920 2919
2920 2921 2919
2920 2922 2921
2922 2923 2921
2924 2923 2922
2923 2924 2925
2926 2914 2916
2924 2927 2925
2924 2928 2927
2928 2929 2927
2928 2930 2929
2930 2931 2929
2930 2932 2931
2930 2933 2932
2933 2934 2932
2934 2935 2932
2934 2936 2935
2936 2934 2937
2937 2938 2936
2939 2940 2941
2940 2939 2942
2939 2943 2942
2941 2940 2944
2939 2945 2943
2943 2945 2946
2943 2946 2947
2946 2948 2947
2948 2949 2947
2949 2948 2950
2951 2949 2950
2950 2910 2951
2908 2951 2910
2952 2941 2944
2953 2952 2944
2954 2953 2944
2955 2953 2954
2953 2955 2956
2955 2957 2956
2957 2955 2958
2959 2957 2958
2960 2852 2961
2852 2960 2962
2963 2962 2960
2962 2963 2964
2964 2963 2965
2852 2962 2851
2966 2967 2968
2966 2969 2967
2969 2966 2970
2971 2969 2970
2971 2970 2972
2971 2972 2973
2972 2974 2973
2974 2975 2973
2974 2976 2975
2976 2974 2977
2977 2978 2976
2978 2977 2979
2967 2980 2968
2980 2981 2968
2980 2982 2981
2982 2983 2981
2984 2978 2979
2979 2985 2984
2982 2986 2983
2986 2987 2983
2987 2986 2988
2989 2987 2988
2990 2991 2976
2992 2991 2990
2990 2993 2992
2993 2994 2992
2993 2995 2994
2993 2996 2995
2995 2996 2997
2998 2992 2994
2992 2998 2999
3000 2999 2998
2999 3000 3001
3002 3001 3000
3001 3002 3003
3002 3004 3003
2995 2997 3005
3006 3007 3008
3009 3008 3007
3010 3009 3007
3010 3011 3009
3012 3011 3010
3013 3011 3012
3014 3013 3012
3013 3014 3015
3016 3013 3015
3017 3016 3015
3018 3016 3017
3019 3018 3017
3020 3018 3019
3020 3019 3021
3022 3020 3021
3022 3023 3020
3024 3023 3022
3024 3025 3023
3026 3025 3024
3026 3027 3025
3028 3027 3026
3027 3028 3029
3028 3030 3029
3029 3030 3031
3031 3032 3029
3033 3032 3031
3034 3032 3033
3035 3032 3034
3034 3033 3036
3034 3036 3037
3037 3036 3038
3039 3038 3036
3038 3040 3037
3040 3038 3041
3042 3039 3036
3036 3043 3042
3043 3044 3042
3036 3045 3043
3045 3036 3046
3036 3033 3046
3046 3033 3047
3044 3048 3042
3048 3044 3049
3048 3049 3050
3051 3050 3049
3052 3050 3051
3053 3052 3051
3054 3052 3053
3052 3054 3055
3056 3055 3054
3055 3056 3057
3058 3057 3056
3033 3031 3047
3030 3047 3031
3059 3060 3061
3059 3062 3060
3062 3063 3060
3062 3064 3063
3065 3059 3061
3066 3065 3061
3065 3066 3067
3066 3068 3067
3068 3069 3067
3068 3070 3069
3071 3069 3070
3069 3071 3072
3073 3072 3071
3072 3073 3074
3075 3074 3073
3074 3075 3076
3075 3077 3076
3077 3075 3078
3079 3077 3078
3077 3079 3080
3081 3080 3079
3064 3082 3083
3082 3084 3083
3064 3083 3063
3085 2716 3086
3086 2716 2606
3087 3088 3089
2797 2812 3090
3091 3092 3093
3092 3091 3094
3094 3095 3092
3095 3094 3096
3097 3094 3091
3095 3096 3098
3099 3100 3101
3100 3099 3102
3103 3101 3100
3101 3103 3104
3105 3102 3099
3103 3106 3104
3103 3107 3106
3104 3106 3108
3109 3110 3111
3112 3110 3109
3111 3110 3113
3111 3114 3109
3115 3116 3117
3115 3117 3118
3118 3117 3119
3115 3118 3120
