byte offset: 0
first index: 0
index count: 2952
topology: trianglelist
format: DXGI_FORMAT_R16_UINT

0 1 2
0 2 3
1 4 2
1 5 4
5 6 4
5 7 6
7 8 6
7 9 8
9 10 8
8 10 11
6 12 11
6 11 13
4 14 13
4 13 15
16 4 15
16 15 17
18 16 17
18 17 19
20 15 21
20 21 22
23 20 22
23 22 24
15 25 21
15 26 25
26 27 25
26 28 27
23 29 18
24 29 23
30 21 31
30 31 32
33 30 32
33 32 34
34 29 33
21 35 31
21 36 35
36 37 35
36 38 37
38 39 37
11 39 27
40 31 41
40 41 42
43 40 42
43 42 44
31 45 41
31 46 45
44 29 43
47 29 44
48 49 47
48 50 49
50 41 51
50 51 49
41 52 51
41 53 52
46 54 53
46 55 54
56 51 57
56 57 58
59 56 58
59 58 60
51 61 57
51 62 61
53 63 62
53 64 63
62 65 61
62 66 65
55 10 64
64 10 66
66 10 65
60 67 47
18 67 0
68 67 69
69 70 68
69 71 70
71 5 70
71 72 5
72 73 5
72 74 73
74 75 73
74 76 75
76 10 75
77 78 79
77 79 80
81 79 82
81 82 83
79 84 82
79 85 84
78 86 85
78 85 87
82 84 88
82 88 89
90 82 89
90 89 91
86 92 85
86 93 92
85 92 94
85 94 84
84 95 88
84 96 95
92 97 94
92 98 97
94 99 95
94 100 99
91 101 90
90 101 81
81 101 77
97 102 99
103 104 92
103 105 104
104 106 97
107 106 104
108 107 103
109 108 103
109 103 86
110 109 86
110 86 111
112 110 111
112 111 113
108 114 107
114 106 107
113 115 112
116 117 109
116 109 118
119 116 118
119 118 120
117 121 109
117 122 121
123 122 117
124 123 117
125 123 124
125 126 123
124 117 127
128 124 127
128 127 129
120 115 129
126 130 123
123 130 122
126 131 130
131 132 130
131 133 132
130 134 122
130 135 134
122 136 121
122 137 136
133 106 135
135 106 137
137 106 136
138 139 124
138 124 140
129 101 140
140 101 141
142 139 141
141 101 142
142 143 139
143 126 139
143 88 126
88 144 126
88 145 144
145 146 144
145 147 146
147 102 133
148 149 150
148 150 151
149 152 150
149 153 152
150 152 154
150 154 155
156 150 155
156 155 157
155 154 158
155 158 159
160 155 159
160 159 161
153 162 152
153 163 162
152 162 164
152 164 154
154 164 165
154 165 158
166 163 153
167 166 153
167 153 168
169 167 168
169 168 170
166 171 163
163 172 162
163 173 172
162 172 174
162 174 164
164 175 165
164 176 175
171 177 163
171 178 177
177 179 172
172 179 174
174 179 175
178 179 177
180 181 166
180 166 182
183 184 182
183 182 185
186 181 184
187 186 184
188 186 187
188 189 186
187 184 190
189 191 186
186 191 181
189 192 191
193 192 189
194 193 189
194 189 195
193 158 192
158 196 192
158 197 196
192 198 191
192 199 198
191 198 200
191 200 181
181 200 201
181 201 166
197 202 196
197 203 202
199 204 198
199 205 204
198 204 206
198 206 200
200 206 207
200 207 171
203 208 205
205 179 204
204 179 206
206 179 207
156 209 148
160 209 156
161 209 160
195 209 194
187 209 195
190 209 187
185 210 190
148 210 169
211 212 213
211 213 214
215 216 217
215 217 218
219 220 221
219 221 222
223 224 225
223 225 226
227 228 229
230 228 227
231 228 230
229 228 231
232 233 234
234 233 235
235 233 236
236 233 232
237 238 239
237 239 240
241 242 243
241 243 244
245 246 247
245 247 248
249 250 251
249 251 252
253 254 255
253 255 256
257 258 259
257 259 260
261 262 263
261 263 264
265 266 267
265 267 268
269 270 271
269 271 272
273 274 275
273 275 276
277 278 279
277 279 280
281 282 283
281 283 284
285 286 287
285 287 288
289 290 291
289 291 292
293 294 295
293 295 296
297 298 299
297 299 300
301 302 303
301 303 304
305 306 307
305 307 308
309 310 311
309 311 312
313 314 315
313 315 316
317 318 319
320 318 317
321 318 320
322 318 321
323 318 322
324 318 323
325 318 324
326 318 325
327 318 326
328 318 327
329 318 328
330 318 329
331 318 330
332 318 331
333 318 332
334 318 333
335 318 334
336 318 335
337 318 336
319 318 337
338 339 340
340 339 341
341 339 342
342 339 343
343 339 344
344 339 345
345 339 346
346 339 347
347 339 348
348 339 349
349 339 350
350 339 351
351 339 352
352 339 353
353 339 354
354 339 355
355 339 356
356 339 357
357 339 358
358 339 338
359 360 361
359 361 362
363 364 365
363 365 366
367 368 369
367 369 370
371 372 373
371 373 374
375 376 377
375 377 378
379 380 381
379 381 382
383 384 385
383 385 386
387 388 389
387 389 390
391 392 393
391 393 394
395 396 397
395 397 398
399 400 401
399 401 402
403 404 405
403 405 406
407 408 409
407 409 410
411 412 413
411 413 414
415 416 417
415 417 418
419 420 421
419 421 422
423 424 425
423 425 426
427 428 429
427 429 430
431 432 433
431 433 434
435 436 437
435 437 438
439 440 441
439 441 442
443 444 445
443 445 446
447 448 449
447 449 450
451 452 453
451 453 454
455 456 457
455 457 458
459 460 461
459 461 462
463 464 465
463 465 466
467 468 469
467 469 470
471 472 473
471 473 474
475 476 477
475 477 478
479 480 481
479 481 482
483 484 485
483 485 486
487 488 489
487 489 490
491 492 493
491 493 494
495 496 497
495 497 498
499 500 501
499 501 502
503 504 505
503 505 506
507 508 509
507 509 510
511 512 513
511 513 514
515 516 517
515 517 518
519 520 521
519 521 522
522 523 519
522 524 523
520 525 521
520 526 525
526 527 525
526 528 527
528 529 527
528 530 529
530 531 529
530 532 531
532 533 531
532 534 533
535 536 534
535 534 537
538 535 537
538 537 539
540 538 539
540 539 541
542 540 541
542 541 543
544 542 543
544 543 545
546 544 545
546 545 547
547 548 546
547 549 548
550 551 536
550 536 552
553 550 552
553 552 554
555 553 554
555 554 556
557 555 556
557 556 558
559 557 558
559 558 560
561 559 560
561 560 562
562 563 561
562 564 563
565 566 551
565 551 567
568 565 567
568 567 569
570 568 569
570 569 571
572 570 571
572 571 573
574 572 573
574 573 575
576 574 575
576 575 577
577 578 576
577 579 578
580 581 582
580 582 583
583 584 580
583 585 584
581 586 582
581 587 586
587 588 586
587 589 588
589 590 588
589 591 590
591 592 590
591 593 592
593 594 592
593 595 594
596 597 598
596 598 599
599 600 596
599 601 600
597 602 598
597 603 602
603 604 602
603 605 604
605 606 604
605 607 606
607 608 606
607 609 608
609 610 608
609 611 610
612 613 614
612 614 615
615 616 612
615 617 616
613 618 614
613 619 618
619 620 618
619 621 620
621 622 620
621 623 622
623 624 622
623 625 624
625 626 624
625 627 626
628 629 630
628 630 631
631 632 628
631 633 632
629 634 630
629 635 634
635 636 634
635 637 636
637 638 636
637 639 638
639 640 638
639 641 640
641 642 640
641 643 642
644 642 645
644 645 646
647 644 646
647 646 648
649 647 648
649 648 650
651 649 650
651 650 652
653 651 652
653 652 654
655 653 654
655 654 656
656 657 655
656 658 657
659 660 661
659 661 662
662 663 659
662 664 663
660 665 661
660 666 665
666 667 665
666 668 667
668 669 667
668 670 669
670 671 669
670 672 671
672 673 671
672 674 673
675 673 676
675 676 677
678 675 677
678 677 679
680 678 679
680 679 681
682 680 681
682 681 683
684 682 683
684 683 685
686 684 685
686 685 687
687 688 686
687 689 688
690 676 691
690 691 692
693 690 692
693 692 694
695 693 694
695 694 696
697 695 696
697 696 698
699 697 698
699 698 700
701 699 700
701 700 702
702 703 701
702 704 703
705 706 707
708 706 705
709 706 708
710 706 709
711 706 710
712 706 711
713 706 712
714 706 713
715 706 714
716 706 715
717 706 716
707 706 717
718 719 720
718 720 721
722 723 724
722 724 725
726 727 728
726 728 729
730 731 732
730 732 733
734 735 736
734 736 737
738 739 740
738 740 741
742 743 744
742 744 745
746 747 748
746 748 749
750 751 752
750 752 753
754 755 756
754 756 757
758 759 760
758 760 761
762 763 764
762 764 765
766 767 768
766 768 769
770 771 772
770 772 773
774 775 776
774 776 777
778 779 780
778 780 781
782 783 784
782 784 785
786 787 788
786 788 789
790 791 792
790 792 793
794 795 796
794 796 797
798 799 800
798 800 801
802 803 804
802 804 805
806 807 808
806 808 809
810 811 812
810 812 813
814 815 816
814 816 817
814 817 818
814 818 819
814 819 820
814 820 821
814 821 822
814 822 823
814 823 824
814 824 825
814 825 826
814 826 815
827 828 829
827 829 830
831 827 830
831 832 827
833 834 835
833 835 836
837 833 836
837 838 833
839 840 841
839 841 842
843 839 842
843 844 839
845 846 847
846 848 847
845 849 846
850 849 845
851 850 845
851 852 850
853 852 851
854 853 855
854 856 853
857 847 858
858 847 859
857 858 860
861 857 860
862 857 861
862 861 863
864 862 863
865 866 864
865 864 867
854 868 869
854 869 870
869 871 872
871 873 872
871 874 873
873 874 875
874 876 875
874 877 876
876 877 878
879 880 877
880 881 877
879 882 880
883 882 879
884 883 879
884 885 883
886 885 884
865 886 887
865 888 886
889 890 891
889 891 892
890 893 891
890 894 893
895 893 894
895 896 893
889 897 890
889 898 897
890 897 899
890 899 894
900 894 899
900 899 901
902 903 904
902 904 905
903 906 904
903 907 906
908 906 907
908 909 906
910 911 912
910 912 913
911 914 912
911 915 914
916 914 915
916 917 914
918 913 912
918 912 919
919 912 914
919 914 920
921 920 914
921 914 922
923 924 925
925 926 923
927 926 925
925 928 927
929 928 925
925 930 929
925 931 930
931 925 932
925 933 932
933 925 934
925 935 934
935 925 936
937 938 939
939 940 941
941 942 943
944 943 942
945 944 942
946 945 947
948 949 950
948 950 951
952 949 948
952 948 953
954 955 956
954 956 957
958 955 954
958 954 959
960 961 962
960 962 963
964 961 960
964 960 965
966 967 968
966 968 969
969 968 970
969 970 971
972 971 970
972 970 973
974 975 976
974 976 977
977 976 978
977 978 979
980 979 978
980 978 981
982 976 975
982 983 976
983 978 976
983 984 978
985 978 984
985 986 978
987 988 989
988 990 989
990 991 992
993 992 991
994 992 993
995 992 994
996 997 998
996 998 999
1000 997 996
1000 996 1001
1002 1003 1004
1002 1004 1005
1006 1003 1002
1006 1002 1007
1008 1009 1010
1008 1010 1011
1012 1009 1008
1012 1008 1013
1014 1015 1016
1014 1016 1017
1017 1016 1018
1017 1018 1019
1020 1019 1018
1020 1018 1021
1022 1014 1017
1022 1023 1014
1017 1019 1024
1017 1024 1022
1025 1024 1019
1025 1026 1024
1027 1028 1029
1027 1029 1030
1030 1029 1031
1030 1031 1032
1033 1032 1031
1033 1031 1034
1035 1036 1037
1036 1035 1038
1039 1036 1038
1036 1039 1040
1041 1036 1040
1036 1041 1042
1036 1042 1043
1043 1044 1036
1036 1044 1045
1045 1046 1036
1036 1046 1047
1047 1048 1036
1049 1050 1051
1049 1051 1052
1053 1049 1052
1053 1054 1049
1055 1056 1057
1055 1057 1058
1059 1055 1058
1059 1060 1055
1061 1062 1063
1061 1063 1064
1065 1061 1064
1065 1066 1061
1067 1068 1069
1067 1069 1070
1068 1071 1069
1068 1072 1071
1073 1071 1072
1073 1074 1071
1075 1076 1077
1077 1076 1078
1079 1077 1078
1079 1080 1077
1077 1080 1081
1082 1077 1081
1082 1083 1077
1083 1084 1077
1084 1075 1077
1084 1085 1075
1086 1082 1081
1087 1088 1089
1088 1090 1089
1090 1088 1091
1091 1088 1092
1088 1093 1092
1094 1093 1088
1094 1088 1095
1095 1088 1096
1096 1088 1087
1096 1087 1097
1094 1098 1093
1090 1099 1100
1100 1101 1090
1102 1101 1100
1099 1103 1100
1100 1103 1104
1105 1100 1104
1105 1106 1100
1106 1107 1100
1107 1102 1100
1107 1108 1102
1105 1104 1109
1110 1111 1112
1110 1112 1113
1113 1112 1114
1115 1111 1110
1115 1116 1111
1117 1118 1119
1117 1119 1120
1120 1119 1121
1120 1121 1122
1123 1118 1117
1124 1125 1126
1125 1127 1126
1128 1127 1125
1128 1125 1129
1125 1130 1129
1131 1130 1125
1131 1125 1132
1132 1125 1133
1133 1125 1124
1133 1124 1134
1135 1130 1131
1136 1137 1138
1136 1138 1139
1137 1140 1138
1141 1136 1139
1141 1139 1142
1143 1144 1145
1143 1145 1146
1144 1147 1145
1144 1148 1147
1149 1143 1146
1150 1151 1152
1153 1151 1150
1154 1151 1153
1155 1151 1154
1156 1151 1155
1157 1151 1156
1158 1151 1157
1159 1151 1158
1160 1151 1159
1161 1151 1160
1162 1151 1161
1152 1151 1162
1163 1164 1165
1163 1165 1166
1166 1165 1167
1166 1167 1168
1169 1164 1163
1169 1170 1164
1171 1170 1169
1171 1172 1170
1173 1172 1171
1173 1174 1172
1175 1174 1173
1175 1176 1174
1177 1176 1175
1177 1178 1176
1179 1178 1177
1179 1180 1178
1181 1180 1179
1181 1182 1180
1183 1182 1181
1183 1184 1182
1185 1184 1183
1185 1186 1184
1187 1186 1185
1187 1167 1186
1167 1188 1186
1167 1189 1188
1165 1189 1167
1165 1190 1189
1164 1190 1165
1164 1191 1190
1186 1188 1192
1186 1192 1184
1184 1192 1193
1184 1193 1182
1182 1193 1194
1182 1194 1180
1180 1194 1195
1180 1195 1178
1178 1195 1196
1178 1196 1176
1176 1196 1197
1176 1197 1174
1174 1197 1198
1174 1198 1172
1172 1198 1199
1172 1199 1170
1170 1199 1191
1170 1191 1164
1192 1200 1193
1193 1200 1194
1194 1200 1195
1195 1200 1196
1196 1200 1197
1197 1200 1198
1198 1200 1199
1199 1200 1191
1191 1200 1190
1190 1200 1189
1189 1200 1188
1188 1200 1192
