byte offset: 0
first index: 0
index count: 3372
topology: trianglelist
format: DXGI_FORMAT_R16_UINT

0 1 2
0 2 3
4 3 2
4 2 5
6 4 5
6 5 7
6 7 8
9 1 0
9 10 1
11 9 0
11 0 12
12 0 13
12 13 14
15 14 13
15 13 16
17 15 16
17 16 6
7 18 19
18 20 19
18 21 20
22 20 21
22 23 20
10 23 22
10 24 23
25 23 24
25 26 23
26 27 23
26 28 27
29 27 28
29 30 27
31 30 29
31 32 30
33 26 25
33 34 26
34 35 26
34 36 35
37 35 36
37 38 35
39 31 38
39 38 37
39 40 31
32 31 41
42 32 41
43 42 41
43 41 44
44 41 45
41 31 45
43 44 46
47 39 48
47 48 49
49 48 50
49 50 51
52 51 50
52 50 53
54 52 53
54 53 33
55 43 56
55 56 57
58 55 57
59 60 54
59 61 60
61 62 60
61 63 62
64 62 63
64 65 62
66 65 64
66 67 65
68 66 69
68 69 70
70 69 71
70 71 72
73 72 71
73 71 74
68 75 66
76 75 68
76 68 77
77 68 78
77 78 79
79 78 80
81 80 73
79 80 81
81 73 82
83 75 76
84 83 76
84 76 85
85 76 77
84 86 83
87 86 84
87 88 86
89 88 87
90 82 91
90 91 92
93 90 92
93 92 94
95 93 94
95 94 96
95 96 97
97 96 98
99 97 98
100 97 99
100 101 97
101 95 97
100 99 102
103 100 102
103 102 104
105 103 104
96 106 98
96 107 106
96 108 107
108 109 107
108 110 109
111 109 110
111 112 109
113 112 111
113 114 112
114 115 112
112 115 116
112 116 117
118 117 116
118 116 119
106 118 119
106 119 120
114 121 115
122 113 91
122 91 82
122 82 73
122 73 123
123 73 74
123 74 59
7 19 124
125 7 124
126 125 124
127 125 126
127 128 125
128 129 125
125 129 7
127 130 128
131 132 127
131 133 132
134 133 131
135 133 134
136 133 135
136 137 133
138 139 136
136 139 140
137 139 141
142 141 139
141 142 143
144 145 146
145 147 146
145 144 148
145 148 149
150 145 149
145 150 147
150 151 147
150 149 152
153 150 152
153 152 154
153 155 150
147 156 146
157 158 159
157 159 160
159 161 160
159 162 161
162 163 161
162 164 163
157 160 165
163 166 161
167 166 163
168 167 163
169 167 168
169 170 167
171 170 169
171 172 170
171 169 173
169 174 173
169 168 174
168 175 174
168 163 176
174 177 173
162 178 179
158 180 178
159 158 178
159 178 162
181 182 172
183 182 181
183 184 182
181 172 185
185 186 181
181 187 183
181 186 187
183 187 188
189 184 183
189 190 184
189 183 191
186 192 187
193 194 195
196 193 195
196 195 197
198 196 199
196 200 199
197 201 199
202 199 201
201 203 202
204 205 206
206 205 207
206 207 208
209 204 206
210 207 211
212 210 211
212 211 213
214 215 216
214 217 215
214 218 217
219 214 216
220 221 222
223 224 221
223 221 225
223 226 224
227 226 223
224 226 228
229 228 226
228 229 230
231 232 233
233 232 234
233 234 235
235 234 236
235 236 237
235 237 238
238 237 239
236 240 237
237 240 241
237 241 239
242 243 244
245 246 244
245 244 247
245 247 248
249 245 248
247 250 248
251 248 250
250 252 251
253 254 255
254 256 255
254 257 256
257 258 256
257 259 258
257 260 259
260 261 259
258 259 262
259 263 262
261 263 259
264 265 266
264 266 267
267 266 268
269 270 271
272 269 271
273 272 271
274 271 275
276 271 274
277 271 276
278 279 270
280 279 278
281 279 280
282 275 279
283 282 279
284 283 279
285 286 287
288 286 285
288 289 286
290 291 288
288 291 292
289 291 293
294 293 291
293 294 295
296 297 298
296 299 297
296 300 299
301 296 298
302 303 299
304 303 302
304 305 303
306 307 308
309 306 308
309 308 310
311 309 312
309 313 312
310 314 312
315 312 314
314 316 315
317 318 319
319 318 320
319 320 321
322 317 319
323 324 325
326 327 325
326 325 328
326 328 329
330 326 329
328 331 329
332 329 331
331 333 332
334 335 336
335 337 336
335 338 337
338 339 337
338 340 339
338 341 340
341 342 340
339 340 343
340 344 343
342 344 340
345 346 347
348 349 346
348 346 350
348 351 349
352 351 348
349 351 353
354 353 351
353 354 355
356 357 358
358 357 359
358 359 360
360 359 361
360 361 362
360 362 363
363 362 364
361 365 362
362 365 366
362 366 364
367 368 369
367 369 370
368 371 369
372 373 374
372 374 375
373 376 374
373 377 376
377 378 376
377 379 378
379 380 378
379 381 380
381 382 380
381 383 382
383 384 382
383 385 384
378 380 386
378 386 387
376 378 387
387 386 388
386 389 388
386 390 389
380 382 390
380 390 386
390 391 389
389 391 392
389 392 393
394 389 393
394 393 395
396 394 395
396 395 397
398 396 397
398 397 399
400 398 399
400 399 401
402 400 401
402 401 403
390 404 391
405 398 400
405 406 398
406 407 398
406 387 407
387 388 407
408 405 400
408 400 402
397 395 409
397 409 410
399 397 410
401 399 411
401 411 412
403 401 412
403 412 413
413 412 414
413 414 415
376 387 406
374 376 406
374 406 405
375 374 405
375 405 408
412 411 416
412 416 414
411 417 416
414 416 418
414 418 419
415 414 419
419 418 420
420 421 419
421 422 419
415 419 422
421 423 422
424 423 421
424 425 423
426 425 424
426 427 425
424 428 426
429 424 421
420 429 421
429 430 424
430 428 424
431 420 418
432 429 420
432 420 431
432 430 429
432 433 430
432 431 434
435 432 434
436 435 434
437 435 436
437 438 435
439 438 437
439 437 440
438 439 441
441 439 442
438 443 435
437 436 444
437 444 445
445 444 446
445 446 447
448 440 437
448 437 445
447 448 445
449 440 448
449 448 450
450 448 451
447 451 448
450 451 452
453 439 440
442 439 453
453 440 454
455 441 456
443 455 457
455 456 457
458 457 456
458 456 459
458 459 460
460 459 461
460 461 462
463 460 462
463 462 464
465 458 460
465 460 463
466 457 458
466 467 457
468 467 466
468 469 467
470 468 466
470 466 471
471 466 458
471 458 465
468 472 469
473 472 468
474 473 468
474 468 470
459 475 461
461 475 476
475 477 476
464 462 478
464 478 479
479 478 480
478 481 480
478 482 481
482 476 483
482 483 481
476 484 483
476 485 484
476 477 485
479 480 486
485 487 484
485 488 487
488 489 487
488 490 489
461 476 482
462 461 482
462 482 478
477 491 492
491 493 492
492 493 494
492 494 495
495 494 496
495 496 497
477 498 491
477 499 498
499 500 498
500 441 498
456 441 500
456 500 459
459 500 475
438 441 455
438 455 443
443 457 467
443 467 469
443 469 501
469 502 501
469 503 502
502 503 504
502 504 505
443 501 506
507 506 501
507 501 502
502 508 507
502 505 508
505 509 508
506 507 510
511 510 507
511 507 512
507 508 512
509 513 508
512 508 513
514 512 513
514 515 512
512 515 516
516 511 512
511 516 517
504 518 505
504 473 518
519 473 504
519 520 473
521 520 519
509 522 513
523 513 522
523 522 524
523 524 525
526 523 525
527 526 525
527 528 526
526 528 529
528 530 529
531 530 528
473 532 533
532 534 535
534 536 535
535 536 537
535 537 538
534 539 536
535 538 540
536 541 537
536 542 541
539 542 536
539 543 542
543 544 542
542 544 545
542 545 546
542 546 541
544 547 545
544 548 547
549 548 544
543 549 544
549 550 548
551 535 540
532 535 551
545 547 552
545 552 553
546 545 553
547 554 552
552 554 555
547 556 554
548 556 547
556 557 554
554 557 558
554 558 559
554 559 555
556 560 557
561 560 556
548 561 556
550 561 548
561 562 560
563 562 561
550 563 561
563 564 562
559 558 565
559 565 566
566 565 567
566 567 568
553 569 570
555 571 569
572 546 570
572 541 546
573 541 572
573 537 541
573 538 537
573 574 538
538 574 575
538 575 576
575 577 576
575 578 577
579 573 572
579 572 570
579 570 580
580 581 579
580 582 581
579 583 573
573 583 574
584 574 583
584 575 574
575 584 585
575 585 578
578 585 586
579 587 583
581 587 579
581 588 587
581 589 588
581 590 589
590 446 589
590 591 446
592 590 581
592 581 582
591 590 592
593 592 582
593 594 592
594 595 592
591 592 595
594 596 595
583 597 584
598 584 597
598 599 584
584 599 585
588 600 587
587 600 601
587 601 583
601 600 602
601 602 603
602 604 603
605 603 604
603 605 606
606 605 607
606 607 608
609 606 608
609 608 610
611 609 610
611 610 612
609 611 613
614 606 609
603 606 614
601 603 614
614 609 615
615 609 613
601 614 615
616 605 604
616 604 617
618 616 617
619 616 618
620 619 618
620 618 621
622 620 621
622 621 623
623 621 624
623 624 625
625 624 626
625 626 627
627 626 628
627 628 629
629 628 630
629 630 631
631 630 632
631 632 633
634 631 633
634 633 635
636 631 634
636 637 631
638 637 636
638 639 637
640 625 639
640 639 638
641 625 640
641 623 625
642 623 641
642 622 623
643 638 636
643 636 644
644 636 634
645 643 644
646 643 645
646 647 643
647 640 638
647 638 643
648 647 646
648 649 647
649 641 640
649 640 647
650 649 648
650 651 649
651 642 641
651 641 649
645 644 652
652 644 653
652 653 654
654 653 655
654 655 656
653 635 655
653 634 635
644 634 653
657 658 659
660 657 659
661 660 659
662 661 659
663 662 659
664 663 659
665 659 666
667 659 665
668 659 667
669 659 668
670 659 669
671 659 670
672 673 674
673 675 674
675 676 674
676 677 674
677 678 674
678 679 674
680 677 676
680 681 677
681 678 677
682 681 680
682 683 681
683 684 681
684 679 678
681 684 678
683 685 684
685 686 684
684 686 679
685 687 686
688 682 680
688 680 689
689 680 676
689 676 675
690 688 689
690 689 691
692 690 691
692 691 693
691 689 675
691 675 673
693 691 673
693 673 672
395 393 409
382 384 404
382 404 390
694 695 696
694 696 697
698 695 694
698 699 695
700 699 698
701 702 703
701 703 704
704 703 705
704 705 706
707 702 701
707 708 702
709 708 707
709 710 708
711 710 709
712 713 714
714 713 715
716 713 712
716 712 717
717 712 718
717 719 716
716 719 720
719 721 720
722 720 721
722 721 723
505 722 723
505 518 722
551 518 474
577 533 551
724 577 551
724 551 725
726 724 725
577 578 533
578 727 533
578 728 727
727 728 729
727 729 730
731 730 729
732 730 731
733 732 731
732 733 734
733 735 734
732 734 736
734 737 736
737 738 736
739 740 741
739 741 742
743 739 742
740 744 741
740 745 744
745 746 744
747 748 749
750 747 749
750 751 747
752 748 747
748 752 753
748 753 754
753 755 754
756 757 758
756 758 759
758 760 759
758 761 760
762 760 761
762 761 434
758 757 763
758 763 764
758 764 436
758 436 761
436 434 761
765 756 759
765 766 756
767 765 759
767 759 760
768 760 762
768 767 760
434 769 762
769 770 762
770 768 762
434 431 769
431 418 769
418 416 769
769 416 771
416 417 771
417 410 771
399 410 417
399 417 411
410 772 771
410 773 772
410 774 773
774 775 773
774 776 775
776 777 775
776 778 777
779 780 781
779 781 782
783 779 782
783 782 784
785 783 784
786 787 788
786 789 787
789 790 787
789 791 790
792 786 788
792 788 793
794 792 793
794 793 795
796 794 795
797 798 799
799 798 800
800 801 799
797 802 798
802 803 798
802 797 804
804 797 805
804 805 806
807 806 805
807 808 806
809 808 807
810 809 807
811 809 810
812 809 811
812 813 809
809 813 814
812 811 815
430 812 815
430 433 812
433 816 812
812 816 813
816 817 813
818 817 816
817 818 819
818 816 820
821 820 816
821 816 433
813 817 822
814 813 822
814 822 823
824 823 822
824 825 823
826 825 824
827 822 817
827 817 828
819 828 817
821 433 432
818 829 819
830 826 824
831 826 830
831 830 832
832 830 833
832 833 834
835 832 834
435 821 432
443 506 435
836 837 838
836 838 839
840 837 836
839 838 841
839 841 842
842 841 843
844 845 846
847 844 846
847 846 848
849 847 848
846 850 851
852 853 850
854 853 852
854 855 853
856 855 854
853 857 845
858 859 860
861 859 858
861 858 862
863 858 860
860 864 863
860 865 864
864 865 866
867 868 869
869 868 870
870 868 871
871 868 872
872 868 873
873 868 874
875 871 872
875 872 876
876 872 873
877 875 876
877 876 878
878 876 879
879 873 874
876 873 879
878 879 880
880 879 881
879 874 881
880 881 882
883 875 877
883 884 875
884 870 871
884 871 875
885 884 883
885 886 884
887 886 885
887 888 886
886 870 884
886 869 870
888 869 886
888 867 869
626 889 890
626 890 628
628 890 630
624 889 626
624 891 889
624 892 891
621 892 624
621 618 892
892 617 891
618 617 892
617 893 891
891 893 889
894 893 617
893 895 889
604 894 617
602 894 604
600 894 602
600 896 894
896 600 897
896 897 898
899 898 897
899 900 898
901 900 899
901 899 902
899 763 902
899 903 763
899 897 588
899 588 903
588 897 600
904 900 901
904 901 905
906 898 900
906 900 904
898 906 907
896 898 907
908 896 907
894 896 908
619 909 616
909 605 616
909 607 605
910 911 912
910 912 913
914 910 913
914 913 915
916 914 915
917 918 919
917 920 918
920 921 918
920 922 921
923 917 919
923 919 924
925 923 924
925 924 926
927 925 926
569 553 928
555 569 928
546 553 570
570 929 580
929 930 580
930 582 580
930 931 582
555 932 571
932 933 571
932 934 933
932 935 934
935 936 934
935 937 936
938 939 940
938 940 941
942 939 938
941 940 943
941 943 944
944 943 945
946 947 948
946 948 949
950 947 946
586 949 948
586 585 949
599 949 585
951 949 599
951 599 952
953 952 599
599 598 953
598 954 953
955 950 946
956 950 955
956 955 957
957 955 958
957 958 959
960 957 959
961 962 963
964 962 961
964 961 965
966 961 963
963 967 966
963 968 967
967 968 969
970 971 972
970 972 973
974 971 970
974 975 971
976 975 974
977 978 979
977 979 980
980 979 981
980 981 982
983 978 977
983 984 978
985 984 983
985 986 984
987 986 985
988 989 990
989 991 990
991 989 992
988 990 993
993 990 994
993 995 988
995 996 988
995 997 996
998 996 997
998 997 999
1000 998 999
1001 998 1000
1002 1001 1000
1003 1002 1000
1003 1000 1004
1000 1005 1004
1003 1006 1002
615 1006 1003
615 1003 1007
601 615 1007
1007 1003 1008
1003 1004 1008
1008 1004 1009
1010 1008 1009
1011 1010 1009
1010 1012 1008
583 1008 1012
583 601 1007
583 1007 1008
1004 1013 1009
1005 1013 1004
1005 1014 1013
1015 1013 1014
1015 1014 1016
1017 1009 1013
1017 1018 1009
1009 1018 1011
1010 1011 1019
1015 1016 1020
1021 1015 1020
1021 1020 1022
1022 1023 1021
1021 1023 1024
1025 1024 1023
1026 1025 1023
1027 1028 1029
1027 1029 1030
1031 1027 1030
1028 1032 1029
1028 1033 1032
1033 1034 1032
1035 1036 1037
1038 1035 1037
1038 1039 1035
1040 1036 1035
1036 1040 1041
1036 1041 1042
1041 1043 1042
1044 1045 1046
1044 1046 1047
1048 1045 1044
1048 1049 1045
889 1049 1048
889 895 1049
