byte offset: 0
first index: 0
index count: 3606
topology: trianglelist
format: DXGI_FORMAT_R16_UINT

0 1 2
1 0 3
4 3 0
3 4 5
6 5 4
5 6 7
8 2 1
2 8 9
8 10 9
10 8 11
12 13 14
13 12 15
15 16 13
16 15 17
17 18 16
18 17 19
14 20 12
20 14 21
21 22 20
22 21 23
24 25 26
25 24 27
26 28 24
28 26 29
29 30 28
30 29 31
31 32 30
32 31 33
33 34 32
34 33 35
36 37 38
37 36 39
36 40 39
40 36 41
37 42 38
42 37 43
43 44 42
44 43 45
41 46 40
46 41 47
48 49 50
49 48 51
52 53 54
55 56 57
58 59 60
61 62 63
64 65 66
65 64 67
68 69 70
71 72 73
74 75 76
77 78 79
80 81 82
81 80 83
84 85 86
85 84 87
84 86 88
88 89 84
89 88 90
90 91 89
91 92 89
92 91 93
92 93 94
94 87 92
95 85 87
87 94 95
96 97 98
97 96 99
100 101 102
101 100 103
104 105 106
105 104 107
108 109 110
109 108 111
112 113 114
113 112 115
116 117 118
117 116 119
120 121 122
121 120 123
124 125 126
125 124 127
128 129 130
128 131 129
131 128 132
131 132 133
134 133 132
133 134 135
134 136 135
134 137 136
137 134 138
137 138 139
139 128 130
128 139 138
140 141 142
141 140 143
144 145 146
145 144 147
148 149 150
149 148 151
152 153 154
153 152 155
156 157 158
156 159 157
156 160 159
156 161 160
156 158 162
163 164 165
164 163 166
166 167 164
167 166 168
168 169 167
169 168 170
171 169 170
169 171 172
165 173 163
173 165 174
175 176 177
178 176 175
179 176 178
180 176 179
177 176 181
182 183 184
182 184 185
182 185 186
182 186 187
182 188 183
189 190 191
190 189 192
193 192 189
192 193 194
193 195 194
195 193 196
196 197 195
197 196 198
199 191 190
191 199 200
201 202 203
204 201 203
205 204 203
206 205 203
202 207 203
208 209 210
209 208 211
212 213 214
213 212 215
216 217 218
217 216 219
220 217 219
217 220 221
222 221 220
221 222 223
224 223 222
223 224 225
224 226 225
226 224 227
228 226 227
226 228 229
230 229 228
229 230 231
232 231 230
231 232 233
234 233 232
233 234 235
236 237 238
237 236 239
239 218 237
218 239 216
240 241 242
241 240 243
240 244 243
244 240 245
245 246 244
246 245 247
247 248 246
248 247 249
249 250 248
250 249 251
251 252 250
252 251 253
253 254 252
254 253 255
255 256 254
256 255 257
257 258 256
258 257 259
260 261 262
261 260 263
242 263 260
263 242 241
264 265 266
265 264 267
267 268 265
268 267 269
270 268 269
268 270 271
272 271 270
271 272 273
274 273 272
273 274 275
274 276 275
276 274 277
277 278 276
278 277 279
280 278 279
278 280 281
282 281 280
281 282 283
284 285 286
285 284 287
288 287 284
287 288 289
288 290 289
290 288 291
291 292 290
292 291 293
293 294 292
294 293 295
296 294 295
294 296 297
298 297 296
297 298 299
298 300 299
300 298 301
301 302 300
302 301 303
304 305 306
305 304 307
307 266 305
266 307 264
308 309 310
309 308 311
286 311 308
311 286 285
312 313 314
313 312 315
316 317 318
317 316 319
319 316 320
321 319 320
322 318 317
322 323 318
323 324 318
324 323 325
322 326 323
322 317 327
324 325 328
325 329 328
324 328 330
331 324 330
324 331 332
333 332 331
333 331 334
330 328 335
333 336 332
336 316 332
316 336 337
333 338 336
337 320 316
339 320 337
340 341 342
341 340 343
344 345 346
345 344 347
348 349 350
349 348 351
352 353 354
353 352 355
356 357 358
357 356 359
360 361 362
362 363 360
363 362 364
365 363 364
366 367 368
367 366 369
370 371 372
371 370 373
374 375 376
375 374 377
378 379 380
379 378 381
382 383 384
382 384 385
386 382 385
382 386 387
388 387 386
388 389 387
390 391 392
391 390 393
394 395 396
397 396 395
398 399 400
399 398 401
402 403 404
403 402 405
406 407 408
407 406 409
410 411 412
411 410 413
414 415 416
415 414 417
418 419 420
421 419 418
419 421 422
423 422 421
424 425 426
425 424 427
428 429 430
429 428 431
432 433 434
433 432 435
436 437 438
437 436 439
440 441 442
440 443 441
440 444 443
444 440 445
446 444 445
446 445 447
448 449 450
449 448 451
452 453 454
454 453 455
452 456 453
457 456 452
457 458 456
457 459 458
459 457 460
460 461 459
462 459 461
463 460 457
464 463 457
464 465 463
465 464 466
466 464 467
464 457 468
466 467 469
470 466 469
470 469 471
470 471 472
464 468 473
464 473 474
464 474 475
475 474 476
475 476 477
477 476 478
477 478 479
470 472 480
472 481 480
482 483 484
484 483 485
484 486 482
487 486 484
488 487 484
487 489 486
489 490 486
485 483 491
492 485 491
492 493 485
492 494 493
495 490 489
496 490 495
495 497 496
495 498 497
483 499 491
484 500 488
500 501 488
500 502 501
502 503 501
502 504 503
495 505 498
505 506 498
499 483 507
507 508 499
508 507 509
509 510 508
509 511 510
512 513 514
512 514 515
516 512 515
516 515 517
486 516 517
486 517 518
486 518 482
519 520 521
520 519 522
522 523 520
523 522 524
524 525 523
525 524 526
526 527 525
527 526 528
528 529 527
529 528 530
530 531 529
531 530 532
532 533 531
533 532 534
534 535 533
535 534 536
536 537 535
537 536 538
539 540 541
540 539 542
541 543 539
543 541 544
544 545 543
545 544 546
546 547 545
547 546 548
548 549 547
549 548 550
550 551 549
551 550 552
552 553 551
553 552 554
554 555 553
555 554 556
557 558 559
558 557 560
560 561 558
561 560 562
562 563 561
563 562 564
559 565 557
565 559 566
566 567 565
567 566 568
568 569 567
569 568 570
571 572 573
572 571 574
574 575 572
575 574 576
576 577 575
577 576 578
578 579 577
579 578 580
580 581 579
581 580 582
582 583 581
583 582 584
585 586 587
588 585 587
585 588 589
585 589 590
462 461 591
592 593 594
593 592 595
596 597 598
597 596 599
597 600 598
601 600 597
600 601 602
602 601 603
604 603 601
603 604 605
604 606 605
599 606 604
607 599 596
606 599 607
608 609 610
609 608 611
612 613 614
613 612 615
616 617 618
617 616 619
620 621 622
621 620 623
624 625 626
625 624 627
628 629 630
629 628 631
632 633 634
633 632 635
636 637 638
637 636 639
640 641 642
643 640 642
640 643 644
643 645 644
645 646 644
646 645 647
646 647 648
649 646 648
646 649 650
649 651 650
640 651 641
651 640 650
652 653 654
653 652 655
656 657 658
657 656 659
660 661 662
661 660 663
664 665 666
665 664 667
668 669 670
669 668 671
671 672 669
672 671 673
673 674 672
674 673 675
676 674 675
674 676 677
678 675 673
675 678 679
679 676 675
676 679 680
676 680 681
682 677 676
682 676 681
677 682 683
684 668 670
668 684 685
668 686 671
686 668 685
686 687 671
687 686 688
681 689 682
690 689 681
684 691 685
691 684 692
692 693 691
691 693 694
695 694 693
693 696 695
696 693 697
693 692 697
694 695 698
698 699 694
699 698 700
701 699 700
699 701 702
702 703 699
694 699 703
691 694 703
701 704 702
704 701 705
705 706 704
706 707 704
706 705 708
709 706 708
707 706 709
707 709 710
709 708 711
711 712 709
712 711 713
714 712 713
715 704 707
715 707 710
715 710 716
702 717 703
702 704 717
704 715 717
717 715 688
688 715 716
688 716 687
679 709 712
709 679 678
710 678 716
716 678 687
710 709 678
712 680 679
680 712 714
680 714 718
714 719 718
714 713 719
687 678 673
680 718 681
690 681 718
690 718 720
720 718 719
719 713 721
717 688 686
717 686 685
685 703 717
691 703 685
671 687 673
721 711 722
711 721 713
723 724 725
723 725 726
724 723 727
728 725 724
728 724 729
725 728 730
731 726 725
731 725 732
732 733 731
734 732 725
725 730 734
734 735 732
736 737 738
737 736 739
740 739 736
740 736 741
739 740 742
739 743 737
743 739 744
745 739 742
739 745 744
744 745 746
747 748 749
748 747 750
751 747 749
747 751 752
753 752 751
752 753 754
755 754 753
754 755 756
757 756 755
756 757 758
759 758 757
758 759 760
761 760 759
760 761 762
763 762 761
762 763 764
763 765 764
765 763 766
766 767 765
767 766 768
768 769 767
769 768 770
770 771 769
771 770 772
772 773 771
773 772 774
774 775 773
775 774 776
776 777 775
777 776 778
779 777 778
777 779 780
781 782 783
782 781 784
785 784 781
784 785 786
787 788 789
788 790 789
788 791 790
791 792 790
792 793 790
792 794 793
794 795 793
795 796 793
796 797 793
797 798 793
798 797 799
800 798 799
798 800 801
802 801 800
803 801 802
804 801 803
805 801 804
806 801 805
806 805 807
808 806 807
808 809 806
808 810 809
810 811 809
812 683 682
812 682 689
812 813 683
813 677 683
677 813 814
814 674 677
674 814 815
816 674 815
674 816 672
815 817 816
817 815 818
814 818 815
818 814 819
814 820 819
813 820 814
821 672 816
672 821 669
822 669 821
669 822 670
816 823 821
823 816 817
822 684 670
684 822 824
825 822 821
822 825 824
823 825 821
825 823 826
827 684 824
684 827 692
828 692 827
827 829 828
829 830 828
696 828 830
828 696 697
692 828 697
830 829 831
832 831 829
831 832 833
832 834 833
834 832 835
835 832 836
829 836 832
827 836 829
827 824 836
837 834 835
834 837 838
839 838 837
839 837 840
838 839 841
842 841 839
840 842 839
840 843 842
842 844 841
845 844 842
844 845 846
847 846 845
848 840 837
848 843 840
848 849 843
835 836 850
835 850 837
837 850 848
850 826 848
826 849 848
826 823 849
842 818 845
818 842 817
843 849 817
849 823 817
843 817 842
845 819 847
819 845 818
819 851 847
847 851 852
847 852 846
819 820 851
853 851 820
853 820 854
853 855 851
855 852 851
820 813 854
812 854 813
850 825 826
850 824 825
824 850 836
852 856 846
856 844 846
844 856 857
858 859 860
861 860 859
860 861 862
862 861 863
863 861 864
864 861 865
861 859 865
866 865 859
866 859 858
867 866 858
866 867 868
868 869 866
865 866 869
869 868 870
871 870 868
867 872 868
868 872 873
874 873 872
873 874 875
876 875 874
875 876 877
876 878 877
878 876 879
880 878 879
878 880 881
882 881 880
881 882 883
882 884 883
884 882 885
886 883 884
883 886 887
887 881 883
888 887 886
887 888 889
889 890 887
890 878 881
887 890 881
890 877 878
889 891 890
891 877 890
888 892 889
892 888 893
894 892 893
892 894 895
896 895 894
895 896 897
898 897 896
897 898 899
900 899 898
899 900 901
902 901 900
901 902 903
892 904 889
904 892 895
904 891 889
905 891 904
906 904 895
904 906 905
895 897 906
907 905 906
899 870 897
897 870 906
906 870 907
870 899 869
901 869 899
869 901 865
901 903 864
864 865 901
907 870 871
908 903 902
908 909 903
864 903 909
909 863 864
871 910 907
910 905 907
911 910 871
911 875 910
868 911 871
873 911 868
875 911 873
910 875 891
891 875 877
910 891 905
908 912 913
908 902 912
902 914 912
914 902 900
900 915 914
915 900 898
898 916 915
916 898 896
896 917 916
917 896 894
894 918 917
918 894 893
888 918 893
918 888 919
918 920 917
920 918 919
920 921 917
917 921 916
921 920 922
922 920 923
920 919 923
919 924 923
919 925 924
888 925 919
925 888 886
886 926 925
926 886 884
884 927 926
927 928 926
925 928 924
925 926 928
928 927 929
927 884 885
929 930 928
924 928 930
930 929 931
932 930 931
930 932 933
924 930 933
923 924 933
932 934 933
923 933 934
934 932 935
935 936 934
936 935 937
938 936 937
939 938 937
939 940 938
940 939 941
942 938 940
938 942 943
940 944 942
944 940 945
940 941 945
941 946 945
947 938 943
936 938 948
938 947 948
934 936 948
948 947 949
948 949 934
915 943 942
943 915 916
914 942 944
942 914 915
916 921 943
921 950 943
950 947 943
947 950 949
950 921 922
949 950 922
951 944 945
951 945 946
946 952 951
953 944 951
953 914 944
952 954 951
954 953 951
914 953 912
913 953 954
953 913 912
949 922 923
949 923 934
955 956 957
956 955 958
958 959 956
959 958 960
960 961 959
961 960 962
957 963 955
963 957 964
964 965 963
965 964 966
967 965 966
965 967 968
969 968 967
968 969 970
971 970 969
970 971 972
971 973 972
973 971 974
974 975 973
975 974 976
976 977 975
977 976 978
979 977 978
977 979 980
981 980 979
980 981 982
983 982 981
982 983 984
985 984 983
984 985 986
987 986 985
986 987 988
989 990 991
992 989 991
993 992 991
994 993 991
995 994 991
994 995 996
995 997 996
997 995 998
997 998 999
999 998 1000
1000 998 1001
1001 998 1002
1003 991 990
1003 990 1004
1005 1003 1004
1005 1006 1003
1002 998 1007
1008 1002 1007
1009 1008 1007
1009 1007 1010
1005 1011 1006
1011 1012 1006
1013 1009 1010
1014 1013 1010
1015 867 858
867 1015 1016
858 860 1015
1017 1018 1019
1018 1017 1020
1020 1021 1018
1021 1022 1018
1021 1020 1023
1024 1020 1017
1020 1024 1025
1026 1020 1025
1020 1026 1023
1025 1027 1026
1028 1029 1030
1029 1028 1031
1031 1032 1029
1032 1031 1033
1034 939 1035
939 1034 941
941 1034 946
1036 1037 1038
1039 1040 1041
1042 1043 1044
1045 1046 1047
1048 1049 1050
1049 1048 1051
1052 1053 1054
1053 1052 1055
1056 1057 1058
1057 1056 1059
1060 1061 1062
1063 1064 1065
1066 1067 1068
1069 1070 1071
1072 1073 1074
1073 1072 1075
1076 1077 1078
1077 1076 1079
1078 1080 1076
1080 1078 1081
1081 1082 1080
1082 1081 1083
1083 1084 1082
1084 1083 1085
1085 1086 1084
1086 1085 1087
1087 1088 1086
1088 1087 1089
1089 1090 1088
1090 1089 1091
1092 1093 1094
1093 1092 1095
1096 1094 1093
1094 1096 1097
1096 1098 1097
1098 1096 1099
1100 1098 1099
1098 1100 1101
1100 1102 1101
1102 1100 1103
1103 1104 1102
1104 1103 1105
1105 1106 1104
1106 1105 1107
1108 1106 1107
1106 1108 1109
1110 1109 1108
1109 1110 1111
1112 1111 1110
1111 1112 1113
1112 1114 1113
1114 1112 1115
1116 1114 1115
1114 1116 1117
1116 1118 1117
1118 1116 1119
1119 1120 1118
1120 1119 1121
1122 1123 1124
1123 1122 1125
1126 1123 1125
1123 1126 1127
1128 1127 1126
1127 1128 1129
1124 1130 1122
1130 1124 1131
1132 1129 1128
1129 1132 1133
1134 1133 1132
1133 1134 1135
1136 1135 1134
1135 1136 1137
1136 1138 1137
1138 1136 1139
1139 1140 1138
1140 1139 1141
1141 1142 1140
1142 1141 1143
1143 1144 1142
1144 1143 1145
1145 1146 1144
1146 1145 1147
1148 1146 1147
1146 1148 1149
1150 1149 1148
1149 1150 1151
1152 1153 1154
1153 1152 1155
1156 1154 1153
1154 1156 1157
1158 1157 1156
1157 1158 1159
1160 1159 1158
1159 1160 1161
1160 1162 1161
1162 1160 1163
1163 1164 1162
1164 1163 1165
1165 1166 1164
1166 1165 1167
1167 1168 1166
1168 1167 1169
1170 1171 1172
1171 1170 1173
1174 1172 1171
1172 1174 1175
1176 1175 1174
1175 1176 1177
1178 1177 1176
1177 1178 1179
1178 1180 1179
1180 1178 1181
1181 1182 1180
1182 1181 1183
1183 1184 1182
1184 1183 1185
1185 1186 1184
1186 1185 1187
1188 1189 1190
1189 1188 1191
1192 1190 1189
1190 1192 1193
1194 1193 1192
1193 1194 1195
1196 1195 1194
1195 1196 1197
1198 1197 1196
1197 1198 1199
1200 1199 1198
1199 1200 1201
1202 1201 1200
1201 1202 1203
1204 787 789
1205 1206 1207
1208 1209 1210
1209 1208 1211
1209 1212 1210
1209 1213 1212
1214 1213 1209
1213 1214 1215
1214 1216 1215
1214 1217 1216
1218 1217 1214
1217 1218 1219
1220 1221 1219
1221 1220 1222
1219 1221 1223
1224 1221 1222
1225 1224 1222
1222 1226 1225
1226 1222 1227
1227 1228 1226
1229 1228 1227
1227 1230 1229
1230 1227 1231
1232 1233 1234
1232 1234 1235
1236 1232 1235
1237 1238 1239
1238 1237 1240
1241 1238 1240
1242 1238 1241
1242 1243 1238
1243 1242 1244
1245 1243 1244
1246 1243 1245
1246 1247 1243
1247 1246 1248
1249 1250 1248
1250 1251 1248
1251 1250 1252
1250 1253 1252
1252 1253 1254
1255 1252 1254
1252 1255 1256
1256 1255 1257
1256 1257 1258
1259 1256 1258
1256 1259 1260
1261 1262 1263
1262 1261 1264
1265 1264 1261
1264 1265 1266
1267 1266 1265
1266 1267 1268
1269 1268 1267
1268 1269 1270
1271 1270 1269
1270 1271 1272
1273 1272 1271
1272 1273 1274
1275 1276 1277
1277 1278 1275
1276 1279 1277
1280 1281 1282
1281 1280 1283
1284 1283 1280
1283 1284 1285
1286 1285 1284
1285 1286 1287
1288 1287 1286
1287 1288 1289
1290 1289 1288
1289 1290 1291
1292 1291 1290
1291 1292 1293
1294 1295 1296
1295 1294 1297
1298 1299 1300
