byte offset: 0
first index: 0
index count: 1812
topology: trianglelist
format: DXGI_FORMAT_R16_UINT

0 1 2
1 0 3
2 4 0
4 2 5
6 5 2
5 6 7
8 7 6
6 9 8
9 6 10
10 2 1
2 10 6
7 8 11
12 11 8
11 12 13
14 13 12
12 15 14
15 12 16
16 8 9
8 16 12
13 14 17
18 17 14
17 18 19
20 19 18
18 21 20
21 18 22
22 14 15
14 22 18
19 20 23
0 23 20
23 0 4
3 20 21
20 3 0
24 25 26
25 24 27
26 28 24
28 26 29
30 27 24
27 30 31
32 31 30
31 32 33
30 34 32
34 30 35
35 24 28
24 35 30
36 33 32
33 36 37
38 37 36
37 38 39
36 40 38
40 36 41
41 32 34
32 41 36
42 39 38
39 42 43
44 43 42
43 44 45
42 46 44
46 42 47
47 38 40
38 47 42
26 45 44
45 26 25
29 44 46
44 29 26
48 49 50
49 48 51
52 50 49
50 52 53
54 53 52
53 54 55
56 55 54
55 56 57
58 57 56
57 58 59
60 51 48
51 60 61
60 62 61
62 60 63
63 64 62
64 63 65
65 66 64
66 65 67
67 68 66
68 67 69
69 70 68
70 69 71
71 72 70
72 71 73
72 73 74
75 59 58
76 77 78
77 76 79
80 79 76
79 80 81
82 81 80
81 82 83
84 83 82
83 84 85
86 85 84
85 86 87
88 87 86
87 88 89
90 89 88
77 91 78
91 77 92
92 93 91
93 92 94
94 95 93
95 94 96
96 97 95
97 96 98
98 99 97
99 98 100
100 101 99
101 100 102
102 103 101
102 104 103
90 105 89
106 107 108
107 106 109
109 110 107
110 109 111
111 112 110
112 111 113
113 114 112
114 113 115
115 116 114
116 115 117
108 118 106
118 108 119
120 118 119
118 120 121
122 121 120
121 122 123
124 123 122
123 124 125
126 125 124
125 126 127
128 127 126
127 128 129
130 129 128
129 130 131
130 132 131
116 117 133
134 135 136
137 138 139
140 141 142
143 144 145
146 147 148
146 148 149
149 150 146
150 149 151
151 152 150
152 151 153
153 154 152
154 153 155
155 156 154
156 155 157
157 158 156
158 157 159
159 160 158
160 159 161
162 160 161
160 162 163
164 163 162
163 164 165
166 165 164
165 166 167
168 167 166
167 168 169
170 169 168
169 170 171
172 171 170
171 172 173
174 173 172
174 175 173
176 177 178
179 176 178
180 181 182
183 180 182
184 185 186
184 186 187
188 189 190
188 191 189
192 193 194
193 192 195
196 197 198
197 196 199
200 201 202
201 200 203
204 205 206
205 204 207
208 209 210
208 211 209
212 213 214
212 214 215
216 217 218
217 216 219
220 221 222
221 220 223
224 225 226
225 224 227
228 229 230
229 228 231
232 233 234
232 235 233
236 237 238
236 238 239
240 241 242
241 240 243
244 245 246
245 244 247
248 249 250
249 248 251
252 253 254
253 252 255
256 257 258
257 256 259
258 260 256
260 258 261
262 261 258
261 262 263
264 263 262
262 265 264
265 262 266
266 258 257
258 266 262
263 264 267
268 267 264
267 268 269
270 269 268
268 271 270
271 268 272
272 264 265
264 272 268
269 270 273
274 273 270
273 274 275
276 275 274
274 277 276
277 274 278
278 270 271
270 278 274
275 276 279
256 279 276
279 256 260
259 276 277
276 259 256
280 281 282
281 280 283
282 284 280
284 282 285
286 283 280
283 286 287
288 287 286
287 288 289
286 290 288
290 286 291
291 280 284
280 291 286
292 289 288
289 292 293
294 293 292
293 294 295
292 296 294
296 292 297
297 288 290
288 297 292
298 295 294
295 298 299
300 299 298
299 300 301
298 302 300
302 298 303
303 294 296
294 303 298
282 301 300
301 282 281
285 300 302
300 285 282
304 305 306
305 304 307
308 306 305
306 308 309
310 309 308
309 310 311
312 311 310
311 312 313
314 313 312
313 314 315
316 307 304
307 316 317
316 318 317
318 316 319
319 320 318
320 319 321
321 322 320
322 321 323
323 324 322
324 323 325
325 326 324
326 325 327
327 328 326
328 327 329
328 329 330
331 315 314
332 333 334
333 332 335
336 335 332
335 336 337
338 337 336
337 338 339
340 339 338
339 340 341
342 341 340
341 342 343
344 343 342
343 344 345
346 345 344
333 347 334
347 333 348
348 349 347
349 348 350
350 351 349
351 350 352
352 353 351
353 352 354
354 355 353
355 354 356
356 357 355
357 356 358
346 359 345
358 360 357
358 361 360
362 363 364
363 362 365
365 366 363
366 365 367
367 368 366
368 367 369
369 370 368
370 369 371
371 372 370
372 371 373
364 374 362
374 364 375
376 374 375
374 376 377
378 377 376
377 378 379
380 379 378
379 380 381
382 381 380
381 382 383
384 383 382
383 384 385
386 385 384
385 386 387
386 388 387
372 373 389
390 391 392
393 394 395
396 397 398
399 400 401
402 403 404
402 404 405
405 406 402
406 405 407
407 408 406
408 407 409
409 410 408
410 409 411
411 412 410
412 411 413
413 414 412
414 413 415
415 416 414
416 415 417
418 416 417
416 418 419
420 419 418
419 420 421
422 421 420
421 422 423
424 423 422
423 424 425
426 425 424
425 426 427
428 427 426
427 428 429
430 429 428
430 431 429
432 433 434
435 432 434
436 437 438
439 436 438
440 441 442
443 444 445
446 447 448
449 447 446
450 451 452
453 454 455
456 457 458
459 460 461
462 463 464
465 462 464
466 467 468
469 470 471
472 473 474
472 474 475
476 477 478
476 479 477
480 481 482
481 480 483
484 485 486
485 484 487
488 489 490
489 488 491
492 493 494
493 492 495
496 497 498
497 496 499
498 500 496
500 498 501
502 501 498
501 502 503
504 503 502
502 505 504
505 502 506
506 498 497
498 506 502
503 504 507
508 507 504
507 508 509
510 509 508
508 511 510
511 508 512
512 504 505
504 512 508
509 510 513
514 513 510
513 514 515
516 515 514
514 517 516
517 514 518
518 510 511
510 518 514
515 516 519
496 519 516
519 496 500
499 516 517
516 499 496
520 521 522
521 520 523
522 524 520
524 522 525
526 523 520
523 526 527
528 527 526
527 528 529
526 530 528
530 526 531
531 520 524
520 531 526
532 529 528
529 532 533
534 533 532
533 534 535
532 536 534
536 532 537
537 528 530
528 537 532
538 535 534
535 538 539
540 539 538
539 540 541
538 542 540
542 538 543
543 534 536
534 543 538
522 541 540
541 522 521
525 540 542
540 525 522
544 545 546
545 544 547
548 549 546
549 548 550
551 552 553
552 551 554
555 556 554
556 555 557
558 559 560
559 558 561
562 563 560
563 562 564
565 566 567
566 565 568
569 570 567
570 569 571
572 573 574
573 572 575
576 577 574
577 576 578
579 580 581
580 579 582
583 584 581
584 583 585
586 587 588
587 586 589
590 591 588
591 590 592
593 594 595
594 593 596
597 598 595
598 597 599
600 601 602
601 600 603
604 602 601
602 604 605
605 606 602
606 605 607
607 608 606
609 606 608
606 609 610
602 610 600
610 602 606
608 607 611
611 612 608
612 611 613
613 614 612
615 612 614
612 615 616
608 616 609
616 608 612
614 613 617
617 618 614
618 617 619
619 620 618
621 618 620
618 621 622
614 622 615
622 614 618
620 619 623
623 601 620
601 623 604
620 603 621
603 620 601
624 625 626
625 624 627
628 626 625
626 628 629
627 630 625
630 627 631
631 632 630
632 631 633
634 630 632
630 634 635
625 635 628
635 625 630
633 636 632
636 633 637
637 638 636
638 637 639
640 636 638
636 640 641
632 641 634
641 632 636
639 642 638
642 639 643
643 644 642
644 643 645
646 642 644
642 646 647
638 647 640
647 638 642
645 626 644
626 645 624
644 629 646
629 644 626
648 649 650
649 648 651
652 651 648
651 652 653
654 655 656
655 654 657
656 658 654
658 656 659
660 661 662
661 660 663
662 664 660
664 662 665
666 667 668
667 666 669
670 668 667
668 670 671
672 673 674
675 676 677
678 679 680
681 682 683
684 685 686
687 688 689
690 691 692
693 694 695
