byte offset: 0
first index: 0
index count: 10464
topology: trianglelist
format: DXGI_FORMAT_R16_UINT

0 1 2
0 2 3
3 2 4
5 3 4
4 6 5
6 7 5
8 7 6
9 8 6
10 8 9
10 9 11
9 12 11
13 11 12
14 13 12
15 13 14
16 15 14
17 15 16
18 17 16
19 17 18
20 19 18
21 19 20
21 20 22
21 22 23
22 24 23
24 25 23
24 26 25
24 27 26
28 29 30
28 31 29
31 32 29
33 32 31
32 33 34
34 33 35
36 34 35
37 34 36
38 37 36
38 39 37
37 39 40
41 40 39
42 40 41
43 42 41
44 42 43
45 44 43
46 44 45
47 46 45
48 46 47
49 48 47
49 50 48
49 51 50
50 51 52
52 51 53
52 53 54
52 54 55
56 57 58
57 56 59
60 61 62
63 64 65
66 67 68
69 70 71
72 73 74
73 72 75
76 77 78
77 76 79
77 80 78
80 77 81
81 82 80
82 81 83
84 85 86
85 84 87
88 89 90
89 88 91
92 91 88
91 92 93
94 93 92
93 94 95
96 95 94
95 96 97
98 97 96
97 98 99
100 99 98
99 100 101
102 103 104
103 105 104
106 104 105
107 106 105
107 108 106
107 109 108
110 108 109
110 109 111
112 110 111
113 114 115
113 116 114
116 117 114
116 118 117
118 119 117
118 120 119
120 121 119
120 122 123
122 124 125
126 127 128
127 126 129
130 131 132
131 130 133
134 135 136
134 136 137
138 139 140
141 142 143
144 145 146
145 144 147
148 149 150
149 148 151
152 148 150
148 152 153
154 153 152
153 154 155
156 157 158
157 156 159
160 161 162
161 160 163
163 164 161
164 163 165
165 166 164
166 165 167
167 168 166
168 167 169
169 170 168
170 169 171
171 172 170
172 171 173
174 175 176
176 175 177
178 177 175
179 177 178
179 178 180
179 180 181
182 181 180
182 183 181
184 183 182
185 186 187
185 187 188
188 187 189
188 189 190
190 189 191
190 191 192
192 191 193
192 194 195
196 197 198
199 200 201
200 199 202
203 204 205
204 203 206
207 203 205
203 207 208
209 208 207
208 209 210
211 206 203
208 211 203
206 211 212
211 213 212
213 211 214
215 214 211
211 208 215
210 215 208
214 215 216
217 216 215
215 210 217
216 217 218
218 219 216
219 218 220
220 221 219
222 219 221
219 222 223
216 223 214
223 216 219
224 223 222
223 224 225
214 225 213
225 214 223
221 220 226
222 227 224
227 222 228
221 228 222
228 229 227
229 228 230
231 230 228
228 221 231
226 231 221
230 231 232
233 232 231
231 226 233
232 233 234
230 235 229
235 230 236
232 236 230
236 237 235
237 236 238
239 238 236
236 232 239
234 239 232
238 239 240
241 240 239
239 234 241
240 241 242
238 243 237
243 238 244
240 244 238
244 240 245
240 246 245
246 240 242
244 247 243
247 244 248
249 244 245
244 249 248
245 250 249
250 245 246
207 251 209
207 252 251
205 252 207
252 205 253
205 254 253
254 205 204
252 253 255
253 254 255
255 256 252
256 251 252
257 258 259
258 257 260
258 261 259
261 258 262
262 263 261
263 262 264
260 265 258
265 262 258
265 260 266
267 265 266
265 267 268
268 269 265
262 265 269
269 264 262
269 268 270
270 271 269
264 269 271
271 270 272
273 272 270
272 273 274
275 274 273
273 276 275
276 273 277
270 277 273
277 270 268
277 278 276
278 277 279
268 279 277
279 268 267
274 275 280
281 276 278
276 281 282
282 275 276
283 282 281
282 283 284
284 285 282
275 282 285
285 280 275
285 284 286
286 287 285
280 285 287
287 286 288
289 284 283
284 289 290
290 286 284
289 291 290
291 289 292
291 293 290
286 290 293
293 288 286
293 291 294
294 295 293
288 293 295
295 294 296
292 297 291
297 294 291
297 292 298
294 299 296
299 294 300
294 297 300
298 301 297
301 298 302
300 303 299
303 300 304
304 297 301
297 304 300
261 263 305
261 305 306
306 259 261
259 306 307
308 259 307
259 308 257
306 309 307
307 309 308
310 306 305
311 312 313
314 315 316
315 314 317
315 318 316
318 315 319
319 320 318
320 319 321
317 322 315
322 319 315
322 317 323
324 322 323
322 324 325
325 326 322
319 322 326
326 321 319
326 325 327
327 328 326
321 326 328
328 327 329
330 329 327
329 330 331
332 331 330
330 333 332
333 330 334
334 327 325
327 334 330
334 335 333
335 334 336
325 336 334
336 325 324
331 332 337
338 333 335
333 338 339
339 332 333
340 339 338
339 340 341
341 342 339
332 339 342
342 337 332
342 341 343
343 344 342
337 342 344
344 343 345
346 341 340
341 346 347
347 343 341
343 347 348
348 345 343
345 348 349
350 347 346
347 350 351
351 348 347
348 351 352
352 349 348
349 352 353
354 351 350
351 354 355
355 352 351
356 355 354
355 356 357
358 355 357
355 358 359
352 355 359
360 359 358
359 360 361
361 352 359
352 361 353
318 320 362
318 362 363
363 316 318
316 363 364
365 316 364
316 365 314
363 366 364
364 366 365
366 363 367
367 363 362
368 369 370
369 368 371
372 368 370
368 372 373
374 373 372
373 374 375
376 371 368
373 376 368
371 376 377
376 378 377
378 376 379
380 379 376
376 373 380
375 380 373
379 380 381
382 381 380
380 375 382
381 382 383
383 384 381
384 383 385
385 386 384
387 384 386
384 387 388
381 388 379
388 381 384
389 388 387
388 389 390
379 390 378
390 379 388
386 385 391
387 392 389
392 387 393
386 393 387
393 394 392
394 393 395
396 395 393
393 386 396
391 396 386
395 396 397
398 397 396
396 391 398
397 398 399
395 400 394
400 395 401
397 401 395
401 397 402
399 402 397
402 399 403
404 400 401
402 404 401
400 404 405
403 406 402
404 402 406
406 403 407
408 405 404
406 408 404
405 408 409
410 409 408
408 411 410
411 408 412
408 406 412
409 410 413
412 414 411
414 412 415
406 415 412
415 406 407
372 416 374
372 417 416
370 417 372
417 370 418
370 419 418
419 370 369
417 418 420
418 419 420
421 416 417
422 423 424
425 426 427
426 425 428
427 429 425
429 427 430
430 431 429
431 430 432
433 427 426
427 433 434
434 430 427
435 434 433
434 435 436
436 437 434
430 434 437
437 432 430
437 436 438
438 439 437
432 437 439
439 438 440
441 440 438
440 441 442
443 438 436
438 443 441
444 441 443
443 445 444
445 443 446
436 446 443
446 436 435
441 444 447
447 448 441
448 447 449
450 444 445
444 450 451
451 447 444
447 451 452
452 449 447
449 452 453
454 451 450
451 454 455
455 452 451
452 455 456
456 453 452
453 456 457
458 455 454
455 458 459
459 456 455
456 459 460
460 457 456
457 460 461
462 459 458
459 462 463
463 460 459
462 464 463
464 462 465
464 466 463
460 463 466
466 461 460
466 464 467
467 468 466
461 466 468
468 467 469
429 431 470
429 470 471
471 425 429
425 471 472
472 428 425
428 472 473
471 474 472
472 474 473
474 471 475
475 471 470
476 477 478
477 476 479
480 479 476
479 480 481
482 481 480
481 482 483
479 484 477
484 479 485
481 485 479
485 486 484
486 485 487
488 487 485
485 481 488
483 488 481
487 488 489
490 489 488
488 483 490
489 490 491
491 492 489
492 491 493
489 494 487
494 489 492
492 495 494
496 494 495
494 496 497
487 497 486
497 487 494
495 492 498
499 498 492
498 499 500
495 501 496
501 495 502
498 502 495
502 498 503
500 503 498
503 500 504
502 505 501
505 502 506
503 506 502
506 503 507
504 507 503
507 504 508
508 509 507
509 508 510
511 507 509
507 511 506
512 506 511
506 512 505
510 513 509
513 510 514
514 515 513
516 513 515
513 516 517
517 509 513
509 517 511
516 518 517
518 511 517
511 518 512
518 516 519
515 514 520
480 521 482
480 522 521
476 522 480
522 476 523
478 523 476
523 478 524
522 523 525
523 524 525
525 526 522
526 521 522
527 528 529
528 527 530
531 532 533
532 531 534
535 536 537
535 538 536
539 540 541
540 539 542
543 544 545
544 543 546
547 548 549
549 550 547
551 552 553
551 553 554
555 556 557
556 555 558
559 560 561
561 560 562
563 564 565
564 563 566
567 568 569
568 567 570
571 572 573
572 574 573
575 576 577
576 578 577
579 580 581
580 579 582
583 584 585
584 583 586
587 588 589
589 588 590
591 592 593
593 592 594
595 596 597
596 595 598
599 600 601
600 599 602
603 604 605
604 606 605
607 608 609
608 610 609
611 612 613
612 611 614
615 616 617
616 615 618
619 620 621
621 620 622
623 624 625
624 623 626
625 627 623
627 625 628
629 628 625
629 625 630
630 625 624
628 629 631
632 631 629
632 629 633
633 629 630
630 634 633
634 630 635
624 635 630
626 636 624
635 624 636
636 626 637
638 637 626
639 638 626
637 638 640
641 640 638
642 641 638
639 642 638
639 643 642
643 639 644
640 641 645
646 645 641
641 642 646
645 646 647
646 648 647
648 646 649
649 650 648
650 649 651
651 652 650
652 651 653
654 653 651
655 652 653
656 655 653
657 656 653
654 657 653
658 651 649
658 654 651
646 659 649
649 659 658
659 646 660
660 661 659
661 658 659
661 660 662
657 663 656
663 664 656
656 664 655
663 665 664
666 665 663
667 666 663
667 663 657
668 667 657
668 657 654
669 668 654
669 654 658
658 670 669
661 670 658
666 671 665
642 662 660
662 642 643
642 660 646
672 664 665
672 673 664
674 672 665
674 665 671
675 672 674
676 673 672
675 676 672
676 677 673
678 676 675
673 677 655
655 677 652
679 652 677
680 679 677
680 677 676
678 680 676
681 680 678
652 679 650
682 650 679
650 682 648
683 648 682
648 683 647
683 645 647
645 683 684
684 640 645
640 684 685
686 685 684
684 683 686
685 637 640
637 685 687
688 687 685
688 685 686
689 688 686
688 689 690
687 636 637
636 687 691
692 691 687
690 692 688
687 688 692
691 692 693
694 693 692
692 690 694
693 694 695
695 696 693
696 697 693
697 691 693
696 695 698
699 696 698
699 700 696
700 697 696
634 697 700
697 634 635
635 691 697
691 635 636
699 701 700
699 702 701
700 701 703
634 700 703
634 703 633
633 703 704
632 633 704
632 704 705
705 706 632
707 705 704
707 701 702
707 708 705
707 702 708
709 707 704
704 703 709
709 701 707
701 709 703
710 706 705
705 711 710
705 708 711
702 711 708
706 631 632
702 712 711
712 702 713
702 699 713
713 699 698
714 715 716
715 714 717
718 716 715
716 718 719
720 716 719
721 720 719
715 722 718
723 718 722
718 723 724
724 719 718
724 725 719
721 719 725
726 721 725
722 715 727
717 727 715
727 728 722
728 723 722
728 727 729
730 729 727
727 717 730
729 730 731
732 723 728
729 733 728
733 732 728
734 732 733
732 734 735
736 734 733
729 736 733
729 731 736
734 736 737
732 738 723
738 732 735
735 739 738
739 740 738
740 741 725
740 742 741
743 742 740
740 739 743
736 744 737
731 744 736
745 741 742
725 741 745
746 745 742
746 747 745
747 726 745
726 725 745
746 748 747
743 749 742
749 750 742
742 750 746
750 751 746
746 751 748
748 751 752
748 753 747
754 753 748
748 752 754
753 754 755
753 756 747
747 756 726
756 753 757
755 757 753
757 758 756
758 757 759
760 759 757
757 755 760
759 760 761
762 755 754
755 762 763
763 760 755
764 754 752
754 764 762
760 763 765
761 766 759
766 761 767
768 765 763
765 768 769
769 770 765
770 769 771
763 772 768
772 763 762
762 773 772
773 762 764
774 761 760
761 774 775
776 767 761
771 777 776
767 776 777
777 771 778
777 779 767
779 777 780
778 780 777
780 781 779
781 782 779
782 767 779
782 781 783
781 780 784
785 781 784
781 785 786
786 783 781
787 786 785
786 787 788
780 789 784
789 780 790
780 778 790
791 788 787
788 791 792
783 793 782
783 786 794
794 786 788
795 794 788
792 795 788
783 794 796
783 796 793
795 797 794
794 797 796
797 795 798
796 799 793
793 799 800
799 801 800
802 800 801
801 803 802
803 801 804
805 803 804
803 805 806
806 807 803
807 802 803
807 806 808
808 809 807
809 808 810
809 810 716
811 810 808
810 811 812
810 812 813
812 814 813
815 813 814
810 813 714
810 714 716
812 816 814
815 814 817
815 817 818
818 817 819
744 818 819
744 819 820
821 820 819
822 821 819
817 822 819
821 822 823
822 824 823
824 822 825
817 825 822
825 826 824
826 825 827
828 827 825
825 817 828
827 828 829
744 820 737
814 829 828
817 814 828
829 814 816
816 830 829
830 816 831
812 831 816
831 812 811
827 832 826
832 827 833
829 833 827
833 829 830
811 834 831
834 811 835
808 835 811
835 808 806
836 831 834
831 836 830
834 837 836
837 834 838
835 838 834
838 839 837
839 838 840
833 841 832
841 833 842
842 843 841
843 842 844
836 844 842
844 836 837
844 845 843
845 844 846
837 846 844
846 837 839
830 842 833
842 830 836
840 847 839
847 840 848
849 848 840
848 849 850
851 850 849
850 851 852
853 852 851
852 853 854
846 855 845
855 846 856
839 856 846
856 839 847
851 804 853
804 851 805
849 805 851
805 849 857
857 806 805
806 857 835
838 835 857
840 857 849
857 840 838
854 858 852
858 854 859
859 860 858
860 859 861
862 858 860
858 862 863
864 863 862
863 864 865
866 865 864
865 866 867
868 867 866
867 868 869
870 869 868
869 870 871
861 872 860
872 861 873
873 874 872
874 873 875
876 872 874
872 876 877
878 877 876
877 878 879
880 879 878
879 880 881
882 881 880
881 882 883
884 883 882
883 884 885
877 860 872
860 877 862
879 862 877
862 879 864
881 864 879
864 881 866
883 866 881
866 883 868
885 868 883
868 885 870
884 886 885
886 884 887
887 888 886
888 887 889
889 890 888
890 889 891
891 892 890
892 891 893
893 894 892
894 893 895
895 896 894
896 895 897
898 894 896
894 898 899
899 892 894
900 899 898
899 900 901
901 902 899
892 899 902
902 890 892
902 901 903
903 904 902
890 902 904
904 903 905
905 906 904
906 905 907
907 908 906
908 907 909
909 870 908
870 909 871
888 904 906
904 888 890
906 886 888
886 906 908
885 908 870
908 885 886
910 901 900
911 905 903
903 912 911
913 912 910
912 913 914
914 911 912
911 914 915
915 916 911
916 915 917
917 918 916
918 917 919
920 919 917
919 920 921
922 921 920
921 922 923
924 923 922
922 925 924
926 924 925
925 927 926
927 928 926
926 928 929
930 929 928
927 931 928
926 929 932
924 926 932
930 933 929
930 934 933
934 935 933
936 935 934
936 820 935
821 935 820
821 937 935
933 935 937
937 821 823
824 937 823
937 824 938
938 933 937
826 938 824
938 826 939
939 940 938
933 938 940
940 939 941
936 737 820
942 737 936
942 734 737
734 942 943
944 734 943
734 944 735
945 943 942
945 946 943
943 946 944
947 946 945
945 948 947
948 945 949
945 942 949
946 947 950
944 946 951
946 950 951
952 951 950
951 952 953
953 952 954
952 955 954
955 952 956
956 950 947
950 956 952
956 931 955
931 956 957
947 957 956
957 947 948
958 954 955
959 954 958
959 960 954
953 954 960
961 960 959
953 960 962
953 962 951
962 963 951
944 951 963
963 735 944
735 963 739
962 739 963
739 962 743
743 962 964
962 965 964
960 965 962
966 964 965
961 966 960
960 966 965
967 966 961
968 964 966
968 966 967
968 967 969
743 964 749
749 964 750
964 968 750
750 968 751
968 969 751
969 752 751
969 967 970
970 971 969
969 971 752
971 970 972
973 970 967
970 973 974
974 972 970
975 974 973
974 975 976
976 977 974
972 974 977
977 976 978
967 961 973
972 979 971
979 972 980
977 980 972
764 971 979
971 764 752
961 981 973
981 975 973
959 981 961
981 959 982
980 977 983
984 978 976
978 984 985
983 986 980
986 983 987
988 987 983
987 988 989
990 980 986
980 990 979
773 979 990
979 773 764
982 991 981
991 982 992
958 982 959
982 958 993
993 992 982
992 993 994
995 993 958
993 995 996
996 994 993
995 997 996
997 995 927
995 955 927
958 955 995
927 925 997
998 996 997
996 998 999
994 996 999
1000 997 925
997 1000 998
925 922 1000
927 955 931
920 1000 922
1000 920 1001
1001 998 1000
998 1001 1002
1002 999 998
999 1002 1003
914 1003 1002
1003 914 913
1002 915 914
915 1002 1001
917 1001 920
1001 917 915
1004 999 1003
999 1004 994
1003 1005 1004
1005 1003 913
1006 994 1004
994 1006 992
1007 1004 1005
1004 1007 1006
910 1005 913
1005 910 1008
910 1009 1008
1009 910 900
900 1010 1009
1010 900 898
898 1011 1010
1011 1012 1010
1011 898 896
897 1011 896
897 1013 1011
1011 1013 1012
1013 897 1014
1014 897 1015
1013 1016 1012
1012 1016 1017
1018 1008 1009
1008 1018 1019
1020 1019 1018
1021 1019 1020
1022 1021 1020
1021 1022 1023
1024 1023 1022
1023 1024 1025
1022 1026 1024
1024 1026 1027
1027 1026 1028
1024 1027 1029
1028 1026 1030
1026 1022 1031
1020 1031 1022
1023 1032 1021
1032 1023 1033
1023 1034 1033
1034 1023 1025
1035 1033 1034
1033 1035 985
985 1032 1033
1036 1034 1025
1034 1036 1037
1034 1038 1035
1038 1034 1037
989 1035 1038
1035 989 1039
1039 985 1035
985 1039 978
1032 985 984
1032 984 1040
976 1040 984
1040 976 975
1040 975 991
975 981 991
1006 1040 991
1040 1006 1041
1041 1006 1007
1019 1041 1007
1005 1019 1007
1019 1005 1008
1006 991 992
1021 1041 1019
1021 1032 1041
1032 1040 1041
978 1042 977
1042 978 1043
1044 1045 1046
1045 1044 1047
1047 1048 1045
1048 1047 1049
1049 1050 1048
1050 1049 1051
1051 1052 1050
1052 1051 1053
1053 1054 1052
1054 1053 1055
1055 1056 1054
1056 1055 1057
1046 1058 1044
1058 1046 1059
1059 1060 1058
1060 1059 1061
1062 1060 1061
1060 1062 1063
1064 1063 1062
1063 1064 1065
1066 1063 1065
1066 1065 1067
1067 1065 1068
1064 1068 1065
1069 1067 1068
1063 1066 1070
1063 1071 1060
1071 1063 1070
1071 1058 1060
1058 1071 1072
1072 1044 1058
1044 1072 1073
1073 1047 1044
1047 1073 1074
1074 1049 1047
1049 1074 1075
1075 1051 1049
1051 1075 1076
1076 1053 1051
1053 1076 1077
1077 1055 1053
1055 1077 1078
1078 1057 1055
1057 1078 1079
1079 1080 1057
1080 1079 1081
1081 1082 1080
1082 1081 1083
1084 1080 1082
1080 1084 1085
1085 1057 1080
1086 1085 1084
1085 1086 1087
1088 1087 1086
1087 1088 1089
1087 1056 1085
1057 1085 1056
1056 1087 1090
1089 1090 1087
1091 1089 1088
1088 1092 1091
1092 1093 1091
1093 1092 1094
1092 1088 1095
1086 1095 1088
1094 1096 1093
1096 1094 1097
1089 1091 1098
1098 1099 1089
1090 1089 1099
1099 1098 1100
1098 1101 1100
1101 1098 1102
1091 1102 1098
1102 1091 1093
1102 1103 1101
1103 1102 1104
1093 1104 1102
1104 1093 1096
1099 1105 1090
1105 1099 1106
1100 1106 1099
1106 1107 1105
1107 1106 1108
1108 1109 1107
1109 1108 1110
1110 1111 1109
1111 1110 1112
1113 1112 1110
1112 1113 1114
1115 1114 1113
1114 1115 1116
1117 1116 1115
1116 1117 1118
1115 1119 1117
1119 1115 1120
1113 1120 1115
1120 1113 1121
1110 1121 1113
1121 1110 1108
1118 1122 1116
1122 1118 1123
1124 1116 1122
1116 1124 1114
1122 1125 1124
1126 1124 1125
1124 1126 1127
1127 1114 1124
1114 1127 1112
1128 1127 1126
1127 1128 1129
1125 1122 1130
1129 1112 1127
1112 1129 1111
1131 1119 1120
1121 1131 1120
1119 1131 1132
1131 1121 1133
1108 1133 1121
1133 1108 1106
1106 1100 1133
1100 1131 1133
1131 1100 1101
1101 1132 1131
1132 1101 1103
1126 1134 1128
1134 1126 1135
1135 1136 1134
1136 1135 1137
1137 1138 1136
1138 1137 1139
1137 1140 1139
1141 1139 1140
1139 1141 1142
1142 1138 1139
1140 1137 1143
1143 1144 1140
1144 1143 1145
1145 1146 1144
1146 1145 1147
1148 1144 1146
1144 1148 1149
1140 1149 1141
1149 1140 1144
1150 1149 1148
1149 1150 1151
1151 1141 1149
1152 1151 1150
1152 1153 1151
1154 1153 1152
1153 1154 1155
1156 1155 1154
1155 1156 1157
1156 1158 1157
1158 1156 1159
1159 1160 1158
1160 1159 1161
1161 1162 1160
1162 1161 1163
1163 1164 1162
1164 1163 1165
1164 1165 1166
1164 1166 1167
1166 1168 1167
1168 1166 1169
1169 1170 1168
1170 1169 1171
1170 1172 1168
1172 1167 1168
1172 1170 1173
1173 1174 1172
1174 1173 1175
1173 1170 1176
1176 1177 1173
1173 1177 1175
1176 1178 1177
1179 1178 1176
1179 1180 1178
1181 1180 1179
1182 1176 1170
1182 1170 1171
1182 1183 1176
1179 1183 1181
1176 1183 1179
1184 1172 1174
1172 1184 1185
1186 1185 1184
1185 1186 1187
1188 1187 1186
1187 1188 1189
1189 1190 1187
1190 1189 1191
1191 1192 1190
1192 1191 1193
1193 1194 1192
1195 1192 1194
1192 1195 1196
1196 1190 1192
1194 1193 1197
1194 1198 1195
1198 1194 1199
1197 1199 1194
1199 1200 1198
1200 1199 1201
1202 1201 1199
1199 1197 1202
1201 1202 1203
1201 1204 1200
1204 1201 1205
1203 1205 1201
1205 1203 1206
1206 1207 1205
1207 1206 1208
1209 1207 1208
1210 1205 1207
1205 1210 1204
1207 1211 1210
1211 1207 1069
1209 1069 1207
1211 1155 1210
1155 1204 1210
1155 1211 1153
1204 1155 1157
1157 1200 1204
1200 1157 1158
1212 1203 1202
1202 1213 1212
1214 1212 1213
1213 1215 1214
1215 1213 1216
1216 1217 1215
1217 1216 1218
1219 1217 1218
1212 1214 1220
1220 1221 1212
1221 1220 1222
1222 1223 1221
1223 1222 1224
1218 1225 1219
1225 1226 1219
1226 1225 1227
1228 1223 1224
1223 1228 1229
1230 1217 1219
1230 1215 1217
1215 1230 1231
1232 1231 1230
1231 1232 1233
1232 1234 1233
1234 1232 1235
1236 1233 1234
1233 1236 1237
1238 1237 1236
1237 1238 1239
1238 1240 1239
1240 1238 1241
1238 1242 1241
1242 1238 1243
1236 1243 1238
1243 1236 1244
1244 1236 1234
1244 1234 1245
1246 1240 1241
1240 1246 1247
1248 1241 1242
1241 1248 1246
1234 1235 1249
1234 1249 1250
1235 1251 1249
1249 1251 1252
1251 1253 1252
1254 1253 1251
1235 1254 1251
1255 1254 1235
1255 1256 1254
1254 1256 1253
1256 1255 1257
1258 1257 1255
1257 1258 1259
1255 1230 1258
1252 1260 1249
1250 1249 1260
1252 1261 1260
1252 1253 1262
1252 1262 1263
1263 1261 1252
1263 1262 1264
1232 1255 1235
1230 1255 1232
1219 1259 1258
1258 1230 1219
1259 1219 1226
1265 1260 1261
1263 1265 1261
1265 1263 1266
1263 1264 1266
1265 1267 1260
1267 1265 1268
1268 1265 1269
1265 1266 1269
1270 1268 1269
1271 1267 1268
1271 1268 1270
1272 1271 1270
1273 1272 1270
1270 1269 1273
1272 1273 1274
1274 1275 1272
1275 1274 1276
1272 1275 1277
1278 1267 1271
1279 1278 1271
1279 1271 1272
1277 1279 1272
1278 1279 1280
1278 1250 1267
1280 1281 1278
1281 1280 1282
1282 1283 1281
1283 1282 1284
1285 1283 1284
1283 1285 1286
1242 1283 1286
1283 1242 1243
1243 1281 1283
1281 1243 1244
1244 1278 1281
1244 1245 1278
1245 1250 1278
1245 1234 1250
1285 1287 1286
1287 1285 1288
1248 1286 1287
1286 1248 1242
1289 1248 1287
1248 1289 1290
1291 1248 1290
1290 1292 1291
1292 1290 1293
1294 1291 1292
1291 1294 1295
1248 1291 1246
1295 1246 1291
1246 1295 1247
1293 1296 1292
1296 1293 1297
1297 1298 1296
1299 1296 1298
1300 1299 1298
1301 1300 1298
1298 1297 1301
1300 1301 1302
1299 1300 1303
1304 1300 1302
1300 1304 1305
1305 1303 1300
1303 1305 1306
1296 1299 1307
1292 1307 1294
1307 1292 1296
1306 1308 1303
1308 1306 1309
1310 1303 1308
1303 1310 1299
1310 1307 1299
1307 1310 1311
1311 1294 1307
1294 1311 1312
1313 1312 1311
1312 1313 1314
1312 1295 1294
1295 1312 1315
1314 1315 1312
1314 1228 1315
1316 1295 1315
1228 1316 1315
1295 1316 1247
1317 1247 1316
1247 1317 1240
1317 1239 1240
1239 1317 1318
1318 1237 1239
1237 1318 1319
1319 1233 1237
1233 1319 1231
1320 1314 1313
1313 1321 1320
1314 1320 1322
1323 1320 1321
1321 1324 1323
1324 1325 1323
1325 1324 1326
1324 1327 1326
1327 1324 1328
1329 1323 1325
1323 1329 1330
1320 1323 1330
1331 1330 1329
1330 1331 1332
1332 1320 1330
1320 1332 1322
1324 1321 1333
1333 1328 1324
1334 1333 1321
1333 1334 1335
1335 1336 1333
1328 1333 1336
1336 1335 1337
1334 1308 1335
1308 1334 1310
1334 1311 1310
1311 1334 1313
1309 1335 1308
1335 1309 1337
1321 1313 1334
1336 1338 1328
1339 1328 1338
1328 1339 1327
1340 1327 1339
1327 1340 1341
1341 1326 1327
1326 1341 1342
1343 1326 1342
1326 1343 1325
1343 1329 1325
1329 1343 1344
1338 1345 1339
1345 1338 1346
1346 1347 1345
1347 1346 1348
1349 1348 1346
1348 1349 1350
1349 1351 1350
1351 1349 1352
1353 1345 1347
1345 1353 1354
1352 1355 1351
1355 1352 1356
1356 1357 1355
1357 1356 1358
1347 1359 1353
1359 1347 1360
1348 1360 1347
1360 1361 1359
1361 1360 1362
1363 1362 1360
1360 1348 1363
1350 1363 1348
1362 1363 1364
1365 1364 1363
1363 1350 1365
1364 1365 1366
1365 1367 1366
1367 1365 1368
1368 1369 1367
1369 1368 1370
1370 1371 1369
1371 1370 1372
1372 1373 1371
1373 1372 1374
1362 1375 1361
1375 1362 1376
1364 1376 1362
1376 1364 1377
1366 1377 1364
1377 1366 1378
1366 1379 1378
1379 1366 1367
1367 1380 1379
1380 1367 1369
1369 1381 1380
1381 1369 1371
1371 1382 1381
1382 1371 1373
1373 1383 1382
1383 1373 1384
1374 1384 1373
1355 1372 1370
1370 1351 1355
1372 1355 1357
1357 1374 1372
1374 1357 1385
1385 1386 1374
1384 1374 1386
1386 1385 1387
1376 1388 1375
1378 1389 1377
1390 1377 1389
1388 1376 1390
1377 1390 1376
1391 1381 1382
1381 1391 1392
1392 1380 1381
1380 1392 1393
1393 1379 1380
1379 1393 1394
1395 1379 1394
1389 1378 1395
1379 1395 1378
1396 1392 1391
1392 1396 1397
1397 1393 1392
1398 1397 1396
1397 1398 1399
1399 1400 1397
1393 1397 1400
1400 1394 1393
1400 1399 1401
1401 1402 1400
1394 1400 1402
1402 1401 1403
1404 1402 1403
1402 1404 1405
1394 1405 1395
1405 1394 1402
1406 1405 1404
1405 1406 1407
1407 1395 1405
1408 1407 1406
1407 1408 1409
1410 1409 1408
1409 1410 1411
1404 1412 1406
1412 1404 1413
1403 1413 1404
1413 1403 1414
1401 1414 1403
1414 1401 1415
1401 1416 1415
1416 1401 1399
1408 1417 1410
1417 1408 1418
1418 1406 1412
1406 1418 1408
1399 1419 1416
1419 1399 1398
1398 1420 1419
1420 1398 1421
1396 1421 1398
1421 1396 1422
1418 1423 1417
1423 1418 1424
1412 1424 1418
1424 1412 1425
1425 1413 1426
1426 1414 1427
1427 1415 1428
1429 1416 1419
1416 1429 1430
1415 1430 1428
1430 1415 1416
1415 1427 1414
1414 1426 1413
1413 1425 1412
1426 1431 1425
1431 1426 1432
1427 1432 1426
1432 1427 1433
1428 1433 1427
1433 1428 1434
1430 1434 1428
1434 1430 1435
1429 1435 1430
1435 1429 1436
1429 1437 1436
1437 1429 1438
1419 1438 1429
1438 1419 1420
1439 1438 1420
1420 1440 1439
1440 1420 1421
1441 1439 1440
1439 1441 1442
1443 1442 1441
1441 1444 1443
1445 1443 1444
1443 1445 1446
1445 1447 1446
1447 1445 1448
1448 1449 1447
1449 1448 1450
1450 1451 1449
1451 1450 1452
1444 1441 1453
1440 1453 1441
1452 1454 1451
1454 1452 1455
1456 1447 1449
1447 1456 1457
1457 1446 1447
1446 1457 1458
1458 1443 1446
1443 1458 1459
1460 1451 1454
1451 1460 1461
1449 1461 1456
1461 1449 1451
1462 1461 1460
1461 1462 1463
1463 1456 1461
1456 1463 1464
1464 1457 1456
1457 1464 1465
1465 1458 1457
1458 1465 1466
1466 1459 1458
1459 1466 1467
1468 1459 1467
1459 1468 1442
1442 1443 1459
1469 1442 1468
1442 1469 1439
1438 1439 1469
1470 1465 1464
1465 1470 1471
1471 1466 1465
1466 1471 1472
1472 1467 1466
1467 1472 1473
1473 1468 1467
1468 1473 1474
1474 1469 1468
1469 1437 1438
1437 1469 1475
1469 1474 1475
1475 1476 1437
1476 1475 1477
1478 1476 1477
1477 1479 1478
1479 1477 1480
1475 1480 1477
1480 1475 1474
1480 1481 1479
1481 1480 1482
1474 1482 1480
1482 1474 1473
1482 1483 1481
1483 1482 1484
1473 1484 1482
1484 1473 1472
1484 1485 1483
1485 1484 1486
1486 1487 1485
1487 1486 1488
1488 1489 1487
1489 1488 1490
1476 1478 1491
1492 1476 1491
1476 1492 1493
1494 1493 1492
1493 1494 1495
1496 1495 1494
1495 1496 1497
1498 1497 1496
1497 1498 1499
1500 1499 1498
1499 1500 1501
1502 1501 1500
1501 1502 1503
1504 1503 1502
1503 1504 1505
1506 1505 1504
1505 1506 1507
1508 1507 1506
1507 1508 1509
1510 1509 1508
1509 1510 1511
1510 1512 1511
1512 1510 1513
1513 1514 1512
1514 1513 1515
1515 1516 1514
1516 1515 1517
1517 1518 1516
1518 1517 1519
1519 1520 1518
1520 1519 1521
1521 1522 1520
1522 1521 1523
1524 1522 1523
1522 1524 1525
1526 1525 1524
1525 1526 1527
1528 1527 1526
1527 1528 1529
1530 1529 1528
1529 1530 1531
1532 1531 1530
1531 1532 1533
1534 1533 1532
1533 1534 1535
1534 1536 1535
1536 1534 1537
1537 1538 1536
1538 1537 1539
1539 1490 1538
1490 1539 1489
1540 1489 1539
1489 1540 1541
1542 1541 1540
1540 1543 1542
1543 1540 1544
1544 1539 1537
1539 1544 1540
1541 1542 1545
1546 1543 1544
1537 1546 1544
1546 1537 1534
1543 1546 1547
1543 1548 1542
1545 1542 1548
1548 1543 1549
1547 1549 1543
1549 1550 1548
1551 1547 1546
1547 1551 1552
1553 1552 1551
1552 1553 1554
1554 1555 1552
1555 1554 1556
1557 1554 1553
1554 1557 1558
1558 1556 1554
1556 1558 1559
1560 1559 1558
1559 1560 1561
1562 1561 1560
1561 1562 1563
1563 1564 1561
1564 1563 1565
1566 1563 1562
1563 1566 1567
1567 1565 1563
1566 1568 1567
1568 1566 1569
1569 1570 1568
1571 1568 1570
1568 1571 1572
1572 1567 1568
1570 1569 1573
1574 1569 1566
1562 1574 1566
1569 1574 1575
1575 1573 1569
1573 1575 1576
1567 1572 1577
1565 1567 1577
1572 1578 1577
1578 1565 1577
1578 1572 1579
1579 1572 1580
1571 1580 1572
1578 1579 1581
1573 1582 1570
1582 1573 1583
1576 1583 1573
1570 1584 1571
1584 1570 1582
1582 1585 1584
1585 1582 1586
1583 1586 1582
1586 1583 1587
1587 1588 1586
1588 1587 1589
1590 1587 1583
1583 1576 1590
1587 1590 1591
1591 1589 1587
1589 1591 1592
1592 1593 1589
1593 1592 1594
1594 1595 1593
1595 1594 1596
1597 1595 1596
1595 1597 1598
1599 1598 1597
1598 1599 1600
1601 1595 1598
1600 1601 1598
1595 1601 1602
1602 1593 1595
1602 1601 1603
1589 1604 1588
1593 1602 1604
1604 1589 1593
1605 1588 1604
1588 1605 1606
1607 1606 1605
1606 1607 1608
1606 1586 1588
1586 1606 1585
1608 1585 1606
1602 1609 1604
1602 1603 1609
1609 1605 1604
1605 1609 1610
1605 1610 1607
875 1600 1599
1601 1611 1603
1611 1612 1603
1612 1613 1603
1603 1613 1614
1603 1614 1609
1614 1615 1609
1609 1615 1616
1585 1608 1617
1617 1584 1585
1584 1617 1618
1618 1571 1584
1571 1618 1619
1580 1571 1619
1599 1502 875
1502 1599 1504
1597 1504 1599
1504 1597 1506
1596 1506 1597
1506 1596 1508
1594 1508 1596
1508 1594 1510
1594 1513 1510
1513 1594 1592
1592 1515 1513
1515 1592 1591
1591 1517 1515
1517 1591 1590
1590 1519 1517
1519 1590 1576
1576 1521 1519
1521 1576 1575
1575 1523 1521
1523 1575 1574
1620 1523 1574
1574 1562 1620
1560 1620 1562
1620 1560 1621
1558 1621 1560
1621 1558 1557
1557 1526 1621
1526 1557 1528
1553 1528 1557
1528 1553 1530
1622 1530 1553
1530 1622 1532
1524 1621 1526
1621 1524 1620
1523 1620 1524
1546 1532 1551
1532 1546 1534
1623 1624 1625
1624 1623 1385
1385 1358 1624
1358 1385 1357
1626 1625 1624
1625 1626 1627
1305 1627 1626
1627 1305 1304
1626 1306 1305
1306 1626 1628
1624 1628 1626
1628 1624 1358
1628 1309 1306
1309 1628 1629
1358 1629 1628
1629 1337 1309
1337 1629 1630
1630 1336 1337
1336 1630 1631
1338 1336 1631
1352 1631 1630
1631 1352 1349
1346 1631 1349
1631 1346 1338
1630 1356 1352
1356 1630 1629
1629 1358 1356
1304 1632 1633
1634 1633 1632
1632 1635 1634
1635 1632 1636
1632 1301 1636
1301 1632 1302
1632 1304 1302
1633 1634 1637
1638 1635 1636
1635 1638 1639
1297 1636 1301
1636 1297 1638
1293 1638 1297
1638 1293 1640
1640 1639 1638
1290 1640 1293
1640 1290 1289
1289 1641 1640
1639 1640 1641
1641 1289 1642
1287 1642 1289
1642 1287 1288
1641 1643 1639
1644 1639 1643
1639 1644 1635
1644 1634 1635
1645 1637 1634
1634 1644 1645
1637 1645 1646
1643 1641 1647
1642 1647 1641
1647 1648 1643
1648 1647 1649
1647 1642 1650
1649 1647 1650
1649 1650 1651
1642 1652 1650
1652 1642 1288
1652 1651 1650
1288 1653 1652
1653 1288 1285
1284 1653 1285
1653 1284 1654
1282 1654 1284
1654 1282 1655
1280 1655 1282
1655 1280 1656
1279 1656 1280
1656 1279 1277
1649 1657 1648
1658 1648 1657
1648 1658 1659
1659 1643 1648
1643 1659 1644
1660 1659 1658
1659 1660 1661
1662 1661 1660
1661 1662 1663
1658 1664 1660
1664 1658 1665
1657 1665 1658
1666 1664 1665
1664 1666 1667
1668 1664 1667
1664 1668 1669
1660 1669 1662
1669 1660 1664
1665 1670 1666
1670 1665 1671
1671 1672 1670
1672 1671 1673
1646 1661 1663
1661 1646 1645
1645 1659 1661
1659 1645 1644
1665 1657 1671
1657 1673 1671
1673 1657 1674
1657 1649 1674
1675 1673 1674
1675 1672 1673
1667 1676 1668
1676 1667 1677
1675 1674 1651
1674 1649 1651
1651 1678 1675
1678 1651 1679
1680 1678 1679
1678 1680 1681
1682 1681 1680
1681 1682 1683
1684 1683 1682
1683 1684 1685
1686 1685 1684
1685 1686 1687
1688 1687 1686
1687 1688 1689
1690 1689 1688
1689 1690 1691
1692 1691 1690
1691 1692 1693
1277 1690 1688
1686 1277 1688
1277 1686 1656
1684 1656 1686
1656 1684 1655
1682 1655 1684
1655 1682 1654
1680 1654 1682
1654 1680 1653
1679 1653 1680
1653 1679 1652
1651 1652 1679
1693 1694 1691
1694 1693 1695
1695 1696 1694
1696 1695 1697
1697 1698 1696
1698 1697 1699
1700 1694 1696
1694 1700 1701
1702 1701 1700
1701 1702 1703
1704 1703 1702
1702 1705 1704
1705 1702 1706
1700 1706 1702
1703 1704 1707
1708 1704 1705
1704 1708 1709
1709 1707 1704
1710 1709 1708
1709 1710 1711
1711 1712 1709
1707 1709 1712
1712 1711 1713
1714 1711 1710
1711 1714 1715
1715 1713 1711
1713 1715 1716
1717 1716 1715
1716 1717 1718
1719 1718 1717
1720 1715 1714
1715 1720 1717
1721 1717 1720
1717 1721 1722
1719 1717 1722
1723 1721 1720
1714 1723 1720
1721 1723 1724
1154 1724 1723
1724 1154 1152
1723 1156 1154
1156 1723 1725
1723 1714 1725
1726 1156 1725
1156 1726 1159
1727 1159 1726
1159 1727 1161
1728 1161 1727
1161 1728 1163
1729 1163 1728
1163 1729 1165
1729 1166 1165
1729 1730 1166
1731 1166 1730
1166 1731 1169
1732 1169 1731
1169 1732 1171
1733 1732 1731
1733 1731 1730
1732 1733 1734
1735 1734 1733
1734 1735 1736
1734 1737 1732
1737 1734 1738
1734 1736 1738
1737 1738 1739
1740 1737 1739
1740 1739 1180
1181 1740 1180
1182 1732 1737
1182 1171 1732
1182 1737 1183
1740 1181 1183
1737 1740 1183
1733 1699 1735
1699 1733 1698
1698 1733 1730
1698 1730 1741
1741 1696 1698
1696 1741 1700
1706 1700 1741
1729 1741 1730
1741 1729 1706
1728 1706 1729
1706 1728 1705
1727 1705 1728
1705 1727 1708
1726 1708 1727
1708 1726 1710
1725 1710 1726
1710 1725 1714
1190 1196 1742
1742 1187 1190
1187 1742 1185
1164 1742 1196
1196 1162 1164
1162 1196 1195
1195 1160 1162
1160 1195 1198
1198 1158 1160
1158 1198 1200
1742 1164 1167
1185 1742 1167
1185 1167 1172
724 723 740
724 740 725
723 738 740
1743 1142 1744
1138 1142 1743
1743 1744 1068
1744 1211 1068
1142 1141 1744
1141 1151 1744
1153 1744 1151
1153 1211 1744
1743 1062 1138
1062 1743 1064
1743 1068 1064
1062 1136 1138
1136 1062 1061
1061 1134 1136
1134 1061 1059
1059 1128 1134
1128 1059 1046
1046 1129 1128
1129 1046 1045
1045 1111 1129
1111 1045 1048
1048 1109 1111
1109 1048 1050
1050 1107 1109
1107 1050 1052
1052 1105 1107
1105 1052 1054
1054 1090 1105
1090 1054 1056
1350 1368 1365
1368 1350 1351
1351 1370 1368
1745 1746 1747
1747 1746 1748
1746 1749 1748
1748 1749 1750
1750 1751 1748
1749 1752 1750
1752 1753 1750
1754 1753 1752
1753 1754 1755
1756 1755 1754
1757 1756 1754
1758 1757 1754
1758 1754 1759
1759 1754 1752
1760 1759 1752
1752 1749 1760
1746 1760 1749
1761 1758 1759
1762 1761 1759
1756 1763 1755
1764 1748 1751
1748 1764 1747
1764 1745 1747
1745 1764 1765
1764 1766 1765
1764 1767 1766
1766 1767 1768
1769 1767 1764
1769 1770 1767
1767 1770 1768
1768 1770 1771
1770 1772 1771
1772 1770 1769
1769 1764 1751
1769 1751 1750
1773 1769 1750
1769 1773 1772
1773 1750 1774
1775 1773 1774
1775 1776 1773
1777 1776 1775
1777 1778 1776
1778 1779 1776
1779 1780 1776
1772 1773 1780
1780 1773 1776
1781 1777 1775
1782 1780 1779
1772 1780 1782
1782 1783 1772
1772 1783 1784
1771 1772 1784
1775 1774 1785
1785 1774 1750
1785 1750 1786
1775 1785 1787
1788 1775 1787
1781 1775 1788
1788 1787 1789
1789 1787 1790
1790 1787 1791
1791 1787 1785
1792 1791 1785
1786 1792 1785
1793 1790 1791
1792 1793 1791
1793 1792 1794
1792 1786 1795
1786 1796 1795
1795 1797 1792
1798 1797 1795
1796 1798 1795
1799 1798 1796
1786 1800 1796
1800 1799 1796
1800 1801 1799
1800 1802 1801
1802 1800 1803
1802 1803 1804
1803 1805 1804
1800 1805 1803
1804 1805 1806
1805 1750 1806
1750 1805 1807
1805 1800 1807
1806 1750 1808
1808 1750 1753
1753 1809 1808
1809 1753 1755
1810 1809 1755
1811 1809 1810
1812 1809 1811
1812 1813 1809
1813 1808 1809
1814 1808 1813
1808 1814 1806
1804 1806 1814
1815 1813 1812
1816 1813 1815
1810 1755 1763
1813 1816 1817
1813 1817 1818
1813 1818 1819
1814 1813 1819
1804 1814 1819
1804 1819 1820
1804 1820 1802
1759 1821 1822
1759 1822 1762
1759 1823 1821
1760 1823 1759
1746 1823 1760
1746 1824 1823
1746 1745 1824
1825 721 726
721 1825 1826
726 756 1825
1827 1826 1825
1826 1827 1828
1826 720 721
720 1826 1829
1828 1829 1826
1829 1828 802
1829 809 720
809 1829 807
802 807 1829
800 802 1828
800 1828 1827
758 1825 756
1825 758 1827
800 1827 1830
1830 1827 758
1830 793 800
759 1830 758
1830 759 766
782 1830 766
782 793 1830
767 782 766
720 809 716
1613 1831 1832
787 1613 1832
1613 787 1833
1833 787 1834
785 1834 787
785 1835 1834
1836 1837 1613
1837 1836 1838
1838 1839 1837
1839 1838 1840
1840 1841 1839
1841 1840 1842
1842 1843 1841
1843 1842 1844
1845 1831 1846
1847 1831 1845
1601 1845 1846
1601 1600 1845
1600 1848 1845
1848 1849 1845
1850 1845 1849
1850 1851 1845
1850 1852 1851
1852 1853 1851
1854 1853 1831
1855 1856 1857
1856 1855 1858
1857 1859 1855
1859 1857 1860
1858 1861 1856
1861 1858 1862
1862 1863 1861
1863 1862 1608
1860 1864 1859
1864 1860 1865
1866 1864 1865
1864 1866 1867
1866 1868 1867
1868 1866 1869
1870 1868 1869
1868 1870 1871
1872 1871 1870
1871 1872 1873
1874 1873 1872
1873 1874 1875
1876 1875 1874
1875 1876 1877
1878 1877 1876
1877 1878 1879
1880 1879 1881
1879 1880 1882
1883 1881 1879
1881 1883 1884
1881 1556 1880
1559 1880 1556
1880 1559 1885
1885 1882 1880
1561 1885 1559
1885 1561 1564
1556 1881 1555
1884 1555 1881
1555 1884 1886
1886 1552 1555
1552 1886 1547
1549 1547 1886
1549 1886 1887
1887 1886 1884
1884 1888 1887
1884 1883 1888
1549 1887 1550
1550 1887 1889
1550 1889 1030
1890 1550 1030
1891 1550 1890
1548 1550 1891
1564 1892 1885
1892 1564 1893
1882 1885 1892
1887 1894 1889
1887 1895 1894
1030 1896 1897
1026 1896 1030
1898 1899 1030
1899 1898 1900
1901 1900 1898
1900 1901 1902
1903 1902 1901
1902 1903 1904
1905 1904 1903
1904 1905 1906
1879 1906 1905
1906 1879 1907
1908 1909 1897
1910 1908 1897
1548 1909 1908
1548 1908 1545
1545 1908 1911
1911 1908 1912
1913 1912 1908
1913 1908 1914
1913 1914 1915
1915 1914 1916
897 1541 1545
1487 1541 897
897 1485 1487
1485 897 895
895 1483 1485
1483 895 893
893 1481 1483
1481 893 891
891 1479 1481
1479 891 889
889 1478 1479
1478 889 887
887 1491 1478
1491 887 884
1541 1487 1489
882 1491 884
1491 882 1492
880 1492 882
1492 880 1494
878 1494 880
1494 878 1496
876 1496 878
1496 876 1498
874 1498 876
1498 874 1500
875 1500 874
1500 875 1502
875 873 1917
875 1917 1918
1918 1919 875
1919 1920 875
861 1917 873
1917 861 1921
1917 1921 1922
1917 1922 1918
1918 1922 1923
1922 792 1923
859 1921 861
1921 859 1924
854 1924 859
1924 854 1925
854 1926 1925
1926 854 853
804 1926 853
1926 804 801
801 799 1926
1926 796 1925
796 1926 799
797 1925 796
1925 797 1924
1924 797 798
1921 1924 798
1922 1921 798
1922 798 795
1922 795 792
1927 1928 1929
1928 1927 1930
1931 1930 1927
1930 1931 1932
1933 1932 1931
1932 1933 1934
1933 1095 1934
1095 1933 1935
1935 1092 1095
1092 1935 1936
1936 1094 1092
1094 1936 1937
1937 1097 1094
1097 1937 1938
1930 1083 1928
1083 1930 1082
1932 1082 1930
1082 1932 1084
1934 1084 1932
1084 1934 1086
1095 1086 1934
1939 1097 1938
1097 1939 1940
1940 1096 1097
1096 1940 1941
1942 1941 1940
1941 1942 1943
1942 1944 1943
1944 1942 1945
1946 1943 1944
1944 1947 1946
1947 1944 1948
1945 1948 1944
1948 1949 1947
1950 1947 1949
1947 1950 1951
1951 1946 1947
1949 1948 1952
1952 1953 1949
1953 1952 1954
1954 1955 1953
1955 1954 1956
1943 1946 1957
1958 1957 1946
1946 1951 1958
1957 1958 1959
1960 1957 1959
1957 1960 1961
1103 1961 1960
1961 1103 1104
1962 1958 1951
1958 1962 1963
1963 1959 1958
1964 1963 1962
1963 1964 1965
1966 1965 1964
1965 1966 1967
1968 1967 1966
1967 1968 1969
1969 1970 1967
1970 1969 1971
1971 1972 1970
1972 1971 1973
1973 1117 1972
1117 1973 1118
1119 1972 1117
1972 1119 1974
1974 1970 1972
1970 1974 1975
1975 1967 1970
1967 1975 1965
1976 1118 1973
1118 1976 1123
1973 1977 1976
1977 1973 1971
1978 1976 1977
1977 1979 1978
1979 1977 1980
1971 1980 1977
1980 1971 1969
1980 1981 1979
1981 1980 1982
1976 1978 1983
1969 1982 1980
1982 1969 1968
1119 1984 1974
1984 1975 1974
1984 1119 1132
1975 1984 1985
1985 1965 1975
1965 1985 1963
1959 1963 1985
1984 1959 1985
1959 1984 1960
1132 1960 1984
1960 1132 1103
1986 1979 1981
1979 1986 1987
1988 1987 1986
1987 1988 1989
1990 1989 1988
1989 1990 1991
1992 1989 1991
1991 1993 1992
1993 1991 1994
1990 1994 1991
1989 1992 1995
1996 1995 1992
1995 1996 1997
1146 1997 1996
1997 1146 1147
1996 1148 1146
1148 1996 1998
1998 1992 1993
1992 1998 1996
1998 1150 1148
1150 1998 1999
1993 1999 1998
1152 1150 1999
1152 1999 1724
1999 1993 2000
1724 1999 2000
1994 2000 1993
2001 2000 1994
1994 1990 2001
2001 2002 2000
1147 2003 1997
2003 1147 2004
1147 2005 2004
2005 1147 1145
1145 2006 2005
2006 1145 1143
1137 2006 1143
2006 1137 1135
1135 1125 2006
1125 1135 1126
1130 2006 1125
2006 1130 2005
1130 2004 2005
2004 1130 2007
1122 2007 1130
2007 1122 1123
1976 2007 1123
2007 1976 1983
1983 2004 2007
2004 1983 2003
1983 2008 2003
2008 1997 2003
1997 2008 1995
2008 1989 1995
1989 2008 1987
1978 1987 2008
2008 1983 1978
1987 1978 1979
2009 2010 2011
2011 2012 2009
2012 2011 2013
2009 2014 2010
2013 2015 2012
2015 2013 2016
2015 2016 2017
2014 2018 2010
2018 1613 2010
2015 2017 2019
2019 2017 2020
2020 2021 2019
2021 2020 2022
2022 2023 2021
2023 2022 2024
2024 2025 2023
2025 2024 2026
2026 2027 2025
2027 2026 2028
2028 2029 2027
2029 2028 2030
2031 2029 2030
2029 2031 2032
2033 2032 2031
2032 2033 2034
2035 2034 2033
2034 2035 2036
2037 2036 2035
2036 2037 2038
2039 2038 2037
2038 2039 2040
2040 2039 2041
2042 2040 2041
2042 2041 2043
2044 2042 2043
2042 2044 2045
2046 2045 2044
2045 2046 2047
2047 2046 2048
2047 2048 2049
2048 2050 2049
2048 1030 2050
2051 1424 2052
1424 2051 1423
1425 2052 1424
2052 1425 1431
1929 1423 2051
1423 1929 1928
1928 1417 1423
1417 1928 1083
1083 1410 1417
1410 1083 1081
1081 1411 1410
1411 1081 1079
1079 1388 1411
1390 1411 1388
1411 1390 1409
1389 1409 1390
1409 1389 1407
1395 1407 1389
1388 1079 1078
1078 1375 1388
1375 1078 1077
1077 1361 1375
1361 1077 1076
1076 1359 1361
1359 1076 1075
1075 1353 1359
1353 1075 1074
1074 1354 1353
1354 1074 1073
1073 1340 1354
1339 1354 1340
1354 1339 1345
1340 1073 1072
1072 1341 1340
1341 1072 1071
1071 1342 1341
1342 1071 1070
1066 1342 1070
1342 1066 1343
1066 1344 1343
1344 1066 1067
1067 1209 1344
1331 1344 1209
1344 1331 1329
1209 1067 1069
1209 1208 1331
1229 1331 1208
1208 1223 1229
1223 1208 1206
1206 1221 1223
1221 1206 1203
1203 1212 1221
1331 1229 1332
1229 1322 1332
1229 1228 1322
1322 1228 1314
1316 1228 1224
1224 1317 1316
1317 1224 1222
1222 1318 1317
1318 1222 1220
1220 1319 1318
1319 1220 1214
1214 1231 1319
1231 1214 1215
1391 1422 1396
1422 1391 2053
1382 2053 1391
2053 1382 1383
2054 1422 2053
1422 2054 2055
2055 1421 1422
1421 2055 1440
1453 1440 2055
2056 2055 2054
2055 2056 1453
2054 2057 2056
2058 2056 2057
2057 2059 2058
2060 2058 2059
2059 2061 2060
2062 2060 2061
2060 2062 2063
2062 2064 2063
2064 2062 2065
2065 2066 2064
2066 2065 2067
2067 2068 2066
2068 2067 2069
2061 2059 2070
2071 2070 2059
2059 2057 2071
2070 2071 2072
2073 2072 2071
2072 2073 2074
2075 2066 2068
2066 2075 2076
2076 2064 2066
2064 2076 2077
2077 2063 2064
2063 2077 2078
2079 2063 2078
2063 2079 2060
2058 2060 2079
2071 2080 2073
1383 2073 2080
2073 1383 1384
1384 2074 2073
2080 2071 2057
2074 2081 2072
2082 2072 2081
2081 2083 2082
2084 2082 2083
2082 2084 2085
2086 2085 2084
2085 2086 2087
2086 2088 2087
2088 2086 2089
2089 2090 2088
2090 2089 2091
2091 2092 2090
2092 2091 2093
2083 2081 2094
2069 2090 2092
2090 2069 2067
2067 2088 2090
2088 2067 2065
2065 2087 2088
2087 2065 2062
2087 2061 2085
2061 2087 2062
2070 2085 2061
2085 2070 2082
2072 2082 2070
2095 2091 2089
2089 2096 2095
1662 2095 2096
2095 1662 1669
1669 2097 2095
2097 1669 1668
1668 2098 2097
2098 1668 1676
2099 1662 2096
1662 2099 1663
2100 1663 2099
1663 2100 1646
2101 1646 2100
1646 2101 1637
2102 1637 2101
1637 2102 1633
1627 1633 2102
1633 1627 1304
2093 2097 2098
2097 2093 2091
2091 2095 2097
2102 1625 1627
1625 2102 2103
2101 2103 2102
2103 1623 1625
1623 2103 2104
2094 2104 2103
2103 2101 2094
2104 2094 2081
2081 2074 2104
1386 2104 2074
2104 1386 1387
2074 1384 1386
2094 2100 2083
2100 2094 2101
2099 2083 2100
2083 2099 2084
2096 2084 2099
2084 2096 2086
2096 2089 2086
1227 1189 1188
1189 1227 1225
1225 1191 1189
1191 1225 1218
1218 1193 1191
1193 1218 1216
1216 1197 1193
1197 1216 1213
1213 1202 1197
644 623 627
623 644 639
626 623 639
1069 1068 1211
731 818 744
818 731 730
730 815 818
815 730 717
717 813 815
813 717 714
863 852 858
852 863 850
865 850 863
850 865 848
867 848 865
848 867 847
869 847 867
847 869 856
871 856 869
856 871 855
871 2105 855
2106 855 2105
2105 919 2106
921 2106 919
2106 921 2107
2107 845 2106
855 2106 845
845 2107 843
2108 843 2107
843 2108 841
2109 841 2108
841 2109 832
939 832 2109
832 939 826
2109 941 939
941 2109 2110
2108 2110 2109
2110 932 941
929 941 932
941 929 940
933 940 929
932 2110 924
923 924 2110
2110 2108 923
2107 923 2108
923 2107 921
2111 2112 683
2113 2112 2111
2112 2113 2114
683 682 2111
682 2115 2111
2113 2111 2115
2115 682 679
2115 679 680
681 2115 680
2115 681 2116
2113 2115 2116
2114 686 2112
686 683 2112
686 2114 689
673 655 664
2117 2118 2119
2118 2117 2120
2121 2119 2118
2119 2121 2122
2123 2122 2121
2122 2123 2124
2125 2124 2123
2124 2125 2126
2127 2126 2125
2126 2127 2128
1950 2128 2127
2128 1950 2129
2130 2120 2117
2120 2130 2131
2132 2131 2130
2131 2132 2133
2132 2134 2133
2134 2132 2135
2135 2136 2134
2136 2135 2137
2135 2138 2137
2138 2139 2137
2139 2002 2137
2136 2137 2002
1722 2002 2139
2138 2135 2140
2141 2135 2132
2135 2141 2140
2130 2141 2132
2141 2130 2142
2117 2142 2130
2142 2117 2143
2119 2143 2117
2143 2119 2144
2122 2144 2119
2144 2122 2145
2124 2145 2122
2145 2124 2146
2126 2146 2124
2146 2126 2147
2128 2147 2126
2147 2128 2148
2129 2148 2128
2148 2129 2149
1953 2149 2129
2149 1953 1955
2129 1949 1953
1949 2129 1950
2145 2092 2144
2093 2144 2092
2144 2093 2143
2098 2143 2093
2143 2098 2142
1676 2142 2098
2142 1676 2141
1677 2141 1676
2141 1677 2140
1677 2138 2140
2138 1677 2150
1667 2150 1677
2150 1667 1666
1670 2150 1666
2150 1670 2151
2151 2138 2150
1672 2151 1670
2151 1672 1719
1719 2139 2151
2138 2151 2139
2139 1719 1722
1719 1672 1718
1672 1675 1718
1678 1718 1675
1718 1678 1716
1681 1716 1678
1716 1681 1713
1683 1713 1681
1713 1683 1712
1685 1712 1683
1712 1685 1707
1687 1707 1685
1707 1687 1703
1689 1703 1687
1703 1689 1701
1691 1701 1689
1701 1691 1694
1250 1260 1267
2076 2152 2153
2152 2076 2075
2153 2077 2076
2077 2153 2154
2154 2078 2077
2078 2154 2155
2155 2079 2078
2079 2155 2156
2157 2079 2156
2079 2157 2058
2056 2058 2157
2157 1453 2056
1453 2157 1444
2156 1444 2157
1444 2156 1445
2156 1448 1445
1448 2156 2155
2155 1450 1448
1450 2155 2154
2154 1452 1450
1452 2154 2153
2153 1455 1452
1455 2153 2152
2152 2149 1455
2149 2152 2148
2075 2148 2152
2148 2075 2147
2068 2147 2075
2147 2068 2146
2069 2146 2068
2146 2069 2145
2092 2145 2069
1955 1455 2149
1455 1955 1454
1956 1454 1955
1454 1956 1460
2158 1460 1956
1956 2159 2158
2160 2158 2159
2158 2160 2161
2159 2162 2160
2162 2159 2163
2163 2164 2162
2164 2163 2165
1945 2164 2165
2164 1945 2166
1942 2166 1945
2166 1942 2167
1940 2167 1942
2167 1940 1939
2159 1956 1954
1954 2163 2159
2163 1954 1952
1952 2165 2163
2165 1952 1948
1948 1945 2165
1535 2161 2160
2161 1535 1536
1536 2168 2161
1462 2161 2168
2168 1463 1462
1463 2168 2169
2169 1464 1463
1464 2169 1470
2161 1462 2158
1460 2158 1462
1490 1470 2169
1470 1490 1488
1488 1471 1470
1471 1488 2170
2170 1472 1471
1472 2170 1484
2169 1538 1490
1538 2169 2168
2168 1536 1538
1565 1578 2171
2172 1565 2171
1578 1581 2171
2172 1564 1565
1564 2172 1893
2057 2054 2080
2053 2080 2054
2080 2053 1383
1943 1961 1941
1961 1943 1957
1104 1941 1961
1941 1104 1096
1792 2173 1794
1797 2173 1792
1786 1750 1807
1786 1807 1800
2000 2002 1721
1724 2000 1721
1722 1721 2002
2001 2136 2002
2001 2134 2136
2134 2001 1990
1988 2134 1990
2134 1988 2133
1986 2133 1988
2133 1986 2131
1981 2131 1986
2131 1981 2120
1982 2120 1981
2120 1982 2118
1968 2118 1982
2118 1968 2121
1966 2121 1968
2121 1966 2123
1964 2123 1966
2123 1964 2125
1962 2125 1964
2125 1962 2127
1951 2127 1962
2127 1951 1950
1276 1690 1275
1690 1276 1692
1275 1690 1277
949 934 948
934 949 936
930 948 934
948 930 957
928 957 930
957 928 931
949 942 936
919 2105 918
909 918 2105
918 909 907
907 916 918
916 907 905
905 911 916
2105 871 909
2174 1025 1024
1036 1025 2175
901 910 912
912 903 901
1031 2176 1026
2176 1031 1017
1017 1031 2177
2177 1031 1020
1018 2177 1020
2177 1018 2178
1009 2178 1018
1010 2178 1009
1012 2177 2178
1012 1017 2177
1012 2178 1010
2179 1897 1916
2180 784 789
2181 785 784
2182 2183 2184
2185 2184 2183
2186 2187 2188
2187 2186 2189
2190 2191 2192
2190 2192 2193
2194 2195 2196
2195 2194 2197
2198 2199 2200
2199 2198 2201
2202 2203 2204
2204 2203 2205
2206 2207 2208
2207 2209 2208
2210 2211 2212
2211 2210 2213
2214 2215 2216
2215 2214 2217
2218 2219 2220
2219 2221 2220
2222 2223 2224
2224 2223 2225
2226 2227 2228
2227 2226 2229
2230 2231 2232
2233 2231 2230
2234 2235 2236
2237 2234 2236
2238 2239 2240
2239 2238 2241
2242 2243 2244
2243 2242 2245
2246 2247 2248
2249 2246 2248
2250 2251 2252
2253 2251 2250
2254 2255 2256
2255 2254 2257
2258 2259 2260
2259 2258 2261
2160 1533 1535
1533 2160 2162
2164 1533 2162
1533 2164 1531
2166 1531 2164
1531 2166 1529
2167 1529 2166
1529 2167 1527
1939 1527 2167
1527 1939 1525
1938 1525 1939
1525 1938 1522
1938 1520 1522
1520 1938 1937
1937 1518 1520
1518 1937 1936
1936 1516 1518
1516 1936 1935
1935 1514 1516
1514 1935 1933
1933 1512 1514
1512 1933 1931
1927 1512 1931
1512 1927 1511
1929 1511 1927
1511 1929 1509
2051 1509 1929
1509 2051 1507
2052 1507 2051
1507 2052 1505
1431 1505 2052
1505 1431 1503
1432 1503 1431
1503 1432 2262
1433 2262 1432
2262 1433 1499
1434 1499 1433
1499 1434 1497
1435 1497 1434
1497 1435 1495
1436 1495 1435
1495 1436 1493
1436 1476 1493
1476 1436 1437
