byte offset: 0
first index: 1536
index count: 5928
topology: trianglelist
format: DXGI_FORMAT_R16_UINT

832 833 834
833 832 835
836 837 838
837 836 839
840 841 842
841 840 843
844 845 846
845 844 847
848 849 850
849 848 851
852 853 854
853 852 855
856 857 858
857 856 859
860 861 862
861 860 863
864 865 866
865 864 867
868 869 870
869 868 871
872 873 874
873 872 875
876 877 878
877 876 879
880 881 882
881 880 883
884 885 886
885 884 887
888 889 890
889 888 891
892 893 894
893 892 895
896 897 898
897 896 899
900 901 902
901 900 903
904 905 906
905 904 907
908 909 910
909 908 911
912 913 914
913 912 915
916 917 918
917 916 919
920 921 922
921 920 923
924 925 926
925 924 927
928 929 930
929 928 931
932 933 934
933 932 935
936 937 938
937 936 939
940 941 942
941 940 943
944 945 946
945 944 947
948 949 950
949 948 951
952 953 954
953 952 955
956 957 958
957 956 959
960 961 962
961 960 963
964 965 966
965 964 967
968 969 970
969 968 971
972 973 974
973 972 975
976 977 978
977 976 979
980 981 982
981 980 983
984 985 986
985 984 987
988 989 990
989 988 991
992 993 994
993 992 995
996 997 998
997 996 999
1000 1001 1002
1001 1000 1003
1004 1005 1006
1005 1004 1007
1008 1009 1010
1009 1008 1011
1012 1013 1014
1013 1012 1015
1016 1017 1018
1017 1016 1019
1020 1021 1022
1021 1020 1023
1024 1025 1026
1025 1024 1027
1028 1029 1030
1029 1028 1031
1032 1033 1034
1033 1032 1035
1036 1037 1038
1037 1036 1039
1040 1041 1042
1041 1040 1043
1044 1045 1046
1045 1044 1047
1048 1049 1050
1049 1048 1051
1052 1053 1054
1053 1052 1055
1056 1057 1058
1057 1056 1059
1060 1061 1062
1061 1060 1063
1064 1065 1066
1065 1064 1067
1068 1069 1070
1069 1068 1071
1072 1073 1074
1073 1072 1075
1076 1077 1078
1077 1076 1079
1080 1081 1082
1081 1080 1083
1084 1085 1086
1085 1084 1087
1088 1089 1090
1089 1088 1091
1092 1093 1094
1093 1092 1095
1096 1097 1098
1097 1096 1099
1100 1101 1102
1101 1100 1103
1104 1105 1106
1105 1104 1107
1108 1109 1110
1109 1108 1111
1112 1113 1114
1113 1112 1115
1116 1117 1118
1117 1116 1119
1120 1121 1122
1121 1120 1123
1124 1125 1126
1125 1124 1127
1128 1129 1130
1129 1128 1131
1132 1133 1134
1133 1132 1135
1136 1137 1138
1137 1136 1139
1140 1141 1142
1141 1140 1143
1144 1145 1146
1145 1144 1147
1148 1149 1150
1149 1148 1151
1152 1153 1154
1153 1152 1155
1156 1157 1158
1157 1156 1159
1160 1161 1162
1161 1160 1163
1164 1165 1166
1165 1164 1167
1168 1169 1170
1169 1168 1171
1172 1173 1174
1173 1172 1175
1176 1177 1178
1177 1176 1179
1180 1181 1182
1181 1180 1183
1184 1185 1186
1185 1184 1187
1188 1189 1190
1189 1188 1191
1192 1193 1194
1193 1192 1195
1196 1197 1198
1197 1196 1199
1200 1201 1202
1201 1200 1203
1204 1205 1206
1205 1204 1207
1208 1209 1210
1209 1208 1211
1212 1213 1214
1213 1212 1215
1216 1217 1218
1217 1216 1219
1220 1221 1222
1221 1220 1223
1224 1225 1226
1225 1224 1227
1228 1229 1230
1229 1228 1231
1232 1233 1234
1233 1232 1235
1236 1237 1238
1237 1236 1239
1240 1241 1242
1241 1240 1243
1244 1245 1246
1245 1244 1247
1248 1249 1250
1249 1248 1251
1252 1253 1254
1253 1252 1255
1256 1257 1258
1257 1256 1259
1260 1261 1262
1261 1260 1263
1264 1265 1266
1265 1264 1267
1268 1269 1270
1269 1268 1271
1272 1273 1274
1273 1272 1275
1276 1277 1278
1277 1276 1279
1280 1281 1282
1281 1280 1283
1284 1285 1286
1285 1284 1287
1288 1289 1290
1289 1288 1291
1292 1293 1294
1293 1292 1295
1296 1297 1298
1297 1296 1299
1300 1301 1302
1301 1300 1303
1304 1305 1306
1305 1304 1307
1308 1309 1310
1309 1308 1311
1312 1313 1314
1313 1312 1315
1316 1317 1318
1317 1316 1319
1320 1321 1322
1321 1320 1323
1324 1325 1326
1325 1324 1327
1328 1329 1330
1329 1328 1331
1332 1333 1334
1333 1332 1335
1336 1337 1338
1337 1336 1339
1340 1341 1342
1341 1340 1343
1344 1345 1346
1345 1344 1347
1348 1349 1350
1349 1348 1351
1352 1353 1354
1353 1352 1355
1356 1357 1358
1357 1356 1359
1360 1361 1362
1361 1360 1363
1364 1365 1366
1365 1364 1367
1368 1369 1370
1369 1368 1371
1372 1373 1374
1373 1372 1375
1376 1377 1378
1377 1376 1379
1380 1381 1382
1381 1380 1383
1384 1385 1386
1385 1384 1387
1388 1389 1390
1389 1388 1391
1392 1393 1394
1393 1392 1395
1396 1397 1398
1397 1396 1399
1400 1401 1402
1401 1400 1403
1404 1405 1406
1405 1404 1407
1408 1409 1410
1409 1408 1411
1412 1413 1414
1413 1412 1415
1416 1417 1418
1417 1416 1419
1420 1421 1422
1421 1420 1423
1424 1425 1426
1425 1424 1427
1428 1429 1430
1429 1428 1431
1432 1433 1434
1433 1432 1435
1436 1437 1438
1437 1436 1439
1440 1441 1442
1441 1440 1443
1444 1445 1446
1445 1444 1447
1448 1449 1450
1449 1448 1451
1452 1453 1454
1453 1452 1455
1456 1457 1458
1457 1456 1459
1460 1461 1462
1461 1460 1463
1464 1465 1466
1465 1464 1467
1468 1469 1470
1469 1468 1471
1472 1473 1474
1473 1472 1475
1476 1477 1478
1477 1476 1479
1480 1481 1482
1481 1480 1483
1484 1485 1486
1485 1484 1487
1488 1489 1490
1489 1488 1491
1492 1493 1494
1493 1492 1495
1496 1497 1498
1497 1496 1499
1500 1501 1502
1501 1500 1503
1504 1505 1506
1505 1504 1507
1508 1509 1510
1509 1508 1511
1512 1513 1514
1513 1512 1515
1516 1517 1518
1517 1516 1519
1520 1521 1522
1521 1520 1523
1524 1525 1526
1525 1524 1527
1528 1529 1530
1529 1528 1531
1532 1533 1534
1533 1532 1535
1536 1537 1538
1537 1536 1539
1540 1541 1542
1541 1540 1543
1544 1545 1546
1545 1544 1547
1548 1549 1550
1549 1548 1551
1552 1553 1554
1553 1552 1555
1556 1557 1558
1557 1556 1559
1560 1561 1562
1561 1560 1563
1564 1565 1566
1565 1564 1567
1568 1569 1570
1569 1568 1571
1572 1573 1574
1573 1572 1575
1576 1577 1578
1577 1576 1579
1580 1581 1582
1581 1580 1583
1584 1585 1586
1585 1584 1587
1588 1589 1590
1589 1588 1591
1592 1593 1594
1593 1592 1595
1596 1597 1598
1597 1596 1599
1600 1601 1602
1601 1600 1603
1604 1605 1606
1605 1604 1607
1608 1609 1610
1609 1608 1611
1612 1613 1614
1613 1612 1615
1616 1617 1618
1617 1616 1619
1620 1621 1622
1621 1620 1623
1624 1625 1626
1625 1624 1627
1628 1629 1630
1629 1628 1631
1632 1633 1634
1633 1632 1635
1636 1637 1638
1637 1636 1639
1640 1641 1642
1641 1640 1643
1644 1645 1646
1645 1644 1647
1648 1649 1650
1649 1648 1651
1652 1653 1654
1653 1652 1655
1656 1657 1658
1657 1656 1659
1660 1661 1662
1661 1660 1663
1664 1665 1666
1665 1664 1667
1668 1669 1670
1669 1668 1671
1672 1673 1674
1673 1672 1675
1676 1677 1678
1677 1676 1679
1680 1681 1682
1681 1680 1683
1684 1685 1686
1685 1684 1687
1688 1689 1690
1689 1688 1691
1692 1693 1694
1693 1692 1695
1696 1697 1698
1697 1696 1699
1700 1701 1702
1701 1700 1703
1704 1705 1706
1705 1704 1707
1708 1709 1710
1709 1708 1711
1712 1713 1714
1713 1712 1715
1716 1717 1718
1717 1716 1719
1720 1721 1722
1721 1720 1723
1724 1725 1726
1725 1724 1727
1728 1729 1730
1729 1728 1731
1732 1733 1734
1733 1732 1735
1736 1737 1738
1737 1736 1739
1740 1741 1742
1741 1740 1743
1744 1745 1746
1745 1744 1747
1748 1749 1750
1749 1748 1751
1752 1753 1754
1753 1752 1755
1756 1757 1758
1757 1756 1759
1760 1761 1762
1761 1760 1763
1764 1765 1766
1765 1764 1767
1768 1769 1770
1769 1768 1771
1772 1773 1774
1773 1772 1775
1776 1777 1778
1777 1776 1779
1780 1781 1782
1781 1780 1783
1784 1785 1786
1785 1784 1787
1788 1789 1790
1789 1788 1791
1792 1793 1794
1793 1792 1795
1796 1797 1798
1797 1796 1799
1800 1801 1802
1801 1800 1803
1804 1805 1806
1805 1804 1807
1808 1809 1810
1809 1808 1811
1812 1813 1814
1813 1812 1815
1816 1817 1818
1817 1816 1819
1820 1821 1822
1821 1820 1823
1824 1825 1826
1825 1824 1827
1828 1829 1830
1829 1828 1831
1832 1833 1834
1833 1832 1835
1836 1837 1838
1837 1836 1839
1840 1841 1842
1841 1840 1843
1844 1845 1846
1845 1844 1847
1848 1849 1850
1849 1848 1851
1852 1853 1854
1853 1852 1855
1856 1857 1858
1857 1856 1859
1860 1861 1862
1861 1860 1863
1864 1865 1866
1865 1864 1867
1868 1869 1870
1869 1868 1871
1872 1873 1874
1873 1872 1875
1876 1877 1878
1877 1876 1879
1880 1881 1882
1881 1880 1883
1884 1885 1886
1885 1884 1887
1888 1889 1890
1889 1888 1891
1892 1893 1894
1893 1892 1895
1896 1897 1898
1897 1896 1899
1900 1901 1902
1901 1900 1903
1904 1905 1906
1905 1904 1907
1908 1909 1910
1909 1908 1911
1912 1913 1914
1913 1912 1915
1916 1917 1918
1917 1916 1919
1920 1921 1922
1921 1920 1923
1924 1925 1926
1925 1924 1927
1928 1929 1930
1929 1928 1931
1932 1933 1934
1933 1932 1935
1936 1937 1938
1937 1936 1939
1940 1941 1942
1941 1940 1943
1944 1945 1946
1945 1944 1947
1948 1949 1950
1949 1948 1951
1952 1953 1954
1953 1952 1955
1956 1957 1958
1957 1956 1959
1960 1961 1962
1961 1960 1963
1964 1965 1966
1965 1964 1967
1968 1969 1970
1969 1968 1971
1972 1973 1974
1973 1972 1975
1976 1977 1978
1977 1976 1979
1980 1981 1982
1981 1980 1983
1984 1985 1986
1985 1984 1987
1988 1989 1990
1989 1988 1991
1992 1993 1994
1993 1992 1995
1996 1997 1998
1997 1996 1999
2000 2001 2002
2001 2000 2003
2004 2005 2006
2005 2004 2007
2008 2009 2010
2009 2008 2011
2012 2013 2014
2013 2012 2015
2016 2017 2018
2017 2016 2019
2020 2021 2022
2021 2020 2023
2024 2025 2026
2025 2024 2027
2028 2029 2030
2029 2028 2031
2032 2033 2034
2033 2032 2035
2036 2037 2038
2037 2036 2039
2040 2041 2042
2041 2040 2043
2044 2045 2046
2045 2044 2047
2048 2049 2050
2049 2048 2051
2052 2053 2054
2053 2052 2055
2056 2057 2058
2057 2056 2059
2060 2061 2062
2061 2060 2063
2064 2065 2066
2065 2064 2067
2068 2069 2070
2069 2068 2071
2072 2073 2074
2073 2072 2075
2076 2077 2078
2077 2076 2079
2080 2081 2082
2081 2080 2083
2084 2085 2086
2085 2084 2087
2088 2089 2090
2089 2088 2091
2092 2093 2094
2093 2092 2095
2096 2097 2098
2097 2096 2099
2100 2101 2102
2101 2100 2103
2104 2105 2106
2105 2104 2107
2108 2109 2110
2109 2108 2111
2112 2113 2114
2113 2112 2115
2116 2117 2118
2117 2116 2119
2120 2121 2122
2121 2120 2123
2124 2125 2126
2125 2124 2127
2128 2129 2130
2129 2128 2131
2132 2133 2134
2133 2132 2135
2136 2137 2138
2137 2136 2139
2140 2141 2142
2141 2140 2143
2144 2145 2146
2145 2144 2147
2148 2149 2150
2149 2148 2151
2152 2153 2154
2153 2152 2155
2156 2157 2158
2157 2156 2159
2160 2161 2162
2161 2160 2163
2164 2165 2166
2165 2164 2167
2168 2169 2170
2169 2168 2171
2172 2173 2174
2173 2172 2175
2176 2177 2178
2177 2176 2179
2180 2181 2182
2181 2180 2183
2184 2185 2186
2185 2184 2187
2188 2189 2190
2189 2188 2191
2192 2193 2194
2193 2192 2195
2196 2197 2198
2197 2196 2199
2200 2201 2202
2201 2200 2203
2204 2205 2206
2205 2204 2207
2208 2209 2210
2209 2208 2211
2212 2213 2214
2213 2212 2215
2216 2217 2218
2217 2216 2219
2220 2221 2222
2221 2220 2223
2224 2225 2226
2225 2224 2227
2228 2229 2230
2229 2228 2231
2232 2233 2234
2233 2232 2235
2236 2237 2238
2237 2236 2239
2240 2241 2242
2241 2240 2243
2244 2245 2246
2245 2244 2247
2248 2249 2250
2249 2248 2251
2252 2253 2254
2253 2252 2255
2256 2257 2258
2257 2256 2259
2260 2261 2262
2261 2260 2263
2264 2265 2266
2265 2264 2267
2268 2269 2270
2269 2268 2271
2272 2273 2274
2273 2272 2275
2276 2277 2278
2277 2276 2279
2280 2281 2282
2281 2280 2283
2284 2285 2286
2285 2284 2287
2288 2289 2290
2289 2288 2291
2292 2293 2294
2293 2292 2295
2296 2297 2298
2297 2296 2299
2300 2301 2302
2301 2300 2303
2304 2305 2306
2305 2304 2307
2308 2309 2310
2309 2308 2311
2312 2313 2314
2313 2312 2315
2316 2317 2318
2317 2316 2319
2320 2321 2322
2321 2320 2323
2324 2325 2326
2325 2324 2327
2328 2329 2330
2329 2328 2331
2332 2333 2334
2333 2332 2335
2336 2337 2338
2337 2336 2339
2340 2341 2342
2341 2340 2343
2344 2345 2346
2345 2344 2347
2348 2349 2350
2349 2348 2351
2352 2353 2354
2353 2352 2355
2356 2357 2358
2357 2356 2359
2360 2361 2362
2361 2360 2363
2364 2365 2366
2365 2364 2367
2368 2369 2370
2369 2368 2371
2372 2373 2374
2373 2372 2375
2376 2377 2378
2377 2376 2379
2380 2381 2382
2381 2380 2383
2384 2385 2386
2385 2384 2387
2388 2389 2390
2389 2388 2391
2392 2393 2394
2393 2392 2395
2396 2397 2398
2397 2396 2399
2400 2401 2402
2401 2400 2403
2404 2405 2406
2405 2404 2407
2408 2409 2410
2409 2408 2411
2412 2413 2414
2413 2412 2415
2416 2417 2418
2417 2416 2419
2420 2421 2422
2421 2420 2423
2424 2425 2426
2425 2424 2427
2428 2429 2430
2429 2428 2431
2432 2433 2434
2433 2432 2435
2436 2437 2438
2437 2436 2439
2440 2441 2442
2441 2440 2443
2444 2445 2446
2445 2444 2447
2448 2449 2450
2449 2448 2451
2452 2453 2454
2453 2452 2455
2456 2457 2458
2457 2456 2459
2460 2461 2462
2461 2460 2463
2464 2465 2466
2465 2464 2467
2468 2469 2470
2469 2468 2471
2472 2473 2474
2473 2472 2475
2476 2477 2478
2477 2476 2479
2480 2481 2482
2481 2480 2483
2484 2485 2486
2485 2484 2487
2488 2489 2490
2489 2488 2491
2492 2493 2494
2493 2492 2495
2496 2497 2498
2497 2496 2499
2500 2501 2502
2501 2500 2503
2504 2505 2506
2505 2504 2507
2508 2509 2510
2509 2508 2511
2512 2513 2514
2513 2512 2515
2516 2517 2518
2517 2516 2519
2520 2521 2522
2521 2520 2523
2524 2525 2526
2525 2524 2527
2528 2529 2530
2529 2528 2531
2532 2533 2534
2533 2532 2535
2536 2537 2538
2537 2536 2539
2540 2541 2542
2541 2540 2543
2544 2545 2546
2545 2544 2547
2548 2549 2550
2549 2548 2551
2552 2553 2554
2553 2552 2555
2556 2557 2558
2557 2556 2559
2560 2561 2562
2561 2560 2563
2564 2565 2566
2565 2564 2567
2568 2569 2570
2569 2568 2571
2572 2573 2574
2573 2572 2575
2576 2577 2578
2577 2576 2579
2580 2581 2582
2581 2580 2583
2584 2585 2586
2585 2584 2587
2588 2589 2590
2589 2588 2591
2592 2593 2594
2593 2592 2595
2596 2597 2598
2597 2596 2599
2600 2601 2602
2601 2600 2603
2604 2605 2606
2605 2604 2607
2608 2609 2610
2609 2608 2611
2612 2613 2614
2613 2612 2615
2616 2617 2618
2617 2616 2619
2620 2621 2622
2621 2620 2623
2624 2625 2626
2625 2624 2627
2628 2629 2630
2629 2628 2631
2632 2633 2634
2633 2632 2635
2636 2637 2638
2637 2636 2639
2640 2641 2642
2641 2640 2643
2644 2645 2646
2645 2644 2647
2648 2649 2650
2649 2648 2651
2652 2653 2654
2653 2652 2655
2656 2657 2658
2657 2656 2659
2660 2661 2662
2661 2660 2663
2664 2665 2666
2665 2664 2667
2668 2669 2670
2669 2668 2671
2672 2673 2674
2673 2672 2675
2676 2677 2678
2677 2676 2679
2680 2681 2682
2681 2680 2683
2684 2685 2686
2685 2684 2687
2688 2689 2690
2689 2688 2691
2692 2693 2694
2693 2692 2695
2696 2697 2698
2697 2696 2699
2700 2701 2702
2701 2700 2703
2704 2705 2706
2705 2704 2707
2708 2709 2710
2709 2708 2711
2712 2713 2714
2713 2712 2715
2716 2717 2718
2717 2716 2719
2720 2721 2722
2721 2720 2723
2724 2725 2726
2725 2724 2727
2728 2729 2730
2729 2728 2731
2732 2733 2734
2733 2732 2735
2736 2737 2738
2737 2736 2739
2740 2741 2742
2741 2740 2743
2744 2745 2746
2745 2744 2747
2748 2749 2750
2749 2748 2751
2752 2753 2754
2753 2752 2755
2756 2757 2758
2757 2756 2759
2760 2761 2762
2761 2760 2763
2764 2765 2766
2765 2764 2767
2768 2769 2770
2769 2768 2771
2772 2773 2774
2773 2772 2775
2776 2777 2778
2777 2776 2779
2780 2781 2782
2781 2780 2783
2784 2785 2786
2785 2784 2787
2788 2789 2790
2789 2788 2791
2792 2793 2794
2793 2792 2795
2796 2797 2798
2797 2796 2799
2800 2801 2802
2801 2800 2803
2804 2805 2806
2805 2804 2807
2808 2809 2810
2809 2808 2811
2812 2813 2814
2813 2812 2815
2816 2817 2818
2817 2816 2819
2820 2821 2822
2821 2820 2823
2824 2825 2826
2825 2824 2827
2828 2829 2830
2829 2828 2831
2832 2833 2834
2833 2832 2835
2836 2837 2838
2837 2836 2839
2840 2841 2842
2841 2840 2843
2844 2845 2846
2845 2844 2847
2848 2849 2850
2849 2848 2851
2852 2853 2854
2853 2852 2855
2856 2857 2858
2857 2856 2859
2860 2861 2862
2861 2860 2863
2864 2865 2866
2865 2864 2867
2868 2869 2870
2869 2868 2871
2872 2873 2874
2873 2872 2875
2876 2877 2878
2877 2876 2879
2880 2881 2882
2881 2880 2883
2884 2885 2886
2885 2884 2887
2888 2889 2890
2889 2888 2891
2892 2893 2894
2893 2892 2895
2896 2897 2898
2897 2896 2899
2900 2901 2902
2901 2900 2903
2904 2905 2906
2905 2904 2907
2908 2909 2910
2909 2908 2911
2912 2913 2914
2913 2912 2915
2916 2917 2918
2917 2916 2919
2920 2921 2922
2921 2920 2923
2924 2925 2926
2925 2924 2927
2928 2929 2930
2929 2928 2931
2932 2933 2934
2933 2932 2935
2936 2937 2938
2937 2936 2939
2940 2941 2942
2941 2940 2943
2944 2945 2946
2945 2944 2947
2948 2949 2950
2949 2948 2951
2952 2953 2954
2953 2952 2955
2956 2957 2958
2957 2956 2959
2960 2961 2962
2961 2960 2963
2964 2965 2966
2965 2964 2967
2968 2969 2970
2969 2968 2971
2972 2973 2974
2973 2972 2975
2976 2977 2978
2977 2976 2979
2980 2981 2982
2981 2980 2983
2984 2985 2986
2985 2984 2987
2988 2989 2990
2989 2988 2991
2992 2993 2994
2993 2992 2995
2996 2997 2998
2997 2996 2999
3000 3001 3002
3001 3000 3003
3004 3005 3006
3005 3004 3007
3008 3009 3010
3009 3008 3011
3012 3013 3014
3013 3012 3015
3016 3017 3018
3017 3016 3019
3020 3021 3022
3021 3020 3023
3024 3025 3026
3025 3024 3027
3028 3029 3030
3029 3028 3031
3032 3033 3034
3033 3032 3035
3036 3037 3038
3037 3036 3039
3040 3041 3042
3041 3040 3043
3044 3045 3046
3045 3044 3047
3048 3049 3050
3049 3048 3051
3052 3053 3054
3053 3052 3055
3056 3057 3058
3057 3056 3059
3060 3061 3062
3061 3060 3063
3064 3065 3066
3065 3064 3067
3068 3069 3070
3069 3068 3071
3072 3073 3074
3073 3072 3075
3076 3077 3078
3077 3076 3079
3080 3081 3082
3081 3080 3083
3084 3085 3086
3085 3084 3087
3088 3089 3090
3089 3088 3091
3092 3093 3094
3093 3092 3095
3096 3097 3098
3097 3096 3099
3100 3101 3102
3101 3100 3103
3104 3105 3106
3105 3104 3107
3108 3109 3110
3109 3108 3111
3112 3113 3114
3113 3112 3115
3116 3117 3118
3117 3116 3119
3120 3121 3122
3121 3120 3123
3124 3125 3126
3125 3124 3127
3128 3129 3130
3129 3128 3131
3132 3133 3134
3133 3132 3135
3136 3137 3138
3137 3136 3139
3140 3141 3142
3141 3140 3143
3144 3145 3146
3145 3144 3147
3148 3149 3150
3149 3148 3151
3152 3153 3154
3153 3152 3155
3156 3157 3158
3157 3156 3159
3160 3161 3162
3161 3160 3163
3164 3165 3166
3165 3164 3167
3168 3169 3170
3169 3168 3171
3172 3173 3174
3173 3172 3175
3176 3177 3178
3177 3176 3179
3180 3181 3182
3181 3180 3183
3184 3185 3186
3185 3184 3187
3188 3189 3190
3189 3188 3191
3192 3193 3194
3193 3192 3195
3196 3197 3198
3197 3196 3199
3200 3201 3202
3201 3200 3203
3204 3205 3206
3205 3204 3207
3208 3209 3210
3209 3208 3211
3212 3213 3214
3213 3212 3215
3216 3217 3218
3217 3216 3219
3220 3221 3222
3221 3220 3223
3224 3225 3226
3225 3224 3227
3228 3229 3230
3229 3228 3231
3232 3233 3234
3233 3232 3235
3236 3237 3238
3237 3236 3239
3240 3241 3242
3241 3240 3243
3244 3245 3246
3245 3244 3247
3248 3249 3250
3249 3248 3251
3252 3253 3254
3253 3252 3255
3256 3257 3258
3257 3256 3259
3260 3261 3262
3261 3260 3263
3264 3265 3266
3265 3264 3267
3268 3269 3270
3269 3268 3271
3272 3273 3274
3273 3272 3275
3276 3277 3278
3277 3276 3279
3280 3281 3282
3281 3280 3283
3284 3285 3286
3285 3284 3287
3288 3289 3290
3289 3288 3291
3292 3293 3294
3293 3292 3295
3296 3297 3298
3297 3296 3299
3300 3301 3302
3301 3300 3303
3304 3305 3306
3305 3304 3307
3308 3309 3310
3309 3308 3311
3312 3313 3314
3313 3312 3315
3316 3317 3318
3317 3316 3319
3320 3321 3322
3321 3320 3323
3324 3325 3326
3325 3324 3327
3328 3329 3330
3329 3328 3331
3332 3333 3334
3333 3332 3335
3336 3337 3338
3337 3336 3339
3340 3341 3342
3341 3340 3343
3344 3345 3346
3345 3344 3347
3348 3349 3350
3349 3348 3351
3352 3353 3354
3353 3352 3355
3356 3357 3358
3357 3356 3359
3360 3361 3362
3361 3360 3363
3364 3365 3366
3365 3364 3367
3368 3369 3370
3369 3368 3371
3372 3373 3374
3373 3372 3375
3376 3377 3378
3377 3376 3379
3380 3381 3382
3381 3380 3383
3384 3385 3386
3385 3384 3387
3388 3389 3390
3389 3388 3391
3392 3393 3394
3393 3392 3395
3396 3397 3398
3397 3396 3399
3400 3401 3402
3401 3400 3403
3404 3405 3406
3405 3404 3407
3408 3409 3410
3409 3408 3411
3412 3413 3414
3413 3412 3415
3416 3417 3418
3417 3416 3419
3420 3421 3422
3421 3420 3423
3424 3425 3426
3425 3424 3427
3428 3429 3430
3429 3428 3431
3432 3433 3434
3433 3432 3435
3436 3437 3438
3437 3436 3439
3440 3441 3442
3441 3440 3443
3444 3445 3446
3445 3444 3447
3448 3449 3450
3449 3448 3451
3452 3453 3454
3453 3452 3455
3456 3457 3458
3457 3456 3459
3460 3461 3462
3461 3460 3463
3464 3465 3466
3465 3464 3467
3468 3469 3470
3469 3468 3471
3472 3473 3474
3473 3472 3475
3476 3477 3478
3477 3476 3479
3480 3481 3482
3481 3480 3483
3484 3485 3486
3485 3484 3487
3488 3489 3490
3489 3488 3491
3492 3493 3494
3493 3492 3495
3496 3497 3498
3497 3496 3499
3500 3501 3502
3501 3500 3503
3504 3505 3506
3505 3504 3507
3508 3509 3510
3509 3508 3511
3512 3513 3514
3513 3512 3515
3516 3517 3518
3517 3516 3519
3520 3521 3522
3521 3520 3523
3524 3525 3526
3525 3524 3527
3528 3529 3530
3529 3528 3531
3532 3533 3534
3533 3532 3535
3536 3537 3538
3537 3536 3539
3540 3541 3542
3541 3540 3543
3544 3545 3546
3545 3544 3547
3548 3549 3550
3549 3548 3551
3552 3553 3554
3553 3552 3555
3556 3557 3558
3557 3556 3559
3560 3561 3562
3561 3560 3563
3564 3565 3566
3565 3564 3567
3568 3569 3570
3569 3568 3571
3572 3573 3574
3573 3572 3575
3576 3577 3578
3577 3576 3579
3580 3581 3582
3581 3580 3583
3584 3585 3586
3585 3584 3587
3588 3589 3590
3589 3588 3591
3592 3593 3594
3593 3592 3595
3596 3597 3598
3597 3596 3599
3600 3601 3602
3601 3600 3603
3604 3605 3606
3605 3604 3607
3608 3609 3610
3609 3608 3611
3612 3613 3614
3613 3612 3615
3616 3617 3618
3617 3616 3619
3620 3621 3622
3621 3620 3623
3624 3625 3626
3625 3624 3627
3628 3629 3630
3629 3628 3631
3632 3633 3634
3633 3632 3635
3636 3637 3638
3637 3636 3639
3640 3641 3642
3641 3640 3643
3644 3645 3646
3645 3644 3647
3648 3649 3650
3649 3648 3651
3652 3653 3654
3653 3652 3655
3656 3657 3658
3657 3656 3659
3660 3661 3662
3661 3660 3663
3664 3665 3666
3665 3664 3667
3668 3669 3670
3669 3668 3671
3672 3673 3674
3673 3672 3675
3676 3677 3678
3677 3676 3679
3680 3681 3682
3681 3680 3683
3684 3685 3686
3685 3684 3687
3688 3689 3690
3689 3688 3691
3692 3693 3694
3693 3692 3695
3696 3697 3698
3697 3696 3699
3700 3701 3702
3701 3700 3703
3704 3705 3706
3705 3704 3707
3708 3709 3710
3709 3708 3711
3712 3713 3714
3713 3712 3715
3716 3717 3718
3717 3716 3719
3720 3721 3722
3721 3720 3723
3724 3725 3726
3725 3724 3727
3728 3729 3730
3729 3728 3731
3732 3733 3734
3733 3732 3735
3736 3737 3738
3737 3736 3739
3740 3741 3742
3741 3740 3743
3744 3745 3746
3745 3744 3747
3748 3749 3750
3749 3748 3751
3752 3753 3754
3753 3752 3755
3756 3757 3758
3757 3756 3759
3760 3761 3762
3761 3760 3763
3764 3765 3766
3765 3764 3767
3768 3769 3770
3769 3768 3771
3772 3773 3774
3773 3772 3775
3776 3777 3778
3777 3776 3779
3780 3781 3782
3781 3780 3783
3784 3785 3786
3785 3784 3787
3788 3789 3790
3789 3788 3791
3792 3793 3794
3793 3792 3795
3796 3797 3798
3797 3796 3799
3800 3801 3802
3801 3800 3803
3804 3805 3806
3805 3804 3807
3808 3809 3810
3809 3808 3811
3812 3813 3814
3813 3812 3815
3816 3817 3818
3817 3816 3819
3820 3821 3822
3821 3820 3823
3824 3825 3826
3825 3824 3827
3828 3829 3830
3829 3828 3831
3832 3833 3834
3833 3832 3835
3836 3837 3838
3837 3836 3839
3840 3841 3842
3841 3840 3843
3844 3845 3846
3845 3844 3847
3848 3849 3850
3849 3848 3851
3852 3853 3854
3853 3852 3855
3856 3857 3858
3857 3856 3859
3860 3861 3862
3861 3860 3863
3864 3865 3866
3865 3864 3867
3868 3869 3870
3869 3868 3871
3872 3873 3874
3873 3872 3875
3876 3877 3878
3877 3876 3879
3880 3881 3882
3881 3880 3883
3884 3885 3886
3885 3884 3887
3888 3889 3890
3889 3888 3891
3892 3893 3894
3893 3892 3895
3896 3897 3898
3897 3896 3899
3900 3901 3902
3901 3900 3903
3904 3905 3906
3905 3904 3907
3908 3909 3910
3909 3908 3911
3912 3913 3914
3913 3912 3915
3916 3917 3918
3917 3916 3919
3920 3921 3922
3921 3920 3923
3924 3925 3926
3925 3924 3927
3928 3929 3930
3929 3928 3931
3932 3933 3934
3933 3932 3935
3936 3937 3938
3937 3936 3939
3940 3941 3942
3941 3940 3943
3944 3945 3946
3945 3944 3947
3948 3949 3950
3949 3948 3951
3952 3953 3954
3953 3952 3955
3956 3957 3958
3957 3956 3959
3960 3961 3962
3961 3960 3963
3964 3965 3966
3965 3964 3967
3968 3969 3970
3969 3968 3971
3972 3973 3974
3973 3972 3975
3976 3977 3978
3977 3976 3979
3980 3981 3982
3981 3980 3983
3984 3985 3986
3985 3984 3987
3988 3989 3990
3989 3988 3991
3992 3993 3994
3993 3992 3995
3996 3997 3998
3997 3996 3999
4000 4001 4002
4001 4000 4003
4004 4005 4006
4005 4004 4007
4008 4009 4010
4009 4008 4011
4012 4013 4014
4013 4012 4015
4016 4017 4018
4017 4016 4019
4020 4021 4022
4021 4020 4023
4024 4025 4026
4025 4024 4027
4028 4029 4030
4029 4028 4031
4032 4033 4034
4033 4032 4035
4036 4037 4038
4037 4036 4039
4040 4041 4042
4041 4040 4043
4044 4045 4046
4045 4044 4047
4048 4049 4050
4049 4048 4051
4052 4053 4054
4053 4052 4055
4056 4057 4058
4057 4056 4059
4060 4061 4062
4061 4060 4063
4064 4065 4066
4065 4064 4067
4068 4069 4070
4069 4068 4071
4072 4073 4074
4073 4072 4075
4076 4077 4078
4077 4076 4079
4080 4081 4082
4081 4080 4083
4084 4085 4086
4085 4084 4087
4088 4089 4090
4089 4088 4091
4092 4093 4094
4093 4092 4095
4096 4097 4098
4097 4096 4099
4100 4101 4102
4101 4100 4103
4104 4105 4106
4105 4104 4107
4108 4109 4110
4109 4108 4111
4112 4113 4114
4113 4112 4115
4116 4117 4118
4117 4116 4119
4120 4121 4122
4121 4120 4123
4124 4125 4126
4125 4124 4127
4128 4129 4130
4129 4128 4131
4132 4133 4134
4133 4132 4135
4136 4137 4138
4137 4136 4139
4140 4141 4142
4141 4140 4143
4144 4145 4146
4145 4144 4147
4148 4149 4150
4149 4148 4151
4152 4153 4154
4153 4152 4155
4156 4157 4158
4157 4156 4159
4160 4161 4162
4161 4160 4163
4164 4165 4166
4165 4164 4167
4168 4169 4170
4169 4168 4171
4172 4173 4174
4173 4172 4175
4176 4177 4178
4177 4176 4179
4180 4181 4182
4181 4180 4183
4184 4185 4186
4185 4184 4187
4188 4189 4190
4189 4188 4191
4192 4193 4194
4193 4192 4195
4196 4197 4198
4197 4196 4199
4200 4201 4202
4201 4200 4203
4204 4205 4206
4205 4204 4207
4208 4209 4210
4209 4208 4211
4212 4213 4214
4213 4212 4215
4216 4217 4218
4217 4216 4219
4220 4221 4222
4221 4220 4223
4224 4225 4226
4225 4224 4227
4228 4229 4230
4229 4228 4231
4232 4233 4234
4233 4232 4235
4236 4237 4238
4237 4236 4239
4240 4241 4242
4241 4240 4243
4244 4245 4246
4245 4244 4247
4248 4249 4250
4249 4248 4251
4252 4253 4254
4253 4252 4255
4256 4257 4258
4257 4256 4259
4260 4261 4262
4261 4260 4263
4264 4265 4266
4265 4264 4267
4268 4269 4270
4269 4268 4271
4272 4273 4274
4273 4272 4275
4276 4277 4278
4277 4276 4279
4280 4281 4282
4281 4280 4283
4284 4285 4286
4285 4284 4287
4288 4289 4290
4289 4288 4291
4292 4293 4294
4293 4292 4295
4296 4297 4298
4297 4296 4299
4300 4301 4302
4301 4300 4303
4304 4305 4306
4305 4304 4307
4308 4309 4310
4309 4308 4311
4312 4313 4314
4313 4312 4315
4316 4317 4318
4317 4316 4319
4320 4321 4322
4321 4320 4323
4324 4325 4326
4325 4324 4327
4328 4329 4330
4329 4328 4331
4332 4333 4334
4333 4332 4335
4336 4337 4338
4337 4336 4339
4340 4341 4342
4341 4340 4343
4344 4345 4346
4345 4344 4347
4348 4349 4350
4349 4348 4351
4352 4353 4354
4353 4352 4355
4356 4357 4358
4357 4356 4359
4360 4361 4362
4361 4360 4363
4364 4365 4366
4365 4364 4367
4368 4369 4370
4369 4368 4371
4372 4373 4374
4373 4372 4375
4376 4377 4378
4377 4376 4379
4380 4381 4382
4381 4380 4383
4384 4385 4386
4385 4384 4387
4388 4389 4390
4389 4388 4391
4392 4393 4394
4393 4392 4395
4396 4397 4398
4397 4396 4399
4400 4401 4402
4401 4400 4403
4404 4405 4406
4405 4404 4407
4408 4409 4410
4409 4408 4411
4412 4413 4414
4413 4412 4415
4416 4417 4418
4417 4416 4419
4420 4421 4422
4421 4420 4423
4424 4425 4426
4425 4424 4427
4428 4429 4430
4429 4428 4431
4432 4433 4434
4433 4432 4435
4436 4437 4438
4437 4436 4439
4440 4441 4442
4441 4440 4443
4444 4445 4446
4445 4444 4447
4448 4449 4450
4449 4448 4451
4452 4453 4454
4453 4452 4455
4456 4457 4458
4457 4456 4459
4460 4461 4462
4461 4460 4463
4464 4465 4466
4465 4464 4467
4468 4469 4470
4469 4468 4471
4472 4473 4474
4473 4472 4475
4476 4477 4478
4477 4476 4479
4480 4481 4482
4481 4480 4483
4484 4485 4486
4485 4484 4487
4488 4489 4490
4489 4488 4491
4492 4493 4494
4493 4492 4495
4496 4497 4498
4497 4496 4499
4500 4501 4502
4501 4500 4503
4504 4505 4506
4505 4504 4507
4508 4509 4510
4509 4508 4511
4512 4513 4514
4513 4512 4515
4516 4517 4518
4517 4516 4519
4520 4521 4522
4521 4520 4523
4524 4525 4526
4525 4524 4527
4528 4529 4530
4529 4528 4531
4532 4533 4534
4533 4532 4535
4536 4537 4538
4537 4536 4539
4540 4541 4542
4541 4540 4543
4544 4545 4546
4545 4544 4547
4548 4549 4550
4549 4548 4551
4552 4553 4554
4553 4552 4555
4556 4557 4558
4557 4556 4559
4560 4561 4562
4561 4560 4563
4564 4565 4566
4565 4564 4567
4568 4569 4570
4569 4568 4571
4572 4573 4574
4573 4572 4575
4576 4577 4578
4577 4576 4579
4580 4581 4582
4581 4580 4583
4584 4585 4586
4585 4584 4587
4588 4589 4590
4589 4588 4591
4592 4593 4594
4593 4592 4595
4596 4597 4598
4597 4596 4599
4600 4601 4602
4601 4600 4603
4604 4605 4606
4605 4604 4607
4608 4609 4610
4609 4608 4611
4612 4613 4614
4613 4612 4615
4616 4617 4618
4617 4616 4619
4620 4621 4622
4621 4620 4623
4624 4625 4626
4625 4624 4627
4628 4629 4630
4629 4628 4631
4632 4633 4634
4633 4632 4635
4636 4637 4638
4637 4636 4639
4640 4641 4642
4641 4640 4643
4644 4645 4646
4645 4644 4647
4648 4649 4650
4649 4648 4651
4652 4653 4654
4653 4652 4655
4656 4657 4658
4657 4656 4659
4660 4661 4662
4661 4660 4663
4664 4665 4666
4665 4664 4667
4668 4669 4670
4669 4668 4671
4672 4673 4674
4673 4672 4675
4676 4677 4678
4677 4676 4679
4680 4681 4682
4681 4680 4683
4684 4685 4686
4685 4684 4687
4688 4689 4690
4689 4688 4691
4692 4693 4694
4693 4692 4695
4696 4697 4698
4697 4696 4699
4700 4701 4702
4701 4700 4703
4704 4705 4706
4705 4704 4707
4708 4709 4710
4709 4708 4711
4712 4713 4714
4713 4712 4715
4716 4717 4718
4717 4716 4719
4720 4721 4722
4721 4720 4723
4724 4725 4726
4725 4724 4727
4728 4729 4730
4729 4728 4731
4732 4733 4734
4733 4732 4735
4736 4737 4738
4737 4736 4739
4740 4741 4742
4741 4740 4743
4744 4745 4746
4745 4744 4747
4748 4749 4750
4749 4748 4751
4752 4753 4754
4753 4752 4755
4756 4757 4758
4757 4756 4759
4760 4761 4762
4761 4760 4763
4764 4765 4766
4765 4764 4767
4768 4769 4770
4769 4768 4771
4772 4773 4774
4773 4772 4775
4776 4777 4778
4777 4776 4779
4780 4781 4782
4781 4780 4783
