byte offset: 0
first index: 0
index count: 3438
topology: trianglelist
format: DXGI_FORMAT_R16_UINT

0 1 2
1 0 3
1 4 2
4 1 5
0 6 3
6 0 7
7 8 6
8 7 9
10 0 2
4 10 2
0 10 11
10 4 12
7 13 9
13 7 14
0 14 7
14 0 11
15 16 17
16 15 18
19 20 21
20 19 22
22 23 20
23 22 24
24 25 23
25 24 26
27 28 29
28 27 30
31 32 33
31 34 32
34 35 32
35 34 36
37 35 36
35 37 38
39 31 33
31 39 40
41 42 43
42 41 44
45 42 44
45 46 42
47 46 45
46 47 48
47 49 48
49 47 50
51 52 53
52 51 54
55 56 57
56 55 58
56 59 57
59 56 60
60 61 59
61 60 62
63 64 65
64 63 66
67 68 69
70 69 68
68 71 70
71 68 72
72 73 71
73 72 74
75 73 74
73 75 76
77 76 75
76 77 78
79 78 77
78 79 80
81 80 79
80 81 82
83 84 85
86 83 85
87 83 86
83 87 88
89 88 87
88 89 90
89 91 90
91 89 92
92 93 91
93 92 94
94 95 93
95 94 96
96 97 95
97 96 98
99 100 101
100 99 102
103 104 105
104 103 106
107 108 109
108 107 110
111 112 113
112 111 114
115 116 117
116 115 118
119 120 121
120 119 122
123 124 125
124 123 126
127 126 123
126 127 128
129 128 127
128 129 130
131 125 124
125 131 132
133 134 135
134 133 136
137 136 133
136 137 138
139 138 137
138 139 140
141 135 134
135 141 142
143 144 145
145 146 143
147 146 145
147 148 146
149 146 148
146 149 150
150 149 151
150 151 152
148 147 153
150 152 154
150 154 155
155 146 150
156 143 146
143 156 157
146 155 158
158 159 146
159 156 146
159 158 160
161 162 163
162 161 164
165 163 162
163 165 166
165 167 166
167 165 168
168 169 167
169 168 170
171 172 173
172 171 174
174 175 172
175 174 176
177 178 179
180 177 179
177 180 181
177 182 178
182 177 183
177 181 184
184 181 185
185 186 184
187 184 186
188 184 187
189 186 185
190 184 188
190 191 184
191 192 184
192 193 184
194 184 193
195 194 193
184 194 196
177 184 196
177 196 197
197 198 177
177 198 199
200 177 199
177 200 183
201 202 203
202 201 204
205 203 202
203 205 206
207 208 209
208 207 210
211 212 213
212 211 214
215 216 217
216 215 218
219 220 221
220 219 222
223 224 225
223 225 226
227 228 229
228 227 230
231 232 233
232 231 234
235 236 237
238 235 237
239 240 241
240 239 242
243 244 245
244 243 246
243 245 247
248 249 250
249 248 251
250 252 248
252 250 253
254 255 256
255 254 257
258 259 260
259 258 261
262 259 261
259 262 263
260 264 258
264 260 265
266 267 268
267 266 269
268 270 266
270 268 271
270 272 266
273 274 275
274 273 276
276 277 274
277 276 278
275 279 273
279 275 280
281 282 283
282 281 284
285 286 287
288 285 289
289 290 288
291 290 289
292 285 293
292 294 291
294 292 295
294 296 297
298 297 296
299 298 296
300 299 296
301 300 295
301 295 302
303 304 305
306 304 307
308 309 306
310 309 307
309 311 312
311 309 313
313 314 311
312 311 315
316 312 315
312 316 317
317 318 312
318 317 319
305 319 320
320 319 321
306 318 322
318 319 322
322 319 323
315 324 316
316 324 325
315 326 324
327 320 321
328 327 321
329 328 321
328 329 330
329 331 330
329 332 331
332 333 331
332 334 333
334 335 333
336 335 334
335 336 337
336 338 337
338 336 339
340 341 342
341 340 343
344 342 341
342 344 345
346 345 344
345 346 347
348 347 346
347 348 349
350 341 343
341 350 351
351 344 341
352 346 344
344 351 352
346 352 353
353 348 346
348 353 354
355 356 357
355 357 358
359 360 361
360 359 362
359 363 362
363 359 364
364 365 363
365 364 366
360 367 361
367 360 368
369 365 366
365 369 370
370 367 368
367 370 369
371 372 373
374 372 371
375 374 371
372 376 373
373 376 377
376 378 377
379 377 378
377 379 380
381 382 383
382 381 384
382 385 383
385 382 386
387 388 389
388 387 390
391 387 389
387 391 392
393 394 395
394 393 396
397 395 394
395 397 398
399 396 393
396 399 400
401 398 397
398 401 402
403 393 395
393 403 404
404 399 393
405 395 398
395 405 403
399 404 406
407 398 402
398 407 405
408 409 410
409 408 411
409 412 410
412 409 413
413 414 412
414 413 415
416 408 410
412 416 410
408 416 417
414 418 412
416 412 418
418 414 419
420 421 422
421 420 423
421 424 422
424 421 425
425 426 424
426 425 427
428 429 430
429 428 431
432 433 434
433 432 435
432 436 435
436 432 437
438 436 437
438 439 436
438 440 439
440 438 441
442 443 444
443 442 445
446 447 448
447 446 449
450 451 452
451 450 453
450 454 453
454 450 455
456 457 458
457 456 459
457 460 458
460 457 461
462 463 464
463 462 465
466 467 468
467 466 469
470 471 472
471 470 473
471 473 474
473 475 474
474 475 476
473 477 475
477 473 478
479 477 478
477 479 480
474 476 481
482 483 484
483 482 485
486 487 488
487 486 489
487 490 488
490 491 488
491 490 492
493 488 491
488 493 494
493 495 494
495 493 496
492 490 497
498 499 500
499 498 501
501 502 499
502 501 503
503 504 502
504 503 505
500 506 498
506 500 507
508 509 510
509 508 511
510 512 508
512 510 513
514 515 516
515 514 517
515 518 516
518 515 519
520 521 522
521 520 523
524 520 522
520 524 525
526 527 528
527 526 529
527 530 528
530 527 531
532 533 534
533 532 535
536 537 538
537 536 539
540 541 542
541 540 543
544 545 546
545 544 547
548 545 547
548 547 549
550 547 551
550 551 552
553 549 552
553 552 554
555 554 552
554 555 556
557 558 559
560 561 562
560 563 561
563 560 564
565 563 564
563 566 561
566 567 561
566 563 568
569 568 563
570 571 572
571 570 573
574 572 571
575 573 570
573 575 576
577 576 575
578 574 571
579 574 578
574 579 580
581 580 579
580 581 582
583 582 581
582 583 584
583 585 584
585 583 586
587 588 589
590 589 588
590 588 591
588 592 591
593 591 592
593 592 594
591 593 595
591 595 596
587 589 597
589 598 597
598 599 597
600 597 599
601 600 599
601 602 600
602 601 603
602 603 604
592 605 594
606 607 608
608 607 609
608 609 610
610 609 611
612 606 608
613 606 612
606 613 614
614 615 606
615 614 616
614 617 616
618 614 613
614 618 617
617 619 616
617 620 619
620 617 621
621 622 620
622 621 623
624 622 623
622 624 625
626 627 628
627 626 629
626 628 630
631 626 630
631 630 632
632 630 633
627 629 634
634 635 627
635 636 627
627 636 637
628 627 637
636 635 638
639 638 635
638 639 640
635 641 639
635 634 641
642 628 637
643 642 637
643 644 642
639 645 640
646 639 641
634 646 641
639 646 647
647 645 639
648 645 647
645 648 649
640 645 649
650 649 648
649 650 651
652 640 649
649 651 652
651 653 652
642 644 654
644 655 654
656 655 644
655 656 657
658 659 660
659 658 661
660 662 658
662 660 663
663 664 662
665 664 663
665 663 666
666 667 665
666 668 667
668 666 669
668 669 670
669 671 670
672 671 669
671 672 673
674 673 672
673 674 675
676 675 674
676 674 677
678 676 677
678 677 679
679 680 678
680 679 681
681 682 680
682 681 683
684 682 683
682 684 685
686 685 684
685 686 687
688 659 689
659 661 689
690 688 689
690 691 688
692 691 690
691 692 693
694 693 692
693 694 695
694 696 695
696 694 697
697 698 696
698 697 699
700 701 702
701 700 703
703 704 701
704 703 705
706 704 705
704 706 707
708 707 706
707 708 709
710 709 708
709 710 711
700 702 712
702 713 712
714 712 713
712 714 715
716 715 714
716 717 715
717 716 718
719 717 718
717 719 720
719 721 720
721 722 720
722 721 723
722 723 724
725 722 724
726 725 724
725 726 727
728 727 726
727 728 729
728 730 729
730 728 731
731 732 730
732 731 733
733 734 732
734 733 735
736 737 738
737 736 739
740 741 742
742 741 743
741 744 743
744 745 743
745 746 743
745 747 746
748 749 750
748 750 751
751 752 748
753 752 751
751 754 753
753 754 755
756 757 758
757 756 759
760 761 762
761 760 763
764 761 763
761 764 765
765 766 761
766 762 761
766 765 767
762 766 768
769 770 771
772 769 771
773 774 775
774 773 776
777 775 774
778 777 774
777 778 779
780 779 778
779 780 781
782 781 780
781 782 783
784 783 782
783 784 785
775 777 786
787 775 786
775 787 788
787 789 788
789 787 790
791 789 790
789 791 792
793 784 782
784 793 794
795 782 780
782 795 793
778 795 780
795 778 796
774 796 778
796 774 776
789 797 788
797 775 788
775 797 773
797 789 798
792 798 789
798 792 799
800 801 802
801 800 803
803 804 801
803 805 804
806 805 803
805 806 807
806 808 807
808 806 809
804 810 801
805 811 804
812 808 809
808 812 813
812 814 813
812 815 814
812 816 815
816 812 809
806 816 809
816 806 817
806 818 817
818 806 819
820 818 819
820 821 818
822 821 820
821 822 823
824 822 820
824 820 825
820 819 825
822 824 826
800 825 819
825 800 827
800 828 827
828 800 829
830 828 829
831 830 829
800 831 829
830 831 832
830 832 833
830 833 834
828 830 834
831 800 802
835 836 837
835 838 836
838 835 839
839 840 838
840 839 841
840 841 842
843 842 841
842 843 844
844 843 845
835 837 846
847 835 846
846 848 847
848 846 849
849 850 848
850 849 851
852 853 854
855 852 854
852 855 856
857 855 854
857 858 855
858 857 859
859 860 858
860 859 861
853 862 854
863 862 853
862 863 864
863 865 864
865 863 866
865 866 867
866 868 867
865 867 869
870 871 872
871 870 873
874 871 873
871 874 875
876 877 878
877 876 879
880 878 877
878 880 881
882 883 884
883 882 885
884 886 882
886 884 887
888 889 890
889 888 891
892 893 894
893 892 895
896 897 898
897 896 899
900 901 902
901 900 903
904 905 906
904 907 905
908 909 910
909 908 911
912 913 914
913 912 915
916 917 918
919 916 918
920 921 922
921 920 923
924 925 926
925 924 927
925 928 926
929 930 931
930 929 932
933 931 930
931 933 934
935 936 937
936 935 938
939 940 941
940 939 942
939 943 942
943 939 944
945 941 940
941 945 946
947 948 949
948 947 950
951 949 948
949 951 952
951 948 953
954 955 956
955 954 957
958 957 954
957 958 959
960 956 955
956 960 961
962 963 964
963 962 965
966 967 968
969 970 966
970 969 971
972 970 971
973 974 966
975 973 972
973 975 976
975 977 978
979 978 977
980 978 979
981 978 980
982 976 981
982 983 976
984 985 986
987 988 986
989 987 990
991 988 990
990 992 993
992 990 994
993 992 995
992 994 996
994 997 996
994 998 997
999 998 994
998 999 1000
985 1001 1000
1002 1000 999
987 1002 999
1002 1003 1000
996 997 1004
997 1005 1004
996 1004 1006
1007 1000 1001
1008 1007 1001
1009 1007 1008
1009 1010 1007
1010 1009 1011
1010 1011 1012
1010 1012 1013
1013 1012 1014
1013 1014 1015
1015 1014 1016
1016 1017 1015
1017 1016 1018
1019 1017 1018
1017 1019 1020
1021 1022 1023
1021 1023 1024
1025 1026 1027
1025 1028 1026
1028 1029 1026
1028 1030 1029
1030 1028 1031
1032 1025 1027
1032 1027 1033
1034 1032 1033
1035 1036 1037
1036 1035 1038
1039 1036 1038
1036 1039 1040
1041 1040 1039
1040 1041 1042
1043 1044 1045
1044 1043 1046
1047 1048 1049
1048 1047 1050
1051 1048 1050
1048 1051 1052
1053 1052 1051
1053 1051 1054
1055 1053 1054
1053 1055 1056
1057 1058 1059
1058 1057 1060
1061 1062 1063
1062 1061 1064
1065 1066 1067
1066 1065 1068
1069 1070 1071
1070 1072 1071
1069 1073 1070
1073 1069 1074
1075 1073 1074
1073 1075 1076
1072 1077 1071
1078 1069 1071
1078 1079 1069
1079 1078 1080
1081 1082 1083
1084 1081 1083
1081 1084 1085
1082 1086 1083
1082 1087 1086
1088 1083 1086
1083 1088 1089
1088 1090 1089
1090 1088 1091
1082 1092 1087
1093 1094 1095
1094 1093 1096
1097 1098 1099
1098 1097 1100
1101 1102 1103
1102 1101 1104
1105 1104 1101
1104 1105 1106
1107 1106 1105
1106 1107 1108
1109 1103 1102
1103 1109 1110
1111 1112 1113
1112 1111 1114
1115 1113 1112
1113 1115 1116
1117 1118 1119
1118 1117 1120
1121 1122 1123
1122 1121 1124
1125 1126 1127
1126 1125 1128
1129 1130 1131
1132 1133 1134
1133 1132 1135
1135 1136 1133
1136 1135 1137
1136 1137 1138
1134 1139 1132
1140 1132 1139
1139 1141 1140
1141 1139 1142
1142 1143 1141
1143 1142 1144
1144 1145 1143
1145 1144 1146
1147 1145 1146
1145 1147 1148
1149 1150 1151
1149 1152 1150
1153 1151 1150
1153 1154 1151
1154 1155 1151
1154 1156 1155
1156 1154 1157
1154 1158 1157
1152 1159 1150
1159 1152 1160
1160 1152 1161
1162 1160 1161
1163 1162 1161
1162 1163 1164
1163 1165 1164
1156 1166 1155
1166 1167 1155
1168 1169 1170
1170 1171 1168
1171 1170 1172
1173 1171 1172
1170 1174 1172
1174 1175 1172
1176 1173 1172
1175 1176 1172
1175 1177 1176
1178 1176 1177
1176 1178 1179
1180 1179 1178
1179 1180 1181
1180 1182 1181
1182 1180 1183
1169 1184 1170
1169 1185 1184
1186 1185 1187
1169 1187 1185
1188 1189 1190
1189 1188 1191
1191 1192 1189
1191 1188 1193
1194 1192 1191
1194 1195 1192
1195 1194 1196
1188 1197 1193
1197 1198 1193
1196 1194 1199
1200 1190 1189
1201 1200 1189
1202 1201 1189
1192 1202 1189
1201 1202 1203
1203 1204 1201
1204 1203 1205
1205 1206 1204
1204 1206 1207
1208 1206 1205
1206 1209 1207
1209 1206 1208
1208 1210 1209
1210 1208 1211
1208 1212 1211
1212 1208 1205
1201 1204 1213
1200 1201 1213
1213 1214 1200
1214 1204 1207
1204 1214 1213
1212 1215 1211
1216 1217 1218
1217 1219 1218
1218 1219 1220
1220 1219 1221
1221 1219 1222
1221 1222 1223
1224 1225 1226
1224 1227 1225
1227 1224 1228
1229 1227 1228
1227 1229 1230
1229 1231 1230
1232 1233 1234
1233 1232 1235
1236 1237 1238
1239 1236 1238
1240 1241 1242
1241 1240 1243
1240 1244 1243
1244 1240 1245
1242 1246 1240
1246 1245 1240
1246 1242 1247
1245 1246 1248
1249 1250 1251
1249 1251 1252
1253 1254 1198
1254 1253 1255
1198 1254 1256
1193 1198 1256
1257 1258 1259
1258 1257 1260
1261 1262 1263
1264 1263 1262
1265 1266 1267
1266 1265 1268
1268 1265 1269
1266 1270 1267
1271 1270 1266
1269 1272 1268
1269 1273 1272
1273 1274 1272
1274 1273 1275
1276 1271 1266
1277 1271 1276
1271 1277 1278
1279 1278 1277
1278 1279 1280
1275 1281 1274
1282 1283 1284
1285 1283 1282
1286 1285 1282
1285 1286 1287
1288 1287 1286
1287 1288 1289
1284 1290 1282
1283 1291 1284
1283 1292 1291
1292 1293 1291
1293 1292 1294
1295 1293 1294
1293 1295 1296
1295 1297 1296
1298 1297 1295
1296 1297 1299
1300 1301 1302
1301 1300 1303
1302 1304 1300
1304 1302 1305
1305 1306 1304
1306 1305 1307
1307 1308 1306
1308 1307 1309
1310 1301 1303
1301 1310 1311
1310 1312 1311
1312 1310 1313
1314 1312 1313
1312 1314 1315
1314 1316 1315
1316 1314 1317
1308 1318 1306
1318 1308 1319
1320 1306 1318
1306 1320 1304
1321 1314 1313
1310 1321 1313
1314 1321 1322
1322 1317 1314
1317 1322 1323
1320 1300 1304
1300 1320 1324
1324 1303 1300
1303 1324 1325
1326 1303 1325
1303 1326 1310
1321 1310 1326
1327 1328 1329
1328 1330 1329
1331 1332 1333
1334 1333 1332
1335 1336 1337
1336 1335 1338
1339 1340 1341
1340 1339 1342
1343 1339 1341
1339 1343 1344
1345 1346 1347
1348 1347 1346
1347 1348 1349
1350 1351 1352
1353 1350 1352
1350 1353 1354
1350 1354 1351
1355 1356 1357
1356 1355 1358
1356 1359 1357
1359 1356 1360
1361 1362 1363
1362 1361 1364
1365 1363 1362
1366 1367 1196
1367 1366 1368
1366 1196 1199
1369 1370 1371
1370 1369 1372
1373 1369 1371
1369 1373 1374
1375 1376 1377
1376 1375 1378
1376 1378 1379
1380 1381 1382
1381 1380 1383
1384 1385 1386
1385 1384 1387
1385 1388 1386
1388 1385 1389
1390 1391 1392
1390 1393 1391
1393 1390 1394
1395 1396 632
1396 1395 1397
1395 632 633
1398 1399 1400
1399 1398 1401
1402 1403 1404
1403 1402 1405
1406 1407 1408
1407 1406 1409
1410 1406 1408
1406 1410 1411
1412 1413 1414
1413 1412 1415
1412 1416 1415
1416 1412 1417
1418 1419 1420
1419 1418 1421
1422 1423 1424
1425 1423 1422
