byte offset: 0
first index: 0
index count: 14364
topology: trianglelist
format: DXGI_FORMAT_R16_UINT

0 1 2
1 0 3
1 4 2
4 1 5
6 4 5
4 6 7
8 7 6
7 8 9
10 9 8
9 10 11
12 11 10
11 12 13
14 13 12
13 14 15
16 15 14
15 16 17
18 17 16
17 18 19
20 19 18
19 20 21
22 21 20
23 24 25
24 23 26
25 27 23
27 25 28
28 29 27
29 28 30
30 31 29
31 30 32
32 33 31
33 32 34
34 35 33
35 34 36
36 37 35
37 36 38
38 39 37
39 38 40
40 41 39
41 40 42
42 43 41
43 42 44
45 43 44
46 47 48
47 46 49
50 46 48
46 50 51
50 52 51
52 50 53
54 53 55
55 56 54
56 55 57
57 58 56
58 57 59
59 60 58
60 59 61
61 62 60
62 61 63
64 62 63
62 64 65
64 66 65
66 64 67
53 54 68
69 66 67
66 69 70
71 72 73
71 74 72
75 71 73
75 73 76
77 75 76
77 76 78
77 78 79
74 80 72
79 78 81
82 79 81
82 81 83
84 82 83
84 83 85
84 85 86
86 85 87
88 86 87
88 87 89
90 80 74
91 88 89
88 91 92
91 93 92
93 91 94
94 95 93
95 94 96
96 97 95
97 96 98
99 97 98
97 99 100
101 100 99
100 101 102
103 102 101
102 103 104
105 104 103
104 105 106
107 106 105
106 107 108
109 108 107
108 109 110
111 110 109
110 111 112
113 112 111
112 113 114
113 115 114
115 113 116
117 118 119
118 117 120
121 120 117
120 121 122
121 123 122
123 121 124
118 125 119
125 118 126
126 127 125
127 126 128
129 123 124
123 129 130
121 131 124
117 131 121
119 131 117
125 131 119
127 131 125
124 131 129
131 132 129
132 131 127
130 129 132
132 127 133
127 128 133
134 132 133
132 134 135
136 135 134
135 136 137
136 138 137
138 136 139
140 138 139
138 140 141
142 141 140
141 142 143
143 142 144
143 144 145
145 144 146
145 146 147
147 146 148
147 148 149
150 149 148
150 151 149
151 150 152
151 152 153
153 152 154
153 154 155
155 154 156
155 156 157
157 156 158
157 158 159
159 158 160
159 160 161
160 162 161
163 161 162
161 163 164
165 164 163
164 165 166
167 166 165
166 167 168
169 168 167
168 169 170
171 170 169
170 171 172
173 172 171
172 173 174
175 174 173
174 175 176
177 176 175
176 177 178
179 178 177
178 179 180
181 180 179
180 181 182
183 182 181
182 183 184
185 184 183
184 185 186
187 186 185
186 187 188
187 189 188
189 187 190
190 191 189
191 190 192
192 193 191
193 192 194
194 195 193
195 194 196
197 195 196
198 199 200
198 200 201
198 201 202
90 198 202
90 202 203
90 203 80
204 205 206
205 204 207
206 208 204
208 206 209
207 210 205
210 207 211
209 212 208
212 209 213
213 214 212
214 213 215
215 216 214
211 217 210
217 211 218
219 217 218
217 219 220
221 220 219
220 221 222
223 222 221
222 223 224
225 224 223
224 225 226
227 226 225
228 227 225
228 229 227
228 230 229
228 231 230
231 232 230
233 234 235
234 233 236
234 237 235
237 234 238
238 239 237
239 238 240
240 241 239
241 240 242
242 243 241
243 242 244
245 243 244
243 245 246
247 246 245
246 247 248
249 248 247
248 249 250
249 251 250
251 249 252
251 252 139
253 254 255
256 253 255
256 257 253
257 256 258
258 259 257
259 258 260
261 259 260
259 261 262
263 262 261
262 263 264
263 265 264
265 266 264
266 265 267
267 268 266
268 267 269
269 270 268
270 269 271
271 272 270
272 271 273
273 274 272
254 275 276
275 277 276
277 275 278
279 277 278
277 279 280
280 279 281
254 276 255
282 283 284
285 286 287
286 285 288
288 289 286
289 288 290
291 289 290
287 292 285
292 287 293
293 294 292
294 293 295
3 294 295
294 3 0
291 290 296
297 291 296
298 299 300
299 298 301
302 303 304
302 304 305
306 307 308
309 310 311
312 313 314
315 316 317
315 317 318
319 316 315
319 320 316
321 320 319
321 322 320
321 323 322
318 317 324
323 325 322
326 325 323
326 327 325
328 327 326
328 329 327
328 330 329
330 331 329
332 331 330
333 318 324
333 324 334
333 334 335
333 335 336
336 335 337
336 337 338
336 338 339
332 340 341
342 332 343
332 342 344
345 343 47
343 345 346
347 348 349
348 347 350
350 351 348
351 350 352
353 351 352
351 353 354
349 355 347
355 349 356
357 355 356
355 357 358
359 354 353
354 359 360
351 354 361
348 351 361
349 348 361
356 349 361
357 356 361
354 360 361
361 360 362
362 357 361
359 362 360
362 363 357
357 363 358
362 364 363
364 362 365
366 364 365
364 366 367
368 367 366
367 368 369
370 369 368
369 370 371
372 371 370
371 372 373
372 374 373
372 375 374
375 376 374
375 377 376
377 378 376
377 379 378
380 378 379
380 379 381
381 382 380
381 383 382
383 384 382
383 385 384
385 386 384
385 387 386
387 388 386
387 389 388
389 390 388
390 391 392
393 392 391
392 393 394
395 396 390
397 394 398
394 397 399
399 400 401
400 399 402
403 401 400
401 403 404
405 404 403
404 405 406
407 408 406
408 407 409
409 410 408
410 409 411
411 412 410
412 411 413
413 414 412
414 413 415
415 416 414
416 415 417
417 418 416
418 417 419
419 420 418
420 419 421
421 422 420
422 421 423
424 422 423
422 424 425
426 425 424
425 426 427
428 427 426
427 428 429
430 429 428
429 430 431
432 431 430
433 434 435
434 433 436
437 435 434
435 437 438
439 436 433
436 439 440
441 438 437
438 441 442
443 442 441
442 443 444
444 443 445
446 440 439
440 446 447
448 447 446
447 448 449
448 450 449
450 448 451
451 452 450
452 451 453
453 454 452
454 453 455
456 454 455
457 454 456
457 456 458
457 458 459
457 459 460
460 459 461
462 463 464
463 462 465
465 466 463
466 465 467
467 468 466
468 467 469
469 470 468
470 469 471
471 472 470
472 471 473
473 474 472
474 473 475
475 476 474
476 475 477
477 478 476
478 477 479
480 478 479
478 480 481
480 482 481
483 484 485
486 484 483
487 486 483
486 487 488
489 488 487
488 489 490
489 491 490
491 489 492
492 493 491
493 492 494
493 494 495
496 495 494
495 496 497
498 497 496
497 498 499
500 499 498
499 500 501
502 501 500
501 502 503
503 502 504
485 505 506
507 506 505
506 507 508
507 509 508
509 507 510
510 511 509
510 512 511
512 510 513
514 513 510
513 514 515
516 515 514
515 516 517
516 26 517
26 516 24
485 484 505
518 519 520
521 522 523
522 521 524
525 523 522
525 526 523
527 526 525
528 529 530
529 528 531
531 532 529
529 532 533
533 532 534
535 536 537
538 539 540
541 542 543
544 543 542
541 543 545
546 545 543
546 543 547
544 547 543
546 547 548
547 544 549
547 550 548
547 549 550
548 550 551
550 549 552
550 553 551
550 552 553
551 553 554
553 552 555
553 556 554
553 555 556
554 556 557
556 555 558
556 559 557
556 558 559
560 557 559
557 560 561
562 561 560
559 563 560
563 559 558
564 560 563
562 565 566
567 566 565
566 567 568
569 568 567
568 569 570
569 571 570
571 569 572
572 573 571
573 572 574
574 575 573
575 574 576
576 577 575
577 576 578
578 579 577
579 578 580
581 579 580
579 581 582
583 582 581
582 583 584
585 584 583
584 585 586
587 586 585
586 587 588
589 588 587
588 589 590
589 591 590
591 589 592
592 593 591
593 592 594
594 562 593
562 594 595
565 562 595
596 597 598
597 596 599
600 598 597
598 600 601
602 601 600
601 602 603
604 603 602
603 604 605
606 605 604
605 606 607
606 608 607
608 606 609
609 610 608
610 609 611
612 610 611
613 612 611
614 615 616
615 614 617
616 618 614
618 616 619
619 620 618
620 619 621
622 620 621
620 622 623
624 623 622
623 624 625
625 624 626
617 627 615
627 617 628
625 626 629
629 626 630
629 630 631
632 633 634
633 632 635
635 636 633
636 635 637
637 638 636
638 637 639
639 640 638
640 639 641
641 642 640
642 641 643
644 642 643
642 644 645
646 645 644
645 646 647
647 646 648
649 647 648
650 651 652
651 650 653
654 652 651
652 654 655
656 655 654
655 656 657
658 657 656
657 658 659
658 660 659
660 658 661
661 662 660
662 661 663
664 653 650
653 664 665
663 666 662
663 667 666
668 669 670
670 671 668
671 670 672
672 673 671
670 674 675
674 676 675
677 678 679
680 677 679
681 682 683
682 684 683
685 686 687
686 688 687
689 690 691
690 692 691
693 694 695
694 693 696
697 693 695
693 697 698
697 699 698
699 697 700
700 701 699
701 700 702
702 703 701
703 702 704
704 705 703
705 704 706
706 707 705
707 706 708
708 709 707
709 708 710
710 711 709
711 710 712
712 713 711
713 712 714
715 713 714
716 717 718
717 716 719
720 718 717
718 720 721
722 721 720
721 722 723
724 723 722
723 724 725
726 725 724
725 726 727
728 727 726
727 728 729
730 729 728
729 730 731
732 731 730
731 732 733
734 733 732
733 734 735
736 735 734
735 736 737
738 737 736
739 740 741
740 739 742
739 743 742
743 739 744
745 743 744
743 745 746
746 747 748
749 748 747
748 749 750
751 750 749
750 751 752
753 752 751
752 753 754
755 754 753
754 755 756
755 757 756
757 755 758
759 757 758
757 759 760
747 746 761
759 762 760
762 759 763
764 765 766
764 766 767
768 765 764
768 769 765
770 769 768
770 771 769
770 772 771
767 766 773
772 774 771
775 774 772
775 776 774
777 776 775
777 778 776
777 779 778
779 780 778
781 780 779
781 782 780
783 767 773
781 784 782
784 781 785
786 784 785
784 786 787
788 787 786
787 788 789
790 789 788
789 790 791
790 792 791
792 790 793
793 794 792
794 793 795
795 796 794
796 795 797
797 798 796
798 797 799
799 800 798
800 799 801
801 802 800
802 801 803
803 804 802
804 803 805
805 806 804
806 805 807
808 806 807
806 808 809
810 811 812
811 810 813
813 814 811
814 813 815
816 814 815
814 816 817
818 810 812
810 818 819
820 819 818
819 820 821
816 822 817
822 816 823
814 817 824
811 814 824
812 811 824
818 812 824
820 818 824
817 822 824
824 822 825
825 820 824
823 825 822
825 826 820
820 826 821
825 827 826
827 825 828
828 829 827
829 828 830
831 829 830
829 831 832
831 833 832
833 831 834
834 835 833
835 834 836
836 837 835
836 838 837
838 839 837
838 840 839
840 841 839
840 842 841
843 841 842
843 842 844
844 845 843
844 846 845
846 847 845
846 848 847
848 849 847
848 850 849
850 851 849
850 852 851
852 853 851
852 854 853
853 854 855
854 856 855
856 854 857
857 858 856
858 857 859
859 860 858
860 859 861
861 862 860
862 861 863
863 864 862
864 863 865
865 866 864
866 865 867
867 868 866
868 867 869
869 870 868
870 869 871
871 872 870
872 871 873
873 874 872
874 873 875
875 876 874
876 875 877
877 878 876
878 877 879
879 880 878
880 879 881
882 880 881
880 882 883
884 883 882
883 884 885
886 885 884
885 886 887
888 887 886
887 888 889
890 889 888
891 892 893
891 894 892
891 895 894
783 895 891
783 896 895
783 773 896
897 898 899
898 897 900
901 899 898
899 901 902
903 900 897
900 903 904
905 902 901
902 905 906
907 906 905
906 907 908
908 907 909
910 904 903
904 910 911
910 912 911
912 910 913
913 914 912
914 913 915
915 916 914
916 915 917
917 918 916
918 917 919
920 918 919
921 918 920
921 920 922
921 922 923
921 923 924
924 923 925
926 927 928
927 926 929
930 927 929
927 930 931
932 931 930
931 932 933
934 933 932
933 934 935
936 935 934
935 936 937
936 938 937
938 936 939
939 940 938
940 939 941
941 942 940
942 941 943
944 942 943
942 944 945
944 832 945
946 947 948
949 947 946
950 949 946
949 950 951
952 951 950
951 952 953
952 954 953
954 952 955
955 956 954
956 955 957
956 957 958
959 958 957
958 959 960
961 960 959
960 961 962
963 962 961
962 963 964
965 964 963
964 965 966
966 965 967
948 968 969
970 969 968
969 970 971
970 972 971
972 970 973
973 974 972
948 947 968
975 976 977
978 979 980
979 978 981
982 980 979
980 982 983
984 983 982
985 981 978
981 985 986
987 986 985
986 987 988
987 696 988
696 987 694
984 989 983
990 989 984
991 992 993
992 991 994
995 996 997
995 998 996
999 1000 1001
1002 1003 1004
1005 1006 1007
1008 1009 1010
1008 1011 1009
1012 1008 1010
1012 1010 1013
1014 1012 1013
1014 1013 1015
1014 1015 1016
1011 1017 1009
1016 1015 1018
1019 1016 1018
1019 1018 1020
1021 1019 1020
1021 1020 1022
1021 1022 1023
1023 1022 1024
1025 1023 1024
1026 1017 1011
1026 1027 1017
1026 1028 1027
1026 1029 1028
1029 1030 1028
1029 1031 1030
1029 1032 1031
1025 1033 1034
1035 1025 1036
1025 1035 1037
1037 1038 740
1038 1037 1039
1040 1041 1042
1041 1040 1043
1044 1043 1040
1043 1044 1045
1044 1046 1045
1046 1044 1047
1048 1042 1041
1042 1048 1049
1048 1050 1049
1050 1048 1051
1047 1052 1046
1052 1047 1053
1044 1054 1047
1040 1054 1044
1042 1054 1040
1049 1054 1042
1050 1054 1049
1047 1054 1053
1054 1055 1053
1055 1054 1050
1052 1053 1055
1055 1050 1056
1050 1051 1056
1057 1055 1056
1055 1057 1058
1057 1059 1058
1059 1057 1060
1060 1061 1059
1061 1060 1062
1062 1063 1061
1063 1062 1064
1064 1065 1063
1065 1064 1066
1065 1066 1067
1065 1067 1068
1068 1067 1069
1068 1069 1070
1070 1069 1071
1070 1071 1072
1073 1072 1071
1073 1074 1072
1074 1073 1075
1074 1075 1076
1076 1075 1077
1076 1077 1078
1078 1077 1079
1078 1079 1080
1080 1079 1081
1080 1081 1082
1082 1081 1083
1083 1084 1085
1084 1086 1085
1086 1084 1087
1088 1083 1089
1090 1087 1091
1087 1090 1092
1091 1093 1094
1093 1091 1095
1095 1096 1093
1096 1095 1097
1097 1098 1096
1098 1097 1099
1100 1101 1099
1101 1100 1102
1103 1102 1100
1102 1103 1104
1105 1104 1103
1104 1105 1106
1107 1106 1105
1106 1107 1108
1109 1108 1107
1108 1109 1110
1111 1110 1109
1110 1111 1112
1113 1112 1111
1112 1113 1114
1115 1114 1113
1114 1115 1116
1115 1117 1116
1117 1115 1118
1118 1119 1117
1119 1118 1120
1120 1121 1119
1121 1120 1122
1122 1123 1121
1123 1122 1124
1125 1123 1124
1126 1127 1128
1127 1126 1129
1128 1130 1126
1130 1128 1131
1129 1132 1127
1132 1129 1133
1131 1134 1130
1134 1131 1135
1135 1136 1134
1136 1135 1137
1137 1138 1136
1133 1139 1132
1139 1133 1140
1140 1141 1139
1141 1140 1142
1143 1141 1142
1141 1143 1144
1145 1144 1143
1144 1145 1146
1147 1146 1145
1146 1147 1148
1149 1148 1147
1150 1149 1147
1150 1151 1149
1150 1152 1151
1150 1153 1152
1153 1154 1152
1155 1156 1157
1156 1155 1158
1159 1157 1156
1157 1159 1160
1161 1160 1159
1160 1161 1162
1163 1162 1161
1162 1163 1164
1165 1164 1163
1164 1165 1166
1167 1166 1165
1166 1167 1168
1169 1168 1167
1168 1169 1170
1171 1170 1169
1170 1171 1172
1171 1173 1172
1173 1171 1174
1173 1174 1175
1176 1177 1178
1179 1176 1178
1179 1180 1176
1180 1179 1181
1181 1182 1180
1182 1181 1183
1184 1182 1183
1182 1184 1185
1186 1185 1184
1185 1186 1187
1186 1188 1187
1188 1189 1187
1189 1188 1190
1190 1191 1189
1191 1190 1192
1192 1193 1191
1193 1192 1194
1194 1195 1193
1195 1194 1196
1196 1197 1195
1177 1198 1199
1198 1200 1199
1200 1198 1201
1202 1200 1201
1200 1202 1203
1203 1202 1204
1205 1203 1204
1203 1205 1206
1206 1207 1203
1207 1206 1208
1208 1209 1207
1209 1208 1210
719 1209 1210
1209 719 716
1177 1199 1178
1211 1212 1213
1214 1215 1216
1215 1214 1217
1218 1215 1217
1218 1217 1219
1220 1218 1219
1221 1222 1223
1222 1221 1224
1224 1221 1225
1221 1226 1225
1226 1227 1225
1228 1229 1230
1231 1232 1233
1234 1235 1236
1237 1236 1235
1234 1238 1235
1239 1235 1238
1239 1240 1235
1237 1235 1240
1239 1241 1240
1240 1242 1237
1240 1241 1243
1240 1243 1242
1241 1244 1243
1243 1245 1242
1243 1244 1246
1243 1246 1245
1244 1247 1246
1246 1248 1245
1246 1247 1249
1246 1249 1248
1247 1250 1249
1249 1251 1248
1249 1250 1252
1249 1252 1251
1250 1253 1252
1253 1250 1254
1255 1253 1254
1256 1252 1253
1252 1256 1251
1257 1256 1253
1258 1255 1259
1259 1260 1258
1260 1259 1261
1261 1262 1260
1262 1261 1263
1264 1262 1263
1262 1264 1265
1266 1265 1264
1265 1266 1267
1268 1267 1266
1267 1268 1269
1270 1269 1268
1269 1270 1271
1272 1271 1270
1271 1272 1273
1272 1274 1273
1274 1272 1275
1275 1276 1274
1276 1275 1277
1277 1278 1276
1278 1277 1279
1279 1280 1278
1280 1279 1281
1281 1282 1280
1282 1281 1283
1284 1282 1283
1282 1284 1285
1286 1285 1284
1285 1286 1287
1255 1287 1286
1287 1255 1288
1255 1258 1288
1289 1290 1291
1290 1289 1292
1292 1293 1290
1293 1292 1294
1294 1295 1293
1295 1294 1296
1296 1297 1295
1297 1296 1298
1298 1299 1297
1299 1298 1300
1301 1299 1300
1299 1301 1302
1303 1302 1301
1302 1303 1304
1305 1304 1303
1306 1304 1305
1307 1308 1309
1308 1307 1310
1311 1309 1308
1309 1311 1312
1313 1312 1311
1312 1313 1314
1313 1315 1314
1315 1313 1316
1316 1317 1315
1317 1316 1318
1318 1319 1317
1320 1310 1307
1310 1320 1321
1318 1322 1319
1322 1323 1319
1322 1324 1323
1325 1326 1327
1326 1325 1328
1329 1327 1326
1327 1329 1330
1331 1330 1329
1330 1331 1332
1333 1332 1331
1332 1333 1334
1335 1334 1333
1334 1335 1336
1335 1337 1336
1337 1335 1338
1338 1339 1337
1339 1338 1340
1340 1341 1339
1342 1341 1340
1343 1344 1345
1344 1343 1346
1345 1347 1343
1347 1345 1348
1348 1349 1347
1349 1348 1350
1350 1351 1349
1351 1350 1352
1353 1351 1352
1351 1353 1354
1355 1354 1353
1354 1355 1356
1346 1357 1344
1357 1346 1358
1356 1355 1359
1356 1359 1360
1361 1362 1363
1364 1362 1361
1362 1364 1365
1365 1364 1366
1362 1367 1368
1368 1367 1369
1370 1371 1372
1373 1371 1370
1374 1375 1376
1376 1375 1377
1378 1379 1380
1380 1379 1381
1382 1383 1384
1384 1383 1385
1386 1387 1388
1387 1386 1389
1389 1390 1387
1391 1390 1389
1392 1390 1391
1393 1390 1392
1387 1390 1394
1387 1394 1395
1388 1387 1395
1394 1396 1395
1394 1390 1397
1394 1397 1398
1396 1394 1398
1397 1399 1398
1397 1390 1400
1397 1400 1401
1397 1401 1399
1402 1390 1393
1400 1403 1401
1404 1400 1390
1404 1405 1400
1400 1405 1403
1406 1404 1390
1406 1407 1404
1404 1407 1408
1404 1408 1405
1409 1406 1390
1409 1410 1406
1406 1410 1411
1411 1407 1406
1412 1409 1390
1413 1412 1390
1414 1413 1390
1415 1414 1390
1402 1415 1390
1409 1412 1416
1416 1417 1409
1417 1410 1409
1418 1419 1420
1419 1418 1421
1418 1422 1421
1422 1418 1423
1424 1420 1419
1420 1424 1425
1425 1424 1426
1425 1426 1427
1428 1427 1426
1428 1429 1427
1429 1428 1430
1430 1431 1429
1432 1431 1430
1431 1432 1433
1434 1433 1432
1433 1434 1435
1435 1434 1436
1437 1435 1436
1438 1437 1436
1438 1439 1437
1438 1440 1439
1440 1438 1441
1441 1442 1440
1442 1441 1443
1442 1443 1444
1445 1446 1447
1445 1447 1448
1447 1449 1448
1449 1447 1450
1450 1451 1449
1451 1450 1452
1453 1451 1452
1451 1453 1454
1455 1454 1453
1454 1455 1456
1457 1456 1455
1456 1457 1458
1459 1458 1457
1458 1459 1460
1461 1460 1459
1460 1461 1462
1461 1463 1462
1464 1465 1466
1465 1464 1467
1464 1466 1468
1466 1469 1468
1468 1469 1470
1468 1470 1471
1469 1472 1470
1464 1473 1467
1468 1471 1474
1468 1474 1475
1464 1468 1475
1476 1464 1475
1473 1464 1476
1475 1477 1476
1478 1477 1475
1479 1477 1478
1478 1480 1479
1480 1478 1481
1481 1482 1480
1481 1483 1482
1483 1484 1482
1484 1483 1485
1485 1486 1484
1486 1487 1484
1486 1488 1487
1488 1486 1489
1489 1490 1488
1489 1491 1490
1491 1492 1490
1491 1493 1492
1493 1494 1492
1494 1495 1492
1495 1496 1492
1496 1497 1492
1498 1489 1486
1499 1498 1486
1499 1486 1500
1501 1500 1486
1492 1497 1502
1492 1502 1503
1500 1504 1499
1492 1503 1505
1505 1506 1492
1485 1501 1486
1507 1508 1509
1508 1507 1510
1511 1509 1508
1509 1511 1512
1513 1512 1511
1512 1513 1514
1514 1513 1515
1516 1510 1507
1510 1516 1517
1518 1517 1516
1517 1518 1519
1520 1519 1518
1519 1520 1521
1522 1521 1520
1521 1522 1523
1524 1523 1522
1525 1526 1527
1526 1525 1528
1527 1529 1525
1529 1527 1530
1528 1531 1526
1531 1528 1532
1532 1533 1531
1533 1532 1534
1534 1535 1533
1535 1534 1536
1536 1537 1535
1537 1536 1538
1538 1539 1537
1539 1538 1540
1540 1541 1539
1542 1543 1544
1543 1542 1545
1545 1546 1543
1546 1545 1547
1544 1548 1542
1548 1544 1549
1549 1550 1548
1550 1549 1551
1551 1552 1550
1552 1551 1553
1553 1554 1552
1554 1553 1555
1555 1556 1554
1556 1555 1557
1557 1558 1556
1559 1560 1561
1562 1563 1564
1565 1566 1567
1568 1569 1570
1569 1568 1571
1570 1572 1568
1572 1570 1573
1574 1572 1573
1572 1574 1575
1576 1577 1578
1579 1577 1576
1578 1577 1580
1578 1580 1581
1580 1582 1581
1582 1580 1583
1582 1583 1584
1583 1585 1584
1585 1586 1584
1586 1585 1587
1588 1586 1587
1589 1588 1587
1580 1590 1583
1590 1591 1583
1592 1591 1590
1592 1593 1591
1590 1594 1592
1594 1595 1592
1595 1594 1596
1590 1597 1594
1597 1596 1594
1597 1590 1598
1599 1598 1590
1598 1599 1600
1596 1597 1601
1600 1602 1598
1597 1598 1602
1602 1603 1597
1603 1601 1597
1604 1602 1600
1603 1602 1604
1601 1605 1596
1606 1596 1605
1595 1596 1606
1601 1607 1605
1608 1607 1601
1603 1608 1601
1609 1608 1603
1610 1609 1603
1608 1609 1611
1608 1612 1607
1612 1608 1611
1612 1613 1607
1613 1614 1607
1615 1614 1613
1613 1616 1615
1613 1617 1616
1618 1616 1617
1617 1613 1619
1612 1619 1613
1617 1620 1618
1619 1612 1621
1621 1612 1611
1622 1611 1609
1622 1609 1610
1623 1622 1610
1622 1624 1611
1624 1621 1611
1624 1625 1621
1625 1624 1626
1627 1625 1626
1628 1625 1627
1629 1628 1627
1628 1629 1630
1631 1630 1629
1630 1631 1632
1632 1633 1630
1633 1632 1634
1634 1635 1633
1635 1634 1636
1636 1637 1635
1637 1636 1638
1637 1638 1639
1640 1635 1637
1640 1637 1641
1641 1637 1639
1642 1641 1639
1641 1642 1643
1644 1643 1642
1643 1644 1645
1646 1645 1644
1645 1647 1643
1648 1641 1643
1648 1643 1649
1650 1649 1645
1641 1648 1651
1651 1640 1641
1640 1651 1652
1653 1646 1644
1654 1646 1653
1653 1655 1654
1654 1655 1656
1657 1646 1654
1646 1657 1645
1654 1658 1650
1654 1656 1659
1660 1654 1659
1661 1660 1659
1662 1660 1661
1660 1663 1654
1658 1660 1664
1664 1662 1665
1662 1666 1660
1667 1662 1661
1667 1661 1668
1668 1661 1669
1670 1668 1669
1671 1670 1669
1670 1671 1672
1673 1670 1672
1674 1670 1673
1675 1670 1674
1668 1675 1667
1675 1668 1670
1662 1667 1595
1606 1662 1595
1592 1667 1675
1667 1592 1595
1592 1675 1593
1671 1669 1676
1676 1669 1677
1678 1674 1673
1678 1673 1672
1678 1672 1679
1678 1679 1680
1681 1680 1679
1681 1679 1682
1682 1683 1681
1682 1684 1683
1685 1686 1682
1686 1685 1687
1688 1686 1687
1687 1689 1688
1690 1686 1688
1690 1691 1686
1691 1690 1692
1692 1693 1691
1693 1692 1694
1693 1694 1695
1696 1693 1695
1696 1697 1693
1696 1698 1697
1698 1696 1699
1699 1700 1698
1698 1700 1701
1700 1702 1701
1702 1703 1701
1704 1599 1580
1704 1705 1599
1706 1705 1704
1590 1580 1599
1705 1600 1599
1707 1600 1708
1707 1708 1709
1600 1707 1604
1710 1709 1708
1708 1711 1710
1712 1710 1711
1711 1713 1712
1713 1714 1712
1712 1714 1715
1715 1716 1712
1717 1716 1715
1715 1718 1717
1718 1719 1717
1720 1717 1719
1719 1721 1720
1722 1720 1721
1723 1720 1722
1724 1720 1723
1724 1723 1725
1726 1725 1723
1726 1723 1727
1725 1726 1728
1723 1729 1727
1727 1729 1730
1730 1731 1727
1732 1731 1730
1732 1730 1733
1734 1732 1733
1733 1735 1734
1735 1733 1736
1733 1737 1736
1723 1738 1729
1728 1739 1725
1739 1728 1740
1739 1741 1725
1724 1725 1741
1742 1739 1740
1740 1743 1742
1744 1742 1743
1744 1743 1745
1744 1745 1746
1746 1747 1744
1748 1742 1744
1747 1748 1744
1748 1747 1749
1739 1750 1741
1739 1742 1751
1739 1751 1752
1753 1751 1742
1742 1748 1753
1749 1753 1748
1754 1751 1753
1754 1752 1751
1752 1754 1755
1755 1756 1752
1752 1756 1757
1756 1750 1757
1753 1749 1758
1758 1749 1759
1759 1749 1747
1747 1760 1759
1760 1747 1746
1746 1761 1760
1746 1762 1761
1739 1752 1757
1750 1739 1757
1758 1763 1753
1753 1763 1764
1763 1758 1765
1766 1765 1758
1766 1758 1759
1767 1763 1765
1767 1764 1763
1768 1767 1765
1769 1768 1765
1766 1769 1765
1768 1769 1770
1771 1768 1770
1768 1771 1772
1773 1772 1771
1773 1774 1772
1773 1775 1774
1773 1776 1775
1777 1775 1776
1778 1771 1770
1769 1778 1770
1771 1778 1779
1773 1771 1779
1773 1780 1776
1781 1776 1780
1773 1782 1780
1773 1779 1782
1778 1769 1783
1778 1783 1784
1784 1783 1785
1785 1783 1786
1766 1786 1783
1784 1785 1787
1788 1787 1785
1786 1788 1785
1788 1786 1789
1786 1759 1789
1766 1759 1786
1766 1783 1769
1759 1790 1789
1790 1759 1760
1791 1789 1790
1789 1791 1788
1792 1788 1791
1791 1793 1792
1790 1793 1791
1793 1794 1792
1795 1792 1794
1793 1796 1794
1793 1797 1796
1797 1793 1790
1760 1797 1790
1792 1795 1798
1798 1795 1799
1799 1800 1798
1800 1799 1801
1801 1802 1800
1801 1803 1802
1802 1803 1804
1803 1805 1804
1805 1803 1806
1807 1805 1806
1807 1808 1805
1809 1808 1807
1810 1808 1809
1808 1810 1811
1808 1811 1812
1802 1804 1813
1814 1800 1802
1814 1815 1800
1798 1800 1815
1814 1802 1816
1798 1815 1817
1817 1818 1798
1819 1818 1817
1820 1818 1819
1798 1818 1820
1821 1820 1819
1798 1820 1822
1820 1821 1823
1823 1822 1820
1823 1788 1822
1788 1792 1822
1798 1822 1792
1802 1824 1816
1824 1825 1816
1826 1816 1825
1816 1826 1827
1828 1827 1826
1829 1827 1828
1830 1829 1828
1802 1813 1824
1827 1829 1831
1829 1832 1831
1832 1829 1833
1834 1832 1833
1835 1832 1834
1832 1835 1836
1837 1836 1835
1836 1837 1838
1839 1838 1837
1839 1837 1840
1840 1841 1839
1841 1840 1842
1840 1843 1842
1843 1840 1844
1844 1845 1843
1845 1846 1843
1846 1842 1843
1846 1845 1847
1848 1846 1847
1847 1849 1848
1849 1847 1850
1845 1850 1847
1850 1845 1851
1845 1852 1851
1853 1852 1845
1845 1844 1853
1854 1853 1844
1855 1852 1853
1853 1856 1855
1855 1857 1852
1852 1857 1858
1858 1857 1859
1859 1860 1858
1861 1860 1859
1862 1860 1861
1850 1851 1863
1850 1864 1849
1865 1849 1864
1866 1849 1865
1864 1867 1865
1864 1868 1867
1868 1869 1867
1870 1869 1868
1871 1869 1870
1870 1872 1871
1873 1872 1870
1874 1873 1870
1875 1874 1870
1868 1875 1870
1875 1868 1864
1865 1867 1876
1867 1877 1876
1876 1877 1878
1876 1878 1879
1865 1876 1880
1849 1866 1848
1866 1881 1848
1882 1848 1881
1846 1848 1882
1883 1846 1882
1842 1846 1883
1882 1881 1884
1885 1882 1884
1883 1882 1885
1885 1886 1883
1887 1883 1886
1886 1885 1888
1885 1884 1889
1889 1888 1885
1889 1884 1890
1890 1884 1891
1892 1890 1891
1890 1892 1893
1894 1890 1893
1895 1894 1893
1890 1894 1896
1889 1890 1896
1894 1895 1897
1896 1898 1889
1898 1888 1889
1899 1886 1888
1899 1887 1886
1900 1887 1899
1899 1888 1901
1901 1888 1898
1901 1898 1902
1902 1903 1901
1904 1903 1902
1902 1905 1904
1905 1906 1904
1906 1905 1907
1907 1631 1906
1631 1907 1632
1908 1632 1907
1632 1908 1634
1909 1634 1908
1634 1909 1636
1910 1636 1909
1636 1910 1638
1910 1639 1638
1909 1911 1910
1911 1912 1910
1912 1639 1910
1912 1642 1639
1642 1912 1913
1913 1644 1642
1644 1913 1914
1915 1644 1914
1914 1913 1916
1912 1917 1913
1917 1918 1913
1919 1914 1918
1917 1912 1920
1911 1920 1912
1920 1911 1921
1653 1644 1915
1878 1653 1915
1653 1878 1655
1878 1922 1655
1923 1878 1915
1915 1914 1923
1878 1919 1924
1878 1877 1922
1922 1877 1925
1926 1922 1925
1922 1926 1927
1927 1926 1928
1925 1877 1867
1867 1869 1925
1869 1926 1925
1926 1869 1929
1928 1926 1929
1930 1929 1869
1871 1930 1869
1928 1929 1931
1924 1932 1876
1932 1933 1865
1881 1933 1934
1935 1936 1937
1936 1935 1938
1938 1935 1939
1938 1939 1940
1940 1939 1941
1940 1941 1942
1942 1941 1943
1943 1941 1944
1944 1941 1945
1945 1941 1946
1936 1947 1937
1948 1947 1936
1947 1948 1949
1949 1950 1947
1951 1950 1949
1951 1952 1950
1951 1953 1952
1946 1941 1954
1946 1954 1955
1954 1956 1955
1956 1954 1957
1953 1951 1958
1953 1958 1959
1959 1958 1960
1960 1961 1959
1961 1960 1962
1960 1963 1962
1960 1964 1963
1963 1964 1965
1966 1961 1962
1966 1967 1961
1968 1967 1966
1969 1967 1968
1970 1969 1968
1971 1972 1973
1972 1971 1974
1973 1975 1971
1975 1973 1976
1974 1977 1972
1977 1974 1978
1978 1979 1977
1979 1978 1980
1979 1980 1981
1975 1976 1982
1983 1984 1985
1984 1983 1986
1985 1987 1983
1988 1984 1986
1984 1988 1989
1990 1989 1988
1989 1990 1991
1990 1992 1991
1992 1990 1993
1994 1995 1996
1994 1996 1997
1995 1994 1998
1994 1999 1998
1994 2000 1999
1994 1997 2000
2000 2001 1999
2002 2001 2000
2003 2002 2000
1997 2003 2000
1997 2004 2003
2004 1997 2005
2005 1997 1996
2005 1996 2006
2005 2006 2007
2008 2005 2007
2005 2008 2004
2009 2001 2002
2010 2007 2006
2011 2010 2006
2006 1996 2011
2010 2012 2007
2012 2010 2013
2011 2013 2010
2013 2011 2014
1995 2014 2011
2014 1995 2015
2016 2004 2008
2017 2003 2004
2016 2017 2004
2018 2008 2007
2008 2018 2019
2019 2016 2008
2020 2015 1995
1995 2011 1996
2002 2021 2009
2022 2021 2002
2022 2002 2003
2003 2017 2022
1998 2023 1995
1998 2024 2023
2025 2026 2027
2026 2025 2028
2027 2029 2025
2029 2027 2030
2030 2031 2029
2031 2030 2032
2032 2033 2031
2033 2032 2034
2028 2035 2026
2035 2028 2036
2037 2035 2036
2034 2038 2033
2038 2034 2039
2035 2037 2040
2041 2042 2040
2043 2044 2045
2046 2044 2043
2047 2048 2049
2048 2047 2050
2051 2049 2048
2049 2051 2052
2053 2052 2051
2052 2053 2054
2055 2054 2053
2054 2055 2056
2057 2050 2047
2055 2058 2056
2058 2059 2056
2060 2059 2058
2060 2058 2061
2062 2060 2061
2061 2063 2062
2063 2061 2064
2064 2065 2063
2065 2064 2066
2066 2067 2065
2067 2066 2068
2069 2067 2068
2067 2069 2070
2071 2070 2069
2070 2071 2072
2071 2073 2072
2073 2071 2074
2074 2075 2073
2074 2076 2075
2076 2074 2077
2077 2078 2076
2077 2079 2078
2080 2081 2082
2081 2080 2083
2082 2084 2080
2084 2082 2085
2085 2086 2084
2086 2085 2087
2087 2088 2086
2088 2087 2089
2090 2081 2083
2083 2091 2090
2091 2092 2090
2092 2091 2093
2093 2094 2092
2093 2095 2094
2093 2096 2095
2096 2097 2095
2096 2098 2097
2098 2099 2097
2089 2100 2088
2089 2101 2100
2102 2103 2104
2103 2102 2105
2106 2105 2102
2105 2106 2107
2104 2108 2102
2108 2104 2109
2110 2108 2109
2111 2102 2108
2102 2111 2106
2107 2112 2105
2112 2107 2113
2113 2114 2112
2114 2113 2115
2116 2112 2114
2117 2116 2114
2117 2114 2115
2112 2116 2118
2118 2105 2112
2105 2118 2103
2119 2111 2108
2108 2120 2121
2111 2121 2122
2123 2120 2108
2124 2123 2109
2125 2109 2126
2125 2126 2127
2128 2129 2130
2129 2128 2131
2132 2131 2128
2131 2132 2133
2134 2133 2132
2133 2134 2135
2134 2136 2135
2136 2134 2137
2136 2138 2135
2138 2136 2139
2135 2140 2133
2140 2135 2138
2131 2141 2129
2141 2131 2142
2133 2142 2131
2142 2133 2140
2129 2141 2143
2130 2129 2143
2136 2144 2139
2144 2136 2145
2146 2144 2145
2144 2146 2147
2136 2137 2148
2136 2148 2145
2149 2148 2137
2145 2148 2150
2142 2151 2141
2140 2151 2142
2151 2140 2152
2138 2152 2140
2147 2153 2144
2153 2147 2154
2155 2154 2147
2147 2156 2155
2154 2155 2157
2158 2144 2153
2144 2158 2139
2159 2139 2158
2139 2159 2138
2152 2138 2159
2160 2161 2148
2145 2161 2156
2162 2163 2164
2163 2162 2165
2165 2166 2163
2166 2165 2167
2167 2168 2166
2168 2167 2169
2170 2168 2169
2168 2170 2171
2164 2172 2162
2172 2164 2173
2170 2174 2171
2174 2170 2175
2176 2172 2173
2177 2178 2179
2178 2177 2180
2181 2180 2177
2180 2181 2182
2182 2181 2183
2179 2178 2184
2179 2184 2185
2182 2186 2187
2188 2187 2186
2188 2189 2187
2190 2189 2188
2190 2191 2189
2190 2192 2191
2192 2193 2191
2192 2194 2193
2194 2192 2195
2196 2197 2198
2197 2199 2198
2200 2196 2198
2201 2202 2203
2201 2204 2202
2201 2205 2204
2206 2204 2205
2207 2206 2205
2208 2206 2207
2202 2209 2203
2203 2209 2210
2211 2203 2210
2211 2210 2212
2211 2212 2213
2214 2213 2212
2213 2214 2215
2216 2215 2214
2215 2216 2217
2218 2208 2207
2219 2208 2218
2220 2219 2218
2220 2221 2219
2222 2223 2224
2223 2222 2225
2224 2226 2222
2226 2224 2227
2225 2228 2223
2228 2225 2229
2230 2231 2232
2233 2234 2235
2234 2233 2236
2237 2238 2239
2240 2241 2242
2241 2243 2242
2241 2244 2243
2244 2245 2243
2240 2242 2246
2242 2247 2246
2248 2249 2250
2248 2251 2249
2252 2253 2254
2253 2252 2255
2255 2256 2253
2256 2255 2257
2257 2258 2256
2258 2257 2259
2259 2260 2258
2260 2259 2261
2262 2260 2261
2260 2262 2263
2254 2264 2252
2264 2254 2265
2266 2267 2268
2267 2266 2269
2266 2270 2269
2270 2266 2271
2272 2268 2267
2268 2272 2273
2274 2273 2272
2273 2274 2275
2276 2275 2274
2275 2276 2277
2278 2277 2276
2277 2278 2279
2280 2279 2278
2279 2280 2281
2282 2281 2280
2281 2282 2283
2284 2285 2286
2287 2288 2289
2288 2287 2290
2289 2291 2287
2291 2289 2292
2292 2293 2291
2293 2292 2294
2294 2295 2293
2295 2294 2296
2297 2295 2296
2295 2297 2298
2299 2298 2297
2298 2299 2300
2299 2301 2300
2301 2299 2302
2303 2301 2302
2301 2303 2304
2303 2305 2304
2305 2303 2306
2306 2307 2305
2307 2306 2308
2309 2307 2308
2307 2309 2310
2311 2310 2309
2310 2311 2312
2313 2312 2311
2312 2313 2314
2315 2314 2313
2314 2315 2316
2317 2318 2319
2318 2317 2320
2321 2318 2320
2318 2321 2322
2323 2322 2321
2322 2323 2324
2325 2324 2323
2324 2325 2326
2327 2326 2325
2326 2327 2328
2327 2329 2328
2329 2327 2330
2330 2331 2329
2331 2330 2332
2332 2333 2331
2333 2332 2334
2335 2333 2334
2336 2337 2338
2337 2336 2339
2340 2339 2336
2339 2340 2341
2341 2340 2342
2341 2342 2343
2342 2344 2343
2345 2338 2337
2338 2345 2346
2345 1682 2346
1682 2345 1685
2347 2343 2344
2348 2343 2347
2348 2347 2349
2349 2350 2348
2350 2349 2351
2351 2352 2350
2352 2351 2353
2353 2354 2352
2354 2353 2355
2356 2354 2355
2354 2356 2357
2358 2357 2356
2357 2358 2359
2360 2359 2358
2359 2360 2361
2362 2360 2358
2363 2362 2358
2362 2363 2364
2365 2364 2363
2364 2365 2366
2365 2367 2366
2368 2367 2365
2368 2365 2369
2368 2369 2370
2370 2371 2368
2371 2370 2372
2370 2373 2372
2372 2373 2374
2374 2373 2375
2376 2377 1656
1656 2378 2376
2378 2379 2376
1669 2377 2376
1661 2377 1669
2377 1661 1659
1656 2377 1659
2376 1677 1669
2379 1677 2376
2379 2380 1677
2381 2382 2383
2382 2381 2384
2384 2385 2382
2385 2384 2386
2382 2387 2383
2382 2385 2387
2388 2381 2383
2387 2388 2383
2381 2388 2389
2390 2391 2392
2391 2390 2393
2394 2393 2390
2393 2394 2395
2396 2392 2391
2392 2396 2397
2398 2395 2394
2395 2398 2399
2400 2399 2398
2399 2400 2401
2402 2401 2400
2401 2402 2403
2404 2397 2396
2397 2404 2405
2406 2405 2404
2405 2406 2407
2406 2408 2407
2408 2406 2409
2409 2410 2408
2410 2409 2411
2412 2410 2411
2410 2412 2413
2414 2413 2412
2413 2414 2415
2414 2416 2415
2416 2414 2417
2417 2418 2416
2418 2417 2419
2419 2420 2418
2420 2419 2421
2421 2422 2420
2422 2421 2423
2423 2424 2422
2424 2423 2425
2425 2426 2424
2426 2425 2427
2427 2428 2426
2428 2427 2429
2429 2430 2428
2430 2429 2431
2432 2433 2434
2433 2432 2435
2434 2436 2432
2436 2434 2437
2438 2436 2437
2436 2438 2439
2440 2433 2435
2433 2440 2441
2442 2439 2438
2439 2442 2443
2442 2444 2443
2442 2445 2444
2446 2441 2440
2441 2446 2447
2445 2442 2448
2449 2447 2446
2447 2449 2450
2451 2450 2449
2450 2451 2452
2453 2452 2451
2452 2453 2454
2455 2445 2448
2456 2455 2448
2457 2456 2448
2456 2457 2458
2457 2459 2458
2460 2459 2457
2460 2457 2461
2462 2460 2461
2463 2462 2461
2464 2463 2461
2465 2464 2461
2464 2465 2466
2453 2467 2454
2467 2453 2468
2468 2469 2467
2469 2468 2470
2470 2471 2469
2471 2470 2472
2472 2473 2471
2473 2472 2474
2474 2475 2473
2475 2474 2476
2477 2475 2476
2475 2477 2478
2479 2478 2477
2478 2479 2480
2479 2481 2480
2481 2479 2482
2482 2483 2481
2483 2482 2484
2483 2484 2485
2483 2485 2486
2486 2487 2483
2488 2487 2486
2489 2487 2488
2489 2490 2487
2490 2489 2491
2490 2491 2492
2493 2490 2492
2493 2494 2490
2495 2494 2493
2496 2494 2495
2497 2494 2496
2497 2498 2494
2498 2497 2499
2500 2501 2502
2501 2500 2503
2504 2502 2501
2502 2504 2505
2504 2506 2505
2506 2504 2507
2508 2503 2500
2503 2508 2509
2507 2510 2506
2510 2507 2511
2511 2512 2510
2512 2511 2513
2513 2514 2512
2514 2513 2515
2515 2516 2514
2516 2515 2517
2517 2518 2516
2518 2517 2519
2520 2518 2519
2518 2520 2521
2522 2521 2520
2521 2522 2523
2524 2523 2522
2523 2524 2525
2526 2525 2524
2525 2526 2527
2528 2527 2526
2527 2528 2529
2530 2529 2528
2529 2530 2531
2530 2532 2531
2532 2530 2533
2533 2534 2532
2534 2533 2535
2535 2536 2534
2536 2535 2537
2538 2539 2540
2539 2538 2541
2540 2539 2542
2543 2544 2545
2544 2543 2546
2547 2544 2546
2544 2547 2548
2549 2548 2547
2548 2549 2550
2551 2552 2553
2552 2551 2554
2555 2556 2557
2556 2555 2558
2559 2560 2561
2560 2559 2562
2563 2561 2560
2561 2563 2564
2565 2566 2567
2566 2565 2568
2569 2570 2571
2570 2569 2572
2573 2574 2575
2574 2573 2576
2577 2578 2579
2578 2577 2580
2578 2581 2579
2581 2578 2582
2582 2583 2581
2583 2582 2584
2584 2585 2583
2585 2584 2586
2587 2588 2589
2588 2587 2590
2589 2591 2587
2591 2589 2592
2591 2592 2593
2592 2594 2593
2593 2594 2595
2594 2596 2595
2593 2595 2597
2595 2598 2597
2598 2595 2599
2596 2599 2595
2599 2600 2598
2601 2599 2596
2599 2601 2602
2599 2602 2600
2603 2604 2605
2605 2606 2603
2604 2607 2605
2607 2608 2605
2608 2609 2605
2609 2608 1423
2608 1422 1423
2609 1423 2610
2611 2610 1423
2611 2612 2610
2611 2613 2612
2613 2614 2612
2615 2614 2613
2615 2616 2614
2617 2616 2615
2616 2617 2618
2619 2618 2617
2618 2619 2620
2621 2620 2619
2622 2621 2619
2623 2621 2622
2621 2623 2624
2625 2624 2623
2624 2625 2626
2626 2625 2627
2620 2621 2628
2629 2628 2621
2628 2629 2630
2629 2631 2630
2632 2631 2629
2633 2626 2627
2633 2634 2626
2634 2635 2626
2626 2635 2636
2635 2637 2636
2637 2638 2636
2637 2639 2638
2639 2637 2640
2641 2639 2640
2639 2641 2642
2643 2642 2641
2641 2644 2643
2643 2644 2645
2646 2645 2644
2645 2646 2647
2646 2648 2647
2648 2646 2649
2649 2650 2648
2650 2649 2651
2650 2651 2652
2645 2653 2643
2653 2654 2643
2653 2655 2654
2656 2657 2658
2656 2658 2659
2660 2656 2659
2659 2661 2660
2661 2659 2662
2663 2660 2661
2664 2660 2663
2665 2664 2663
2666 2664 2665
2667 2666 2665
2668 2666 2667
2669 2668 2667
2670 2668 2669
2668 2670 2671
2672 2671 2670
2673 2662 2674
2662 2673 2675
2676 2673 2674
2673 2676 2677
2678 2677 2676
2677 2678 2679
2677 2679 2680
2681 2680 2679
2682 2681 2679
2679 2683 2682
2683 2679 2678
2684 1616 2685
1616 1618 2685
1616 2684 1615
1605 2686 1665
2687 2688 2689
2688 2687 2690
2691 2689 2688
2689 2691 2692
2691 1629 2692
1629 2691 1631
2692 2693 2689
2693 2694 2689
2689 2694 2687
2693 2692 2695
1629 2695 2692
2695 1629 1627
1626 2693 2695
1627 1626 2695
1626 2696 2693
2697 2688 2690
2688 2697 2698
2698 2691 2688
2691 2698 2699
1906 2691 2699
2691 1906 1631
2700 2699 2698
2700 2698 2701
2698 2697 2701
2699 2700 2702
2702 1906 2699
1906 2702 1904
1903 2702 2700
1904 2702 1903
1903 2700 2703
1624 2704 1626
2704 1624 1622
2705 1901 1903
1901 2705 1899
1635 1640 2706
2707 2706 1640
2706 2707 2708
2706 1633 1635
1633 2706 2709
2708 2709 2706
2709 2708 2710
2709 1630 1633
1630 2709 1628
2710 1628 2709
1628 2710 2711
1625 1628 2711
2712 2713 2714
2712 2714 2715
2716 2712 2715
2716 2715 2717
2717 2718 2716
2718 2717 2719
2719 2720 2718
2720 2719 2721
2722 2720 2721
2720 2722 2723
2723 2722 2724
2725 2723 2724
2726 2725 2724
2726 2727 2725
2727 2726 2728
2729 2727 2728
2730 2731 2732
2731 2730 2733
2734 2733 2730
2733 2734 2735
2736 2735 2734
2735 2736 2737
2736 2738 2737
2736 2739 2738
2739 2740 2738
2739 2741 2740
2741 2742 2740
2743 2742 2741
2742 2743 2744
2745 2744 2743
2744 2745 2746
2745 2747 2746
2748 2749 2750
2748 2751 2749
2752 2753 2754
2753 2752 2755
2756 2755 2752
2755 2756 2757
2758 2754 2753
2759 2757 2756
2757 2759 2760
2761 2760 2759
2760 2761 2762
2763 2762 2761
2762 2763 2764
2765 2764 2763
2764 2765 2766
2766 2765 2767
2768 2769 2770
2770 2771 2768
2771 2772 2768
2772 2771 2773
2774 2772 2773
2772 2774 2775
2776 2775 2774
2775 2776 2777
2778 2777 2776
2777 2778 2779
2780 2779 2778
2779 2780 2781
2782 2781 2780
2781 2782 2783
2784 2783 2782
2783 2784 2785
2784 2786 2785
2786 2784 2787
2788 2789 2790
2788 2790 2791
2792 2788 2791
2791 2793 2792
2793 2791 2794
2794 2795 2793
2795 2794 2796
2797 2795 2796
2798 2799 2800
2801 2799 2798
2799 2801 2802
2801 2803 2802
2803 2801 2804
2804 2805 2803
2805 2804 2806
2807 2805 2806
2805 2807 2808
2809 2808 2807
2808 2809 2810
2811 2812 2813
2814 2813 2812
2813 2814 2815
2816 2815 2814
2815 2816 2817
2816 2818 2817
2818 2816 2819
2819 2820 2818
2820 2819 2821
2822 2823 2824
2824 2825 2822
2825 2824 2826
2826 2827 2825
2828 2829 2830
2829 2831 2830
2831 2829 2832
2832 2833 2831
2833 2832 2834
2833 2834 2770
2828 2830 2835
2769 2833 2770
2835 2836 2828
2835 2837 2836
2838 2839 2840
2841 2838 2840
2842 2841 2840
2841 2842 2843
2844 2843 2842
2843 2844 2845
2844 2846 2845
2846 2844 2847
2847 2848 2846
2849 2839 2838
2849 2838 2850
2851 2849 2850
2849 2851 2852
2851 2853 2852
2853 2851 2854
2855 2856 2857
2856 2855 2858
2857 2859 2855
2860 2856 2858
2856 2860 2861
2862 2861 2860
2861 2862 2863
2863 2862 2864
2865 2863 2864
2866 2865 2864
2867 2865 2866
2865 2867 2868
2867 2869 2868
2869 2867 2870
2871 2869 2870
2870 2872 2871
2872 2873 2871
2873 2872 2874
2874 2875 2873
2875 2876 2873
2877 2876 2875
2877 2875 2878
2879 2877 2878
2879 2878 2880
2881 2879 2880
2882 2879 2881
2881 2883 2882
2884 2882 2883
2885 2882 2884
2884 2886 2885
2886 2887 2885
2887 2886 2888
2889 2887 2888
2890 1467 2891
2891 2892 2890
2893 2892 2891
1465 1467 2890
2894 2895 2896
2895 2894 2897
2897 2898 2895
2898 2897 2899
2899 2900 2898
2900 2899 2901
2900 2901 2902
2896 2903 2894
2903 2896 2904
2904 2905 2903
2905 2904 2906
2906 2907 2905
2907 2906 2908
2909 2910 2911
2910 2909 2912
2909 2913 2912
2913 2909 2914
2914 2915 2913
2915 2914 2916
2917 2915 2916
2915 2917 2918
2918 2917 2919
2917 2920 2919
2919 2920 2921
2920 2922 2921
2921 2922 2923
2922 2924 2923
2923 2924 2925
2924 2926 2925
2926 2927 2925
2925 2927 2928
2927 2929 2928
2928 2929 2930
2929 2931 2930
2931 2932 2930
2932 2931 2933
2933 2934 2932
2934 2933 2935
2936 2934 2935
2934 2936 2937
2937 2936 2938
2939 2940 2941
2940 2939 2942
2942 2939 2943
2940 2944 2941
2944 2940 2945
2945 2946 2944
2946 2945 2947
2948 2946 2947
2948 2947 2949
2950 2948 2949
2949 2951 2950
2951 2949 2952
2953 2951 2952
2951 2953 2954
2955 2954 2953
2956 1936 2957
2958 2957 1936
2958 1936 2959
2959 1936 1938
1948 1936 2956
2957 2958 2960
2961 2962 2963
2961 2963 2964
2965 2962 2961
2966 2965 2961
2965 2966 2967
2968 2967 2966
2969 2968 2966
2968 2969 2970
2970 2969 2971
2971 2972 2970
2973 2972 2971
2974 2964 2963
2964 2974 2975
2976 2977 2978
2979 2978 2977
2978 2979 2980
2981 2982 2983
2982 2981 2984
2985 2984 2981
2986 2983 2982
2983 2986 2987
2988 2987 2986
2987 2988 2989
2990 2989 2988
2989 2990 2991
2992 2993 2994
2993 2992 2995
2994 2996 2992
2996 2994 2997
2998 2996 2997
2996 2998 2999
2998 3000 2999
3000 2998 3001
3002 3000 3001
3000 3002 3003
3002 3004 3003
3003 3004 3005
3004 3006 3005
3005 3006 3007
3006 3008 3007
3007 3008 3009
3008 3010 3009
3009 3010 3011
3010 3012 3011
3011 3012 3013
3014 3013 3012
3013 3014 3015
3016 3015 3014
3015 3016 3017
3016 3018 3017
3018 3016 3019
3019 3020 3018
3021 3022 3023
3024 3025 3026
3025 3027 3026
3026 3027 3028
3028 3027 3029
3028 3029 3030
3030 3029 3031
3031 3029 3032
3031 3032 3033
3033 3032 3034
3032 3035 3034
3034 3035 3036
3036 3035 3037
3035 3038 3037
3037 3038 3039
3038 3040 3039
3040 3038 3041
3042 3040 3041
3040 3042 3043
3044 3043 3042
3045 3044 3042
3046 3044 3045
3047 3046 3045
3048 3047 3045
3049 3047 3048
3050 3049 3048
3050 3048 3051
3052 3050 3051
3053 3052 3051
3053 3051 3054
3055 3053 3054
3056 3055 3054
3057 3055 3056
3058 3059 3060
3059 3058 3061
1762 1746 1745
1797 1761 1762
1797 1760 1761
1762 1796 1797
3062 1718 1715
3063 3064 3065
1604 3066 1603
3067 3068 3069
3068 3067 3070
3071 3069 3068
3069 3071 3072
3073 3072 3071
3072 3073 3074
3075 3074 3073
3074 3075 3076
3077 3070 3067
3070 3077 3078
3079 3078 3077
3078 3079 3080
3081 3080 3079
3082 3076 3075
3076 3082 3083
3082 3084 3083
3084 3082 3085
3085 3086 3084
3086 3085 3087
3087 3088 3086
3088 3087 3089
3089 3090 3088
3090 3089 3091
3092 3093 3091
3093 3092 3094
3095 3096 3097
3096 3098 3097
3098 3096 3099
3100 3095 3097
3095 3100 3101
3101 3100 3102
3102 3103 3101
3104 3098 3099
3105 3103 3102
3103 3105 3106
3107 3106 3105
3106 3107 3108
3109 3108 3107
3108 3109 3110
3111 3110 3109
3110 3111 3112
3113 3112 3111
3112 3113 3114
3115 3114 3113
3114 3115 3116
3117 3116 3115
3116 3117 3118
3119 3104 3099
3120 3121 3122
3122 3121 3123
3124 3125 3126
3125 3124 3127
3127 3128 3125
3128 3127 3129
3128 3129 3130
3126 3131 3124
3131 3126 3132
3132 3133 3131
3133 3132 3134
3129 3135 3130
3133 3134 3136
3136 3137 3133
3138 3139 3140
3139 3138 3141
3141 3142 3139
3142 3141 3143
3143 3144 3142
3144 3143 3145
3138 3140 3146
3145 3147 3144
3147 3145 3148
3148 3149 3147
3149 3148 3150
3150 3151 3149
3152 3153 3154
3155 3156 3157
3156 3155 3158
3159 3157 3156
3157 3159 3160
3161 3158 3155
3158 3161 3162
3163 3160 3159
3164 3162 3161
3162 3164 3165
3166 3165 3164
3165 3166 3167
3166 3168 3167
3168 3166 3169
3169 3170 3168
3170 3169 3171
3171 3172 3170
3172 3171 3173
3174 3172 3173
3172 3174 3175
3175 3174 3176
3177 3178 3179
3178 3180 3179
3179 3181 3177
3177 3181 3182
3181 3179 3183
3184 3181 3183
3184 3183 3185
3181 3186 3182
3187 3186 3181
3181 3188 3187
3184 3188 3181
3189 3187 3188
3190 3189 3188
3191 3190 3188
3183 3179 3192
3192 3179 3180
3192 3185 3183
3180 3193 3192
3188 3184 3194
3191 3188 3194
3194 3195 3191
3196 3195 3194
3194 3197 3196
3197 3194 3184
3198 3197 3184
3185 3198 3184
1723 1722 1738
3199 3200 3201
3200 3199 3202
3203 3199 3201
3199 3203 3204
3202 3205 3200
3205 3202 3206
3206 3207 3205
3206 3208 3207
3209 3207 3208
3209 3208 3210
3210 3211 3209
3211 3210 3212
3212 3213 3211
3213 3212 3214
3214 3215 3213
3215 3214 3216
3216 3217 3215
3218 3217 3216
3219 3217 3218
3219 3218 3220
3221 3219 3220
3219 3221 3222
3223 3222 3221
3222 3223 3224
3223 3225 3224
3226 3227 3228
3226 3229 3227
3230 3227 3229
3227 3230 3231
3232 3231 3230
3231 3232 3233
3232 3234 3233
3234 3232 3235
3235 3236 3234
3236 3235 3237
3237 3238 3236
3238 3237 3239
3239 3240 3238
3240 3239 3241
3241 3242 3240
3242 3241 3243
3242 3243 3244
3245 3246 3247
3247 3248 3245
3245 3249 3246
3246 3249 3250
3249 3251 3250
3249 3252 3251
3250 3251 3253
3245 3248 3254
3249 3255 3252
3249 3256 3255
3245 3256 3249
3257 3256 3245
3254 3257 3245
3256 3257 3258
3259 3256 3258
3260 3259 3258
3259 3260 3261
3261 3262 3259
3262 3261 3263
3262 3263 3264
3264 3263 3265
3265 3266 3264
3266 3265 3267
3267 3265 3268
3269 3267 3268
3267 3269 3270
3270 3269 3271
3270 3271 3272
3272 3271 3273
3272 3273 3274
3274 3273 3275
3275 3273 3276
3276 3273 3277
3277 3273 3278
3279 3267 3270
3280 3267 3279
3280 3281 3267
3282 3267 3281
3273 3283 3278
3273 3284 3283
3281 3280 3285
3273 3286 3284
3286 3273 3287
3266 3267 3282
3288 3289 3290
3289 3288 3291
3290 3292 3288
3292 3290 3293
3293 3294 3292
3294 3293 3295
3295 3296 3294
3291 3297 3289
3297 3291 3298
3298 3299 3297
3299 3298 3300
3300 3301 3299
3301 3300 3302
3302 3303 3301
3303 3302 3304
3305 3303 3304
3306 3307 3308
3307 3306 3309
3310 3309 3306
3309 3310 3311
3312 3308 3307
3308 3312 3313
3314 3313 3312
3313 3314 3315
3316 3315 3314
3315 3316 3317
3318 3317 3316
3317 3318 3319
3320 3319 3318
3319 3320 3321
3321 3320 3322
3323 3324 3325
3324 3323 3326
3327 3325 3324
3325 3327 3328
3329 3326 3323
3326 3329 3330
3331 3330 3329
3330 3331 3332
3333 3332 3331
3332 3333 3334
3335 3334 3333
3334 3335 3336
3337 3336 3335
3336 3337 3338
3338 3337 3339
3340 3341 3342
3343 3344 3345
3346 3347 3348
3349 3350 3351
3350 3349 3352
3353 3352 3349
3352 3353 3354
3353 3355 3354
3355 3353 3356
3357 3358 3359
3360 3357 3359
3358 1853 3359
3358 1856 1853
3361 3362 3363
3362 3361 3364
3364 3365 3362
3364 3366 3365
3366 3367 3365
3366 3368 3367
3368 3369 3367
3369 3370 3367
3370 3371 3367
3371 3372 3367
3361 3363 3373
3374 3361 3373
3373 3375 3374
3375 3373 3376
3377 3375 3376
3377 3376 3378
3377 3378 3379
3372 3380 3367
3372 3381 3380
3382 3380 3381
3380 3382 3383
3379 3384 3377
3379 3385 3384
3385 3386 3384
3386 3385 3387
3387 3388 3386
3386 3388 3389
3386 3389 3390
3389 3391 3390
3392 3388 3387
3392 3387 3393
3394 3392 3393
3395 3394 3393
3396 3394 3395
3397 3398 3399
3398 3397 3400
3401 3400 3397
3400 3401 3402
3403 3399 3398
3399 3403 3404
3405 3404 3403
3404 3405 3406
3405 3407 3406
3401 3408 3402
3409 3410 3411
3410 3409 3412
3412 3409 3413
3410 3414 3411
3414 3410 3415
3415 3416 3414
3416 3415 3417
3418 3416 3417
3416 3418 3419
3420 3421 3422
3420 3423 3421
3422 3424 3420
3420 3424 3425
3420 3425 3426
3420 3426 3423
3426 3425 3427
3428 3426 3427
3429 3426 3428
3423 3426 3429
3423 3429 3430
3430 3431 3423
3431 3421 3423
3431 3432 3421
3431 3433 3432
3434 3433 3431
3431 3430 3434
3435 3428 3427
3436 3432 3433
3437 3432 3436
3438 3436 3433
3436 3438 3439
3439 3437 3436
3437 3439 3440
3440 3422 3437
3422 3440 3441
3442 3434 3430
3443 3430 3429
3442 3430 3443
3434 3444 3433
3444 3434 3445
3445 3434 3442
3446 3422 3441
3432 3437 3421
3422 3421 3437
3428 3435 3447
3448 3428 3447
3448 3429 3428
3429 3448 3443
3424 3422 3449
3424 3449 3450
3451 3452 3453
3452 3451 3454
3455 3453 3452
3453 3455 3456
3457 3456 3455
3456 3457 3458
3459 3458 3457
3458 3459 3460
3461 3454 3451
3454 3461 3462
3463 3462 3461
3464 3460 3459
3460 3464 3465
3461 3466 3463
3467 3466 3468
3469 3470 3471
3472 3469 3471
3473 3474 3475
3474 3473 3476
3476 3477 3474
3477 3476 3478
3478 3479 3477
3479 3478 3480
3480 3481 3479
3481 3480 3482
3483 3473 3475
3481 3482 3484
3484 3482 3485
3486 3484 3485
3486 3487 3484
3488 3487 3486
3489 3487 3488
3487 3489 3490
3491 3490 3489
3490 3491 3492
3493 3492 3491
3492 3493 3494
3493 3495 3494
3495 3493 3496
3496 3497 3495
3497 3496 3498
3499 3497 3498
3497 3499 3500
3500 3499 3501
3502 3500 3501
3500 3502 3503
3503 3502 3504
3503 3504 3505
3506 3507 3508
3507 3506 3509
3510 3509 3506
3509 3510 3511
3512 3511 3510
3511 3512 3513
3514 3513 3512
3513 3514 3515
3516 3508 3507
3508 3516 3517
3517 3516 3518
3518 3519 3517
3519 3518 3520
3519 3520 3521
3519 3521 3522
3522 3521 3523
3522 3523 3524
3524 3523 3525
3515 3514 3526
3515 3526 3527
3528 3529 3530
3529 3528 3531
3530 3532 3528
3532 3530 3533
3534 3531 3528
3531 3534 3535
3536 3535 3534
3537 3528 3532
3528 3537 3534
3538 3533 3530
3533 3538 3539
3540 3539 3538
3539 3540 3541
3538 3542 3540
3543 3540 3542
3543 3541 3540
3542 3538 3544
3530 3544 3538
3544 3530 3529
3545 3534 3537
3534 3546 3547
3537 3548 3546
3549 3534 3547
3550 3535 3549
3551 3552 3535
3551 3553 3552
3554 3555 3556
3555 3554 3557
3557 3558 3555
3558 3557 3559
3559 3560 3558
3560 3559 3561
3562 3560 3561
3560 3562 3563
3564 3562 3561
3562 3564 3565
3561 3566 3564
3566 3561 3559
3567 3557 3554
3557 3567 3568
3559 3568 3566
3568 3559 3557
3554 3569 3567
3556 3569 3554
3570 3562 3565
3562 3570 3571
3570 3572 3571
3572 3570 3573
3562 3574 3563
3562 3571 3574
3575 3563 3574
3571 3576 3574
3568 3567 3577
3577 3566 3568
3566 3577 3578
3578 3564 3566
3579 3573 3570
3573 3579 3580
3580 3581 3573
3573 3581 3582
3581 3580 3583
3570 3584 3579
3584 3570 3565
3565 3585 3584
3585 3565 3564
3564 3578 3585
3586 3574 3587
3571 3582 3587
3588 3589 3590
3589 3588 3591
3592 3590 3589
3590 3592 3593
3594 3593 3592
3593 3594 3595
3594 3596 3595
3596 3594 3597
3598 3591 3588
3591 3598 3599
3600 3596 3597
3596 3600 3601
3602 3599 3598
3603 3604 3605
3604 3603 3606
3606 3607 3604
3607 3606 3608
3608 3609 3607
3605 3610 3603
3605 3611 3610
3608 3612 3613
3614 3613 3612
3614 3612 3615
3616 3614 3615
3616 3615 3617
3616 3617 3618
3618 3617 3619
3620 3618 3619
3618 3620 3621
3622 3623 3624
3624 3623 3625
3626 3623 3622
3627 3628 3629
3627 3629 3630
3627 3630 3631
3632 3631 3630
3633 3631 3632
3634 3633 3632
3629 3628 3635
3628 3636 3635
3637 3636 3628
3637 3638 3636
3637 3639 3638
3639 3640 3638
3640 3639 3641
3641 3642 3640
3642 3641 3643
3644 3633 3634
3645 3644 3634
3646 3644 3645
3646 3645 3647
3648 3649 3650
3649 3648 3651
3652 3651 3648
3651 3652 3653
3654 3650 3649
3650 3654 3655
3656 3657 3658
3659 3660 3661
3660 3659 3662
3663 3664 3665
3666 3667 3668
3668 3667 3669
3668 3669 3670
3670 3669 3671
3666 3672 3667
3667 3672 3673
3674 3675 3676
3674 3676 3677
3678 3679 3680
3679 3678 3681
3682 3681 3678
3681 3682 3683
3684 3683 3682
3683 3684 3685
3686 3685 3684
3685 3686 3687
3686 3688 3687
3688 3686 3689
3690 3680 3679
3680 3690 3691
3692 3693 3694
3693 3692 3695
3696 3692 3694
3692 3696 3697
3695 3698 3693
3698 3695 3699
3699 3700 3698
3700 3699 3701
3701 3702 3700
3702 3701 3703
3703 3704 3702
3704 3703 3705
3705 3706 3704
3706 3705 3707
3707 3708 3706
3708 3707 3709
3710 3711 3712
3713 3714 3715
3714 3713 3716
3713 3717 3716
3717 3713 3718
3718 3719 3717
3719 3718 3720
3720 3721 3719
3721 3720 3722
3722 3723 3721
3723 3722 3724
3725 3723 3724
3723 3725 3726
3727 3726 3725
3726 3727 3728
3729 3728 3727
3728 3729 3730
3731 3730 3729
3732 3733 3734
3735 3734 3733
3735 3733 1872
3735 1872 1873
3735 1873 1874
3732 2356 3733
2356 3732 3736
2356 3736 3737
3738 3739 3740
3739 3738 3741
3742 3741 3738
3741 3742 3743
3738 3740 3744
3738 3744 3742
3739 3745 3740
3744 3740 3745
3745 3739 3746
3747 3748 3749
3748 3747 3750
3749 3751 3747
3752 3753 3754
3753 3752 3755
3752 3756 3755
3756 3752 3757
3757 3758 3756
3758 3757 3759
3760 3761 3762
3761 3760 3763
3764 3765 3766
3765 3764 3767
3768 3769 3770
3769 3768 3771
3771 3772 3769
3772 3771 3773
3774 3775 3776
3775 3774 3777
3778 3779 3780
3779 3778 3781
3782 3783 3784
3783 3782 3785
3786 3787 3788
3787 3786 3789
3790 3787 3789
3787 3790 3791
3792 3791 3790
3791 3792 3793
3794 3793 3792
3793 3794 3795
1854 1844 3796
3797 1854 3796
3796 1844 1840
3798 3799 3800
3799 3798 3801
3802 3800 3799
3800 3802 3803
3802 3804 3803
3803 3804 3805
3804 3806 3805
3805 3806 3807
3804 3808 3806
3809 3806 3808
3806 3809 3810
3807 3806 3810
3810 3809 3811
3810 3812 3807
3812 3810 3813
3810 3811 3813
3814 3815 3816
3815 3814 3817
3816 3815 3818
3818 3815 3819
3819 3815 3820
3820 3204 3819
3819 3204 3203
3820 3821 3204
3822 3204 3821
3822 3821 3823
3822 3823 3824
3824 3823 3825
3826 3824 3825
3826 3825 3827
3827 3828 3826
3828 3827 3829
3829 3830 3828
3830 3829 3831
3831 3832 3830
3833 3830 3832
3832 3834 3833
3834 3832 3835
3835 3836 3834
3836 3835 3837
3837 3838 3836
3832 3831 3839
3839 3840 3832
3840 3839 3841
3840 3841 3842
3843 3840 3842
3844 3838 3837
3844 3837 3845
3845 3837 3846
3837 3847 3846
3846 3847 3848
3848 3847 3849
3850 3848 3849
3848 3850 3851
3850 3852 3851
3852 3850 3853
3854 3852 3853
3852 3854 3855
3854 3856 3855
3856 3857 3855
3857 3856 3858
3859 3857 3858
3857 3859 3860
3861 3860 3859
3860 3861 3862
3861 3863 3862
3856 3854 3864
3864 3854 3865
3864 3865 3866
3867 3868 3869
3867 3870 3868
3871 3870 3867
3870 3871 3872
3872 3873 3870
3874 3872 3871
3875 3874 3871
3876 3874 3875
3877 3876 3875
3878 3876 3877
3879 3878 3877
3880 3878 3879
3879 3881 3880
3881 3879 3882
3883 3881 3882
3873 3884 3885
3884 3873 3886
3884 3887 3885
3887 3884 3888
3888 3889 3887
3889 3888 3890
3888 3891 3890
3892 3890 3891
3893 3890 3892
3890 3893 3894
3894 3889 3890
3895 3896 1893
1893 3896 1895
1893 1892 3895
1911 1909 3897
3897 3898 1911
3898 3897 3899
1908 3897 1909
3897 1908 3900
3900 3899 3897
3899 3900 3901
1907 3900 1908
3900 1907 1905
1905 3901 3900
3901 1905 3902
1905 1902 3902
3903 3904 3905
3903 3906 3904
3907 3906 3903
3907 3908 3906
3909 3908 3907
3908 3909 3910
3911 3910 3909
3910 3911 3912
3911 3913 3912
3913 3911 3914
3914 3915 3913
3916 3915 3914
3917 3915 3916
3918 3917 3916
3917 3918 3919
3920 3919 3918
3921 3922 3923
3922 3921 3924
3923 3925 3921
3925 3923 3926
3926 3927 3925
3927 3926 3928
3927 3928 3929
3927 3929 3930
3930 3929 3931
3930 3931 3932
3932 3931 3933
3933 3934 3932
3934 3933 3935
3935 3936 3934
3936 3935 3937
3936 3937 3938
3939 3940 3941
3939 3941 3942
3943 3944 3945
3944 3943 3946
3946 3947 3944
3947 3946 3948
3949 3943 3945
3948 3950 3947
3950 3948 3951
3951 3952 3950
3952 3951 3953
3953 3954 3952
3954 3953 3955
3955 3956 3954
3956 3955 3957
3957 3958 3956
3959 3960 3961
3960 3959 3962
3963 3962 3959
3962 3963 3964
3963 3965 3964
3965 3963 3966
3966 3967 3965
3967 3966 3968
3968 3969 3967
3969 3968 3970
3970 3971 3969
3971 3970 3972
3972 3973 3971
3973 3972 3974
3974 3975 3973
3975 3974 3976
3977 3975 3976
3975 3977 3978
3979 3980 3981
3979 3982 3980
3983 3982 3979
3984 3982 3983
3982 3984 3985
3986 3985 3984
3985 3986 3987
3988 3987 3986
3989 3990 3991
3991 3992 3989
3992 3991 3993
3994 3992 3993
3992 3994 3995
3996 3995 3994
3995 3996 3997
3996 3998 3997
3998 3996 3999
3999 4000 3998
4000 3999 4001
4002 4003 4004
4003 4005 4004
4005 4003 4006
4006 4007 4005
4007 4006 4008
4009 4007 4008
4007 4009 4010
4011 4010 4009
4010 4011 4012
4013 4014 4015
4016 4014 4013
4014 4016 4017
4017 4016 4018
4019 4020 4021
4022 4021 4020
4021 4022 4023
4024 4023 4022
4023 4024 4025
4024 3960 4025
4019 4026 4020
3961 3960 4024
4026 4019 4027
4026 4027 4028
4029 4030 4031
4032 4030 4029
4032 4033 4030
4033 4032 4034
4034 4035 4033
4035 4034 4036
4037 4035 4036
4035 4037 4038
4038 4037 4039
4040 4029 4031
4040 4041 4029
4042 4041 4040
4040 4043 4042
4042 4043 4044
4044 4045 4042
4046 4047 4048
4047 4046 4049
4049 4046 4050
4047 4051 4048
4051 4047 4052
4052 4053 4051
4053 4052 4054
4054 4055 4053
4056 4055 4054
4057 4055 4056
4056 4058 4057
4058 4056 4059
4060 4058 4059
4058 4060 4061
4062 4061 4060
4061 4062 4063
4064 4063 4062
4063 4064 4065
4065 4064 4066
4066 4064 4067
4068 4066 4067
4068 4069 4066
4070 4069 4068
4070 4071 4069
4072 4071 4070
4073 4072 4070
4072 4073 4074
4075 4074 4073
4076 4075 4073
4075 4076 4077
4077 4076 4078
4078 4079 4077
4080 4079 4078
4081 4082 3248
4082 4081 4083
4084 4082 4083
3247 4081 3248
4085 4086 4087
4086 4085 4088
4089 4088 4085
4088 4089 4090
4091 4090 4089
4090 4091 4092
4091 4093 4092
4094 4087 4086
4087 4094 4095
4096 4095 4094
4095 4096 4097
4098 4097 4096
4097 4098 4099
4100 4101 4102
4101 4100 4103
4104 4100 4102
4100 4104 4105
4106 4105 4104
4105 4106 4107
4106 4108 4107
4108 4106 4109
4109 4110 4108
4108 4110 4111
4110 4112 4111
4111 4112 4113
4112 4114 4113
4113 4114 4115
4114 4116 4115
4115 4116 4117
4117 4116 4118
4116 4119 4118
4118 4119 4120
4119 4121 4120
4120 4121 4122
4123 4122 4121
4122 4123 4124
4125 4124 4123
4124 4125 4126
4125 4127 4126
4127 4125 4128
4128 4129 4127
4130 4131 4132
4131 4130 4133
4132 4134 4130
4135 4131 4133
4131 4135 4136
4137 4136 4135
4136 4137 4138
4139 4138 4137
4139 4140 4138
4141 4140 4139
4142 4140 4141
4140 4142 4143
4142 4144 4143
4144 4142 4145
4146 4144 4145
4147 4148 3361
4149 3361 4148
4149 4150 3361
4150 3364 3361
3374 4147 3361
4148 4151 4149
4152 4153 4154
4152 4155 4153
4156 4152 4154
4157 4152 4156
4156 4158 4157
4159 4157 4158
4160 4157 4159
4159 4161 4160
4161 4162 4160
4162 4161 4163
4164 4162 4163
4155 4165 4153
4165 4155 4166
4167 4168 4169
4168 4170 4169
4170 4168 4171
4172 4173 4174
4173 4172 4175
4176 4173 4175
4174 4177 4172
4177 4174 4178
4178 4179 4177
4179 4178 4180
4180 4181 4179
4181 4180 4182
4183 4184 4185
4184 4183 4186
4187 4186 4183
4186 4187 4188
4187 4189 4188
4189 4187 4190
4191 4189 4190
4189 4191 4192
4191 4193 4192
4193 4191 4194
4193 4194 4195
4194 4196 4195
4195 4196 4197
4196 4198 4197
4197 4198 4199
4198 4200 4199
4199 4200 4201
4200 4202 4201
4201 4202 4203
4202 4204 4203
4204 4205 4203
4205 4204 4206
4206 4207 4205
4207 4206 4208
4209 4207 4208
4207 4209 4210
4210 4209 4211
4212 4213 4214
4215 4216 4217
4216 4215 4218
4219 4220 4221
1841 1883 4222
1883 1841 1842
1864 1850 1875
1850 1863 1875
4223 4224 4225
4224 4223 4226
4225 4227 4223
4227 4225 4228
4228 4229 4227
4229 4228 4230
4230 4231 4229
4231 4230 4232
4226 4233 4224
4233 4226 4234
4234 4235 4233
4235 4234 4236
4237 4235 4236
4232 4238 4231
4238 4232 4239
4240 4238 4239
4238 4240 4241
4242 4241 4240
4241 4242 4243
4244 4243 4242
4243 4244 4245
4246 4245 4244
4245 4246 4247
4248 4249 4247
4249 4248 4250
4251 4252 4253
4254 4253 4252
4253 4254 4255
4256 4252 4251
4251 4257 4256
4257 4258 4256
4258 4257 4259
4260 4255 4254
4259 4261 4258
4261 4259 4262
4262 4263 4261
4263 4262 4264
4264 4265 4263
4265 4264 4266
4266 4267 4265
4267 4266 4268
4268 4269 4267
4269 4268 4270
4270 4271 4269
4271 4270 4272
4272 4273 4271
4273 4272 4274
4275 4255 4260
4276 4277 4278
4277 4279 4278
4280 4281 4282
4281 4280 4283
4284 4283 4280
4283 4284 4285
4284 4286 4285
4287 4282 4281
4282 4287 4288
4289 4288 4287
4288 4289 4290
4285 4286 4291
4289 4292 4290
4292 4289 4293
4294 4295 4296
4295 4294 4297
4298 4297 4294
4297 4298 4299
4300 4299 4298
4299 4300 4301
4295 4302 4296
4303 4301 4300
4301 4303 4304
4305 4304 4303
4304 4305 4306
4306 4305 4307
4308 4309 4310
4311 4312 4313
4312 4311 4314
4314 4315 4312
4315 4314 4316
4313 4317 4311
4317 4313 4318
4319 4315 4316
4318 4320 4317
4320 4318 4321
4321 4322 4320
4322 4321 4323
4324 4322 4323
4322 4324 4325
4326 4325 4324
4325 4326 4327
4328 4327 4326
4327 4328 4329
4328 4330 4329
4330 4328 4331
4331 4332 4330
4333 4334 4335
4335 4334 4336
4337 4334 4333
4333 4338 4337
4334 4337 4339
4340 4339 4337
4340 4341 4339
4337 4338 4342
4343 4337 4342
4337 4343 4344
4340 4337 4344
4345 4344 4343
4346 4344 4345
4347 4344 4346
4339 4348 4334
4348 4336 4334
4348 4339 4341
4336 4348 4349
4344 4350 4340
4347 4350 4344
4350 4347 4351
4352 4350 4351
4350 4352 4353
4353 4340 4350
4354 4340 4353
4341 4340 4354
4355 4356 4357
4356 4355 4358
4358 4359 4356
4359 4358 4360
4360 4361 4359
4361 4360 4362
4363 4361 4362
4363 4362 4364
4363 4364 4365
4363 4365 4366
4363 4366 4367
4363 4367 4368
4368 4369 4363
4363 4369 4361
4370 4365 4364
4371 4372 4357
4372 4371 4373
4374 4373 4371
4373 4374 4375
4374 4376 4375
4377 4378 4379
4378 4377 4380
4381 4378 4380
4382 4379 4383
4379 4382 4384
4383 4385 4382
4385 4383 4386
4386 4387 4385
4387 4386 4388
4389 4388 4390
4388 4389 4391
4390 4392 4389
4392 4390 4393
4393 4394 4392
4394 4393 4395
4395 4396 4394
4396 4395 4397
4397 4398 4396
4398 4397 4399
4400 4401 4402
4401 4400 4403
4404 4403 4400
4403 4404 4405
4406 4405 4404
4405 4406 4407
4408 4407 4406
4407 4408 4409
4410 4409 4408
4409 4410 4411
4412 4411 4410
4411 4412 4413
4414 4413 4412
4413 4414 4415
4414 4416 4415
4416 4414 4417
4417 4418 4416
4418 4417 4419
4419 4420 4418
4420 4419 4421
4421 4422 4420
4422 4421 4423
4423 4424 4422
4424 4423 4425
4425 4426 4424
4426 4425 4427
4426 4427 4428
4429 4430 4431
4432 4430 4429
4430 4432 4433
4432 4434 4433
4434 4432 4435
4435 4436 4434
4437 4429 4431
4437 4431 4438
4439 4437 4438
4439 4438 4440
4441 4439 4440
4440 4442 4441
4442 4443 4441
4444 4443 4442
4444 4445 4443
4445 4446 4443
4446 4447 4443
4443 4447 4448
4449 4450 4451
4450 4449 4452
4453 4451 4450
4451 4453 4454
4455 4454 4453
4454 4455 4456
4457 4456 4455
4456 4457 4458
4459 4458 4457
4458 4459 4460
4461 4460 4459
4460 4461 4462
4463 4462 4461
4462 4463 4464
4465 4464 4463
4464 4465 4466
4467 4466 4465
4466 4467 4468
4469 4470 4471
4470 4469 4472
4471 4473 4469
4473 4471 4474
4474 4475 4473
4475 4474 4476
4477 4475 4476
4475 4477 4478
4477 4479 4478
4479 4477 4480
4481 4479 4480
4479 4481 4482
4483 4482 4481
4482 4483 4484
4485 4484 4483
4484 4485 4486
4487 4486 4485
4486 4487 4488
4489 4488 4487
4488 4489 4490
4491 4490 4489
4490 4491 4492
4493 4492 4491
4492 4493 4494
4495 4494 4493
4494 4495 4496
4495 4497 4496
4498 4452 4449
4499 4500 4501
4500 4499 4502
4502 4503 4500
4503 4502 4504
4501 4505 4499
4505 4501 4506
4507 4505 4506
4505 4507 4508
4504 4509 4503
4509 4504 4510
4510 4511 4509
4512 4508 4507
4508 4512 4513
4514 4513 4512
4513 4514 4515
4516 4515 4514
4515 4516 4517
4518 4517 4516
4517 4518 4519
4520 4519 4518
4519 4520 4521
4521 4520 4522
4523 4524 4525
4524 4523 4526
4527 4526 4523
4526 4527 4528
4529 4528 4527
4528 4529 4530
4531 4530 4529
4531 4532 4530
4531 4533 4532
4531 4534 4533
4531 4535 4534
4531 4536 4535
4536 4531 4537
4531 4529 4537
4538 4532 4533
4539 4540 4525
4540 4539 4541
4541 4542 4540
4542 4541 4543
4542 4543 4544
4545 4546 4547
4546 4545 4548
4549 4548 4545
4547 4550 4551
4550 4547 4552
4553 4551 4550
4551 4553 4554
4555 4554 4553
4554 4555 4556
4556 4557 4558
4557 4556 4559
4560 4558 4557
4558 4560 4561
4562 4561 4560
4561 4562 4563
4564 4563 4562
4563 4564 4565
4566 4565 4564
4565 4566 4567
4568 4569 4570
4569 4568 4571
4570 4572 4568
4572 4570 4573
4573 4574 4572
4574 4573 4575
4575 4576 4574
4576 4575 4577
4577 4578 4576
4578 4577 4579
4579 4580 4578
4580 4579 4581
4581 4582 4580
4582 4581 4583
4584 4582 4583
4582 4584 4585
4586 4585 4584
4585 4586 4587
4588 4587 4586
4587 4588 4589
4590 4589 4588
4589 4590 4591
4592 4591 4590
4591 4592 4593
4594 4593 4592
4593 4594 4595
4594 4596 4595
4597 4598 4599
4599 4600 4597
4600 4599 4601
4602 4600 4601
4600 4602 4603
4603 4602 4604
4605 4598 4597
4605 4606 4598
4607 4606 4605
4607 4608 4606
4609 4608 4607
4608 4609 4610
4610 4609 4611
4612 4610 4611
4612 4611 4613
4613 4611 4614
4614 4611 4615
4611 4616 4615
4617 4618 4619
4618 4617 4620
4619 4621 4617
4621 4619 4622
4622 4623 4621
4623 4622 4624
4624 4625 4623
4625 4624 4626
4626 4627 4625
4627 4626 4628
4628 4629 4627
4629 4628 4630
4630 4631 4629
4631 4630 4632
4632 4633 4631
4633 4632 4634
4634 4635 4633
4635 4634 4636
4637 4638 4639
4638 4637 4640
4641 4640 4637
4640 4641 4642
4643 4642 4641
4642 4643 4644
4643 4645 4644
4645 4643 4646
4647 4645 4646
4645 4647 4648
4647 4649 4648
4649 4647 4650
4650 4651 4649
4651 4650 4652
4652 4653 4651
4653 4652 4654
4654 4655 4653
4655 4654 4656
4656 4657 4655
4657 4656 4658
4658 4659 4657
4659 4658 4660
4660 4661 4659
4661 4660 4662
4662 4663 4661
4663 4662 4664
4663 4664 4665
4666 4618 4620
4667 4668 4669
4668 4667 4670
4671 4670 4667
4670 4671 4672
4673 4669 4668
4669 4673 4674
4673 4675 4674
4675 4673 4676
4677 4672 4671
4672 4677 4678
4678 4677 4679
4676 4680 4675
4680 4676 4681
4681 4682 4680
4682 4681 4683
4683 4684 4682
4684 4683 4685
4685 4686 4684
4686 4685 4687
4687 4688 4686
4688 4687 4689
4689 4690 4688
4691 4692 4693
4692 4691 4694
4694 4695 4692
4696 4691 4693
4691 4696 4697
4698 4697 4696
4697 4698 4699
4698 4700 4699
4698 4701 4700
4698 4702 4701
4702 4698 4703
4703 4704 4702
4704 4703 4705
4706 4704 4705
4704 4706 4707
4707 4706 4708
4709 4710 4711
4710 4709 4712
4709 4713 4712
4713 4709 4714
4714 4715 4713
4715 4714 4716
4710 4717 4711
4718 4719 4720
4719 4718 4721
4721 4718 4722
4719 4723 4720
4723 4719 4724
4724 4725 4723
4725 4724 4726
4725 4726 4727
4725 4727 4728
4729 4725 4728
4725 4729 4730
4731 4730 4729
4730 4731 4732
4731 4733 4732
4733 4731 4734
4734 4735 4733
4736 4737 4738
4737 4736 4739
4739 4740 4737
4740 4739 4741
4741 4742 4740
4742 4741 4743
4736 4738 4744
4745 4746 4747
4748 4749 4750
4751 4752 4753
4752 4751 4754
4755 4754 4751
4756 4754 4755
4754 4756 4757
4758 4757 4756
4757 4758 4759
4758 4760 4759
4760 4758 4761
4761 4762 4760
4762 4761 4763
4764 4762 4763
4762 4764 4765
4766 4765 4764
4765 4766 4767
4768 4767 4766
4767 4768 4769
4770 4769 4768
4769 4770 4752
4753 4752 4770
4753 4770 4771
4772 4771 4770
4771 4772 4773
4774 4773 4772
4773 4774 4775
4774 4776 4775
4776 4774 4777
4777 4778 4776
4778 4777 4779
4780 4778 4779
4778 4780 4781
4782 4781 4780
4781 4782 4783
4784 4783 4782
4783 4784 4785
4784 4786 4785
4786 4784 4787
4788 4786 4789
4753 4786 4788
4786 4753 4771
4788 4789 4790
4791 4790 4787
4790 4791 4792
4791 4793 4792
4793 4791 4794
4794 4795 4793
4795 4794 4796
4796 4797 4795
4797 4796 4798
4799 4797 4798
4797 4799 4800
4801 4800 4799
4800 4801 4802
4801 4803 4802
4803 4801 4804
4804 4805 4803
4805 4804 4806
4807 4805 4806
4807 4790 4805
4790 4807 4788
4807 4806 4808
4808 4751 4807
4751 4808 4809
4806 4810 4808
4810 4806 4811
4811 4812 4810
4812 4811 4813
4813 4814 4812
4814 4813 4815
4815 4816 4814
4816 4815 4817
4818 4816 4817
4816 4818 4819
4820 4819 4818
4819 4820 4821
4820 4822 4821
4822 4820 4823
4823 4809 4822
4809 4823 4755
4755 4751 4809
4824 4825 4826
4825 4824 4827
4827 4828 4825
4828 4827 4829
4829 4830 4828
4830 4829 4831
4831 4832 4830
4832 4831 4833
4834 4835 4836
4835 4834 4837
4838 4836 4835
4836 4838 4839
4840 4837 4834
4837 4840 4841
4842 4841 4840
4841 4842 4843
4844 4845 4846
4845 4844 4847
4848 4846 4845
4846 4848 4849
4844 4850 4847
4850 4844 4851
4851 4852 4850
4852 4851 4853
4854 4855 4856
4855 4854 4857
4858 4857 4854
4857 4858 4859
4860 4856 4855
4856 4860 4861
4860 4862 4861
4862 4860 4863
4864 4865 4866
4865 4864 4867
4866 4868 4864
4868 4866 4869
4867 4870 4865
4870 4867 4871
4872 4870 4871
4870 4872 4873
4874 4875 4876
4875 4874 4877
4875 4878 4876
4878 4875 4879
4879 4880 4878
4880 4879 4881
4882 4877 4874
4877 4882 4883
4884 4880 4881
4880 4884 4885
4886 4887 4888
4887 4886 4889
4888 4890 4886
4890 4888 4891
4892 4890 4891
4890 4892 4893
4889 4894 4887
4894 4889 4895
4896 4897 4898
4897 4896 4899
4900 4897 4899
4897 4900 4901
4902 4901 4900
4901 4902 4903
4904 4896 4898
4896 4904 4905
4906 4907 4908
4907 4906 4909
4910 4911 4912
4911 4910 4913
4914 4911 4913
4911 4914 4915
4916 4915 4914
4915 4916 4917
4910 4912 4918
4919 4920 4921
4920 4919 4922
4923 4922 4919
4922 4923 4924
4925 4924 4923
4924 4925 4926
4920 4927 4921
4928 4929 4930
4931 4932 4933
4934 4935 4936
4935 4934 4937
4938 4937 4934
4937 4938 4939
4940 4939 4938
4939 4940 4941
4942 4941 4940
4941 4942 4943
4944 4945 4946
4945 4944 4947
4946 4948 4944
4948 4946 4949
4947 4950 4945
4950 4947 4951
4951 4952 4950
4952 4951 4953
4954 4955 4956
4955 4954 4957
4956 4958 4954
4958 4956 4959
4960 4955 4957
4955 4960 4961
4962 4961 4960
4961 4962 4963
4964 4965 4966
4965 4964 4967
4966 4968 4964
4968 4966 4969
4967 4970 4965
4970 4967 4971
4972 4970 4971
4970 4972 4973
4974 4975 4976
4975 4974 4977
4978 4976 4975
4976 4978 4979
4980 4977 4974
4977 4980 4981
4980 4982 4981
4982 4980 4983
4984 4985 4986
4985 4984 4987
4988 4985 4987
4985 4988 4989
4990 4989 4988
4989 4990 4991
4986 4992 4984
4992 4986 4993
4990 4994 4991
4994 4990 4995
4996 4997 4998
4997 4996 4999
5000 4998 4997
4998 5000 5001
5000 5002 5001
5002 5000 5003
5004 4999 4996
4999 5004 5005
5006 5007 5008
5007 5006 5009
5006 5010 5009
5010 5006 5011
5011 5012 5010
5012 5011 5013
5007 5014 5008
5014 5007 5015
5016 5017 5018
5017 5016 5019
5020 5021 5022
5021 5023 5022
5022 5024 5020
5020 5024 5025
5024 5022 5026
5026 5027 5024
5024 5027 5028
5029 5028 5027
5027 5026 5030
5030 5026 5031
5032 5029 5027
5033 5032 5027
5028 5034 5024
5024 5034 5025
5026 5022 5035
5035 5022 5023
5035 5031 5026
5023 5036 5035
5027 5030 5037
5033 5027 5037
5037 5038 5033
5039 5038 5037
5037 5040 5039
5040 5037 5030
5041 5040 5030
5031 5041 5030
5042 5043 5044
5044 5043 5045
5046 5043 5042
5042 5047 5046
5043 5046 5048
5049 5048 5046
5046 5050 5049
5051 5049 5050
5048 5049 5052
5052 5053 5048
5054 5049 5051
5055 5049 5054
5050 5046 5056
5046 5047 5056
5048 5057 5043
5057 5045 5043
5057 5048 5053
5045 5057 5058
5049 5059 5052
5055 5059 5049
5059 5055 5060
5061 5059 5060
5059 5061 5062
5062 5052 5059
5063 5052 5062
5053 5052 5063
