byte offset: 0
first index: 0
index count: 4332
topology: trianglelist
format: DXGI_FORMAT_R16_UINT

0 1 2
1 0 3
2 4 0
4 2 5
5 6 4
6 5 7
7 8 6
8 7 9
9 10 8
10 9 11
11 12 10
12 11 13
13 14 12
14 13 15
15 16 14
16 15 17
17 18 16
18 17 19
19 20 18
20 19 21
21 22 20
22 21 23
23 24 22
24 23 25
25 26 24
26 25 27
28 26 27
26 28 29
28 30 29
30 28 31
31 3 30
3 31 1
32 33 34
33 32 35
35 36 33
36 35 37
38 36 37
36 38 39
38 40 39
40 38 41
41 42 40
42 41 43
43 44 42
44 43 45
45 46 44
46 45 47
47 48 46
48 47 49
49 50 48
50 49 51
51 52 50
52 51 53
53 54 52
54 53 55
55 56 54
56 55 57
57 58 56
58 57 59
59 60 58
60 59 61
61 62 60
62 61 63
63 34 62
34 63 32
64 65 66
64 66 67
68 64 67
65 69 66
65 70 69
65 71 70
71 72 70
72 71 73
73 74 72
74 73 75
75 76 74
76 75 77
77 78 76
77 79 78
80 78 79
67 81 68
82 68 81
82 81 83
82 83 84
84 83 85
79 86 80
86 87 80
86 88 87
88 89 87
88 90 89
88 91 90
91 92 90
92 91 93
93 85 92
93 84 85
94 95 96
95 94 97
98 96 95
96 98 99
100 99 98
99 100 101
102 101 100
101 102 103
104 103 102
103 104 105
106 105 104
105 106 107
108 97 94
97 108 109
110 109 108
109 110 111
112 111 110
111 112 113
114 107 106
107 114 115
114 116 115
116 114 117
118 116 117
116 118 119
120 119 118
119 120 121
121 113 112
113 121 120
122 123 124
123 122 125
126 124 123
124 126 127
128 127 126
127 128 129
130 129 128
129 130 131
132 131 130
131 132 133
134 133 132
133 134 135
136 125 122
125 136 137
138 137 136
137 138 139
140 139 138
139 140 141
142 135 134
135 142 143
144 143 142
143 144 145
146 145 144
145 146 147
148 147 146
147 148 149
149 141 140
141 149 148
150 151 152
151 150 153
153 154 151
154 153 155
156 154 155
154 156 157
156 158 157
158 156 159
159 160 158
160 159 161
162 160 161
160 162 163
152 164 150
164 152 165
166 164 165
164 166 167
166 168 167
168 166 169
162 170 163
170 162 171
172 170 171
170 172 173
172 174 173
174 172 175
176 174 175
169 176 168
174 176 177
176 169 177
178 179 180
178 181 179
181 182 179
181 183 182
184 182 183
183 185 184
185 186 184
185 187 186
187 188 186
187 189 188
187 190 189
190 191 189
191 190 192
192 193 191
193 192 194
195 193 194
194 196 195
197 195 196
196 198 197
199 197 198
198 200 199
200 201 199
200 202 201
202 203 201
204 203 202
205 204 202
205 206 204
206 205 207
207 180 206
180 207 178
208 209 210
208 210 211
208 211 212
208 212 213
208 213 214
208 214 215
208 215 216
208 216 217
208 217 218
208 218 219
208 219 220
208 220 221
208 221 222
208 222 209
223 224 225
224 223 226
226 227 224
227 226 228
225 229 223
229 225 230
230 231 229
231 230 232
232 233 231
233 232 234
234 235 233
235 234 236
228 237 227
237 228 238
238 239 237
239 238 240
240 241 239
241 240 242
236 243 235
243 236 244
244 245 243
245 244 246
246 247 245
247 246 248
249 247 248
242 249 241
247 249 250
249 242 250
251 252 253
252 251 254
255 254 251
254 255 256
257 253 252
253 257 258
257 259 258
259 257 260
260 261 259
261 260 262
262 263 261
263 262 264
265 256 255
256 265 266
267 266 265
266 267 268
269 268 267
268 269 270
264 271 263
271 264 272
272 273 271
273 272 274
275 273 274
273 275 276
275 277 276
277 270 269
277 275 278
270 277 278
268 279 266
280 266 279
266 280 256
281 256 280
256 281 254
279 268 282
270 282 268
282 270 283
278 283 270
283 278 284
278 285 284
285 278 275
275 286 285
286 275 274
274 287 286
287 274 272
272 288 287
288 272 264
264 289 288
289 264 262
262 290 289
290 262 260
260 291 290
291 260 257
252 291 257
291 252 292
254 292 252
292 254 281
293 294 295
296 295 294
295 296 297
296 298 297
298 296 299
296 300 299
299 300 301
302 299 301
299 302 303
303 302 304
303 304 305
306 303 305
296 307 300
308 303 306
309 303 308
296 310 307
311 307 310
312 311 310
313 312 310
294 313 310
294 314 313
315 314 294
293 315 294
296 294 310
303 309 316
309 317 316
317 318 316
298 316 318
298 299 316
299 303 316
319 320 321
320 322 321
322 320 323
324 322 323
322 324 325
322 325 326
325 327 326
328 327 325
327 328 329
328 330 329
328 331 330
332 331 328
322 326 333
328 325 334
334 325 324
335 332 328
336 335 328
334 336 328
337 336 334
322 333 338
333 339 338
339 340 338
338 340 341
338 341 321
321 341 342
343 321 342
319 321 343
322 338 321
344 337 334
334 324 344
345 346 347
346 345 348
348 349 346
349 348 350
351 345 347
345 351 352
353 352 351
352 353 354
355 354 353
354 355 356
357 356 355
356 357 358
350 359 349
359 350 360
360 361 359
361 360 362
362 363 361
363 362 364
365 358 357
358 365 366
367 366 365
366 367 368
369 368 367
368 369 370
371 370 369
364 371 363
370 371 372
371 364 372
373 374 375
374 373 376
376 377 374
377 376 378
375 379 373
379 375 380
380 381 379
381 380 382
382 383 381
383 382 384
384 385 383
385 384 386
378 387 377
387 378 388
388 389 387
389 388 390
390 391 389
391 390 392
386 393 385
393 386 394
394 395 393
395 394 396
397 395 396
395 397 398
397 399 398
399 397 400
392 400 391
400 392 399
401 402 403
402 401 404
405 403 402
403 405 406
407 406 405
406 407 408
409 408 407
408 409 410
409 411 410
411 409 412
412 413 411
413 412 414
414 415 413
415 414 416
416 417 415
417 416 418
418 419 417
419 418 420
420 421 419
421 420 422
423 421 422
421 423 424
425 424 423
424 425 426
427 426 425
426 427 428
404 428 427
428 404 401
429 430 431
430 429 432
432 433 430
433 432 434
435 433 434
433 435 436
437 436 435
436 437 438
439 438 437
438 439 440
441 440 439
440 441 442
443 442 441
442 443 444
445 444 443
444 445 446
447 446 445
446 447 448
449 448 447
448 449 450
451 450 449
450 451 452
451 453 452
453 451 454
454 455 453
455 454 456
456 431 455
431 456 429
457 458 459
458 460 459
461 457 459
462 457 461
463 462 461
463 461 464
465 463 464
465 464 466
467 465 466
468 467 466
469 467 468
469 468 470
471 469 470
472 471 470
473 471 472
458 474 460
474 475 460
474 476 475
475 476 477
476 478 477
477 478 479
478 480 479
481 473 472
480 481 479
480 482 481
482 473 481
483 484 485
484 483 486
487 485 484
485 487 488
489 488 487
488 489 490
491 490 489
490 491 492
493 492 491
492 493 494
495 494 493
494 495 496
497 496 495
496 497 498
499 498 497
498 499 500
501 500 499
500 501 502
503 502 501
502 503 504
505 504 503
504 505 506
507 486 483
486 507 508
509 510 511
510 512 511
512 513 511
513 514 511
514 515 511
515 516 511
516 517 511
517 518 511
518 519 511
519 520 511
520 521 511
521 509 511
522 523 524
525 524 523
524 526 522
522 526 527
526 528 527
524 529 526
529 530 526
528 526 530
529 531 530
531 529 532
529 533 532
533 529 534
534 529 524
525 534 524
535 533 534
533 535 536
535 537 536
537 535 538
538 539 537
539 538 540
541 535 534
542 538 535
542 535 541
543 542 541
542 544 538
544 540 538
542 543 545
544 542 545
546 544 545
547 546 545
548 546 547
541 549 543
549 541 525
549 525 550
550 525 523
541 534 525
548 551 546
551 552 546
544 546 552
544 552 540
551 553 552
553 551 554
555 554 551
555 551 548
554 555 556
557 555 548
557 548 558
558 548 547
559 557 558
539 552 553
552 539 540
555 560 556
560 555 561
561 562 560
562 561 563
561 564 563
555 565 561
557 565 555
565 564 561
557 566 565
559 566 557
565 567 564
566 567 565
567 568 564
564 568 569
569 563 564
563 570 562
570 563 571
569 571 563
572 570 571
569 572 571
570 572 573
574 573 572
573 574 575
576 575 574
575 576 577
578 577 576
577 578 579
578 580 579
580 578 581
582 576 574
583 574 572
583 572 569
583 582 574
569 568 583
584 582 583
578 585 581
576 586 578
586 585 578
583 568 584
582 584 587
587 588 582
582 588 576
588 586 576
588 589 586
590 586 589
586 590 585
590 591 585
585 591 592
592 581 585
587 593 588
593 589 588
581 594 580
594 581 595
592 595 581
596 594 595
596 595 592
594 596 597
598 597 596
597 598 599
600 599 598
599 600 601
602 600 598
603 598 596
596 592 603
603 602 598
592 591 603
603 591 604
604 602 603
602 605 600
606 605 602
604 606 602
606 607 605
608 609 527
609 608 610
609 610 611
611 610 612
611 612 613
610 614 612
610 615 614
608 615 610
616 614 615
614 616 617
615 618 616
618 615 619
608 619 615
619 620 618
620 619 621
619 608 528
528 608 527
619 528 621
530 620 621
528 530 621
620 530 531
622 623 624
623 622 625
625 626 623
626 625 627
628 626 627
626 628 629
630 629 628
629 630 631
632 624 623
624 632 633
633 634 624
635 624 634
622 624 635
634 633 636
636 637 634
637 638 634
635 634 638
638 637 639
637 640 639
640 637 641
637 636 642
642 641 637
641 642 643
631 644 629
644 631 645
646 645 631
647 646 631
645 646 648
649 648 646
650 649 646
650 646 647
649 650 651
652 649 651
649 652 653
653 654 649
648 649 654
654 653 655
652 656 653
656 652 657
658 656 657
656 658 659
660 653 656
653 660 655
661 656 659
656 661 660
659 662 661
662 659 663
663 664 662
664 663 665
666 665 663
665 666 667
667 668 665
668 667 669
670 668 669
668 670 671
672 671 670
671 672 673
673 674 671
674 673 675
676 665 668
665 676 664
676 671 674
671 676 668
677 675 673
675 677 678
679 678 677
680 679 677
679 680 681
682 679 681
679 682 683
678 679 684
683 684 679
684 683 685
686 677 673
686 680 677
672 686 673
687 629 644
629 687 626
687 623 626
623 687 632
688 689 690
691 690 689
692 691 689
693 691 692
693 692 694
695 693 694
695 694 696
697 695 696
697 696 698
699 697 698
700 699 698
701 700 698
702 700 701
703 702 701
688 690 704
703 705 702
706 705 703
706 707 705
688 704 708
688 708 709
709 708 710
711 709 710
712 711 710
712 713 711
714 713 712
714 715 713
716 713 715
716 715 717
718 716 717
719 718 717
720 718 719
720 719 721
722 720 721
722 721 723
724 722 723
724 723 725
726 727 728
727 729 728
728 729 730
731 729 727
731 732 729
729 732 733
729 733 730
732 734 733
733 734 735
730 733 735
730 735 736
737 730 736
728 730 737
738 728 737
726 728 738
738 737 739
739 737 740
737 736 740
741 734 732
731 741 732
742 741 731
743 742 731
744 742 743
744 743 745
745 743 746
746 743 727
747 742 744
748 741 742
748 734 741
747 748 742
749 748 747
749 734 748
750 744 745
750 751 744
751 747 744
752 751 750
753 751 752
754 747 751
753 754 751
754 749 747
755 753 752
746 727 726
743 731 727
749 756 734
749 757 756
754 757 749
754 758 757
753 758 754
753 759 758
755 759 753
759 760 758
760 761 758
758 761 757
757 761 762
757 762 756
761 763 762
761 764 763
760 764 761
764 765 763
765 766 763
763 767 762
763 766 767
767 766 768
766 769 768
770 769 766
765 770 766
769 771 768
756 762 772
762 767 772
767 768 773
767 773 772
768 774 773
768 771 774
773 774 734
772 773 734
774 735 734
771 735 774
771 736 735
775 736 771
769 775 771
776 775 769
770 776 769
776 777 775
777 740 775
775 740 736
756 772 734
777 778 740
739 740 778
779 663 659
779 666 663
658 779 659
780 781 782
781 780 783
781 784 782
784 781 785
786 784 785
784 786 787
786 788 787
788 786 789
790 788 789
788 790 791
792 783 780
783 792 793
792 794 793
794 792 795
796 794 795
794 796 797
796 798 797
798 791 790
798 796 799
791 798 799
800 801 802
803 800 802
803 802 804
800 805 801
806 801 805
807 806 805
806 807 808
808 804 806
808 807 809
809 807 810
809 810 811
810 812 811
812 813 811
804 808 813
813 803 804
803 813 812
805 814 807
814 815 807
815 816 807
815 817 816
818 816 817
819 818 817
820 818 819
818 820 821
820 822 821
821 822 823
823 822 824
805 823 824
805 824 825
814 805 825
819 825 820
825 819 814
826 827 828
827 826 829
830 831 832
831 830 833
834 830 832
830 834 835
836 837 838
837 836 839
840 841 842
841 840 843
844 845 846
845 844 847
848 849 850
849 848 851
852 848 850
848 852 853
854 855 856
855 854 857
858 859 860
859 858 861
862 863 864
863 862 865
866 867 868
867 866 869
866 870 869
870 866 871
872 873 874
873 872 875
876 877 878
877 876 879
880 881 882
881 880 883
884 885 886
885 884 887
884 888 887
888 884 889
890 891 892
891 890 893
894 895 896
895 894 897
898 899 900
899 898 901
902 903 904
903 902 905
906 907 908
907 906 909
910 911 912
911 910 913
914 915 916
915 914 917
918 919 920
919 918 921
922 923 924
923 922 925
926 927 928
927 926 929
930 931 932
931 930 933
934 935 936
935 934 937
938 939 940
939 938 941
942 943 944
943 942 945
946 947 948
947 946 949
950 951 952
951 950 953
954 955 956
955 954 957
958 959 960
959 958 961
962 963 964
963 962 965
966 967 968
967 966 969
970 971 972
971 970 973
974 975 976
975 974 977
978 979 980
980 979 981
980 981 982
983 978 980
984 983 980
980 982 985
986 987 988
988 987 989
988 989 990
991 986 988
992 991 988
988 990 993
994 995 996
996 997 994
997 996 998
999 1000 1001
1002 999 1001
999 1002 1003
647 631 630
1004 1005 1006
1005 1004 1007
1006 1008 1004
1008 1006 1009
1009 1010 1008
1010 1009 1011
1011 1012 1010
1012 1011 1013
1014 1012 1013
1012 1014 1015
1016 1015 1014
1015 1016 1017
1018 1017 1016
1017 1018 1019
1020 1019 1018
1019 1020 1021
1022 1021 1020
1021 1022 1023
1024 1023 1022
1023 1024 1025
1024 1026 1025
1026 1024 1027
1027 1028 1026
1028 1027 1029
1029 1030 1028
1030 1029 1031
1031 1007 1030
1007 1031 1005
1032 1033 1034
1033 1032 1035
1036 1034 1033
1034 1036 1037
1036 1038 1037
1038 1036 1039
1039 1040 1038
1040 1039 1041
1041 1042 1040
1042 1041 1043
1043 1044 1042
1044 1043 1045
1045 1046 1044
1046 1045 1047
1047 1048 1046
1048 1047 1049
1049 1050 1048
1050 1049 1051
1051 1052 1050
1052 1051 1053
1053 1054 1052
1054 1053 1055
1056 1054 1055
1054 1056 1057
1058 1057 1056
1057 1058 1059
1035 1059 1058
1059 1035 1032
1060 1061 1062
1062 1061 1063
1064 1061 1060
1065 1064 1060
1066 1064 1065
1066 1067 1064
1068 1067 1066
1068 1069 1067
1070 1069 1068
1071 1069 1070
1072 1071 1070
1072 1073 1071
1074 1073 1072
1075 1073 1074
1076 1075 1074
1062 1063 1077
1077 1063 1078
1077 1078 1079
1078 1080 1079
1079 1080 1081
1080 1082 1081
1081 1082 1083
1084 1075 1076
1083 1082 1084
1083 1084 1085
1085 1084 1076
1086 1087 1088
1087 1086 1089
1088 1090 1086
1090 1088 1091
1091 1092 1090
1092 1091 1093
1093 1094 1092
1094 1093 1095
1095 1096 1094
1096 1095 1097
1097 1098 1096
1098 1097 1099
1099 1100 1098
1100 1099 1101
1101 1102 1100
1102 1101 1103
1103 1104 1102
1104 1103 1105
1105 1106 1104
1106 1105 1107
1107 1108 1106
1108 1107 1109
1089 1110 1087
1110 1089 1111
1112 1113 1114
1114 1113 1115
1115 1113 1116
1116 1113 1117
1117 1113 1118
1118 1113 1119
1119 1113 1120
1120 1113 1121
1121 1113 1122
1122 1113 1123
1123 1113 1124
1124 1113 1112
1125 1126 1127
1126 1125 1128
1127 1126 1129
1129 1130 1127
1126 1128 1131
1131 1129 1126
1127 1130 1132
1133 1125 1127
1134 1133 1127
1135 1136 1137
1137 1138 1135
1139 1137 1136
1136 1140 1139
1137 1139 1141
1141 1138 1137
1136 1142 1140
1143 1136 1135
1144 1136 1143
1145 1146 1147
1146 1145 1148
1145 1149 1148
1149 1145 1150
1150 1151 1149
1151 1150 1152
1153 1154 1155
1154 1153 1156
1157 1158 1159
1158 1157 1160
1161 1160 1157
1160 1161 1162
1158 1163 1159
1163 1158 1164
1165 1166 1167
1166 1165 1168
1169 1170 1171
1172 1169 1171
1173 1171 1170
1170 1174 1173
1171 1173 1175
1175 1172 1171
1170 1176 1174
1177 1170 1169
1178 1170 1177
1179 1180 1181
1182 1180 1179
1181 1180 1183
1183 1184 1181
1180 1182 1185
1185 1183 1180
1181 1184 1186
1187 1179 1181
1188 1187 1181
1189 1190 1191
1190 1189 1192
1193 1189 1191
1189 1193 1194
1195 1194 1193
1194 1195 1196
1197 1198 1199
1198 1197 1200
1201 1202 1203
1202 1201 1204
1203 1205 1201
1205 1203 1206
1207 1202 1204
1202 1207 1208
1209 1210 1211
1210 1209 1212
1213 1214 1215
1216 1215 1214
1214 1213 1217
1218 1216 1214
1219 1220 1221
1222 1223 1224
1225 1226 1227
1228 1229 1230
1231 1232 1233
1232 1231 1234
1232 1235 1233
1235 1232 1236
1237 1238 1239
1238 1237 1240
1241 1242 1243
1242 1241 1244
1245 1246 1247
1246 1245 1248
1249 1250 1251
1250 1249 1252
1253 1254 1255
1254 1253 1256
1257 1258 1259
1258 1257 1260
1261 1262 1263
1261 1263 1264
1265 1264 1263
1265 1263 1266
1267 1265 1266
1267 1266 1268
1263 1262 1269
1263 1269 1270
1263 1270 1266
1270 1269 1271
1272 1270 1271
1273 1271 1269
1266 1270 1274
1274 1270 1272
1275 1274 1272
1274 1275 1276
1266 1274 1276
1266 1276 1268
1276 1275 1277
1268 1278 1267
1278 1268 1279
1279 1268 1280
1276 1277 1280
1280 1268 1276
1281 1282 1283
1282 1284 1283
1281 1285 1282
1282 1285 1284
1284 1285 1286
1286 1287 1284
1283 1284 1288
1288 1284 1289
1284 1287 1290
1289 1284 1290
1291 1292 1293
1292 1294 1293
1293 1294 1295
1294 1296 1295
1291 1293 1297
1293 1298 1297
1299 1298 1293
1295 1299 1293
1300 1298 1299
1301 1300 1299
1299 1295 1301
1300 1301 1302
1303 1298 1300
1301 1304 1302
1304 1301 1305
1295 1305 1301
1304 1305 1306
1295 1307 1305
1296 1307 1295
1308 1307 1296
1307 1308 1309
1310 1307 1309
1310 1305 1307
1306 1305 1310
1311 1312 1313
1313 1314 1311
1315 1312 1311
1315 1316 1312
1317 1316 1315
1318 1314 1313
1318 1319 1314
1320 1311 1314
1311 1320 1321
1315 1311 1321
1317 1315 1322
1315 1321 1322
1323 1314 1319
1323 1320 1314
1324 1325 1326
1326 1327 1324
1328 1327 1326
1329 1327 1328
1330 1325 1324
1331 1325 1330
1331 1330 1332
1333 1332 1330
1329 1334 1327
1334 1335 1327
1335 1324 1327
1324 1335 1336
1330 1324 1336
1333 1330 1336
1337 1338 1339
1338 1340 1339
1340 1338 1341
1341 1342 1340
1343 1341 1338
1337 1343 1338
1341 1343 1344
1341 1344 1345
1341 1346 1342
1341 1345 1346
1347 1348 1349
1347 1350 1348
1351 1348 1350
1351 1352 1348
1353 1352 1351
1353 1354 1352
1348 1355 1349
1348 1356 1355
1348 1352 1356
1356 1357 1355
1358 1357 1356
1359 1355 1357
1352 1360 1356
1360 1358 1356
1361 1358 1360
1360 1362 1361
1352 1362 1360
1352 1354 1362
1362 1363 1361
1364 1354 1353
1354 1364 1365
1365 1366 1354
1362 1366 1363
1366 1362 1354
1367 1368 1369
1369 1368 1370
1367 1369 1371
1369 1370 1371
1370 1372 1371
1372 1370 1373
1368 1374 1370
1374 1375 1370
1370 1376 1373
1375 1376 1370
1377 1378 1379
1379 1378 1380
1378 1381 1380
1380 1381 1382
1377 1383 1378
1378 1383 1384
1385 1378 1384
1385 1381 1378
1386 1385 1384
1386 1387 1385
1381 1385 1387
1387 1386 1388
1389 1386 1384
1387 1388 1390
1390 1391 1387
1381 1387 1391
1390 1392 1391
1381 1391 1393
1382 1381 1393
1393 1394 1382
1394 1393 1395
1396 1395 1393
1396 1393 1391
1392 1396 1391
1397 1398 1399
1400 1399 1398
1399 1400 1401
1401 1402 1399
1397 1399 1402
1402 1401 1403
1401 1400 1404
1401 1404 1405
1401 1405 1406
1401 1406 1403
1407 1408 1409
1408 1407 1410
1410 1411 1408
1411 1410 1412
1412 1413 1411
1413 1412 1414
1414 1415 1413
1415 1414 1416
1416 1417 1415
1417 1416 1418
1419 1417 1418
1417 1419 1420
1419 1421 1420
1421 1419 1422
1422 1423 1421
1423 1422 1424
1424 1425 1423
1425 1424 1426
1426 1427 1425
1427 1426 1428
1428 1429 1427
1429 1428 1430
1430 1431 1429
1431 1430 1432
1432 1433 1431
1433 1432 1434
1434 1409 1433
1409 1434 1407
