byte offset: 0
first index: 0
index count: 11574
topology: trianglelist
format: DXGI_FORMAT_R16_UINT

0 1 2
2 1 3
0 2 4
5 4 2
6 5 2
2 7 6
7 2 3
5 8 4
5 9 8
10 9 5
9 10 11
4 12 0
4 13 12
8 13 4
0 12 14
14 12 15
14 15 16
14 16 17
15 18 16
16 18 19
16 19 17
13 8 20
13 20 21
13 21 12
12 21 22
23 14 17
23 17 24
17 25 24
17 26 25
27 24 25
27 28 24
27 25 29
25 26 30
24 31 23
31 1 23
32 31 24
28 32 24
32 33 31
33 1 31
34 1 33
35 33 32
35 36 33
35 32 37
34 33 38
38 33 36
38 39 34
38 40 39
40 41 39
40 42 41
34 3 1
36 43 38
43 40 38
44 43 36
36 45 44
46 43 44
47 43 46
48 43 47
48 40 43
46 44 49
50 47 46
40 48 51
42 40 51
48 52 51
48 47 52
49 44 53
54 50 46
54 46 49
55 50 54
50 55 56
57 50 56
50 57 58
50 58 47
58 52 47
56 55 59
55 60 59
61 54 49
54 61 62
54 62 55
63 55 62
64 55 63
63 62 65
63 65 66
67 65 62
67 62 61
68 65 67
66 65 68
66 68 69
67 61 70
71 67 70
70 61 72
70 72 73
73 74 70
72 75 73
73 75 76
75 77 76
75 78 77
75 79 78
77 78 80
81 77 80
81 82 77
83 77 82
77 83 76
83 82 84
73 85 74
74 85 86
71 86 87
88 75 72
49 88 72
49 89 88
61 49 72
89 75 88
49 53 89
90 82 81
90 81 91
90 91 92
82 90 93
82 93 84
94 95 93
44 96 53
45 96 44
97 96 45
98 10 99
99 10 100
98 101 10
101 98 102
98 103 102
98 104 103
98 99 104
104 105 103
106 103 105
106 102 103
106 105 107
106 108 102
109 108 106
109 106 110
110 106 107
108 111 102
109 110 112
109 112 113
114 112 110
104 115 105
115 116 105
115 104 117
118 111 108
118 108 119
120 119 108
113 119 120
113 121 119
122 118 119
116 115 123
117 123 115
124 123 117
123 124 125
124 126 125
126 124 127
124 117 128
127 124 128
113 129 121
127 128 130
130 128 131
117 132 131
41 131 132
130 131 41
128 133 131
126 134 125
52 134 126
125 134 135
135 134 58
58 134 52
135 58 57
127 51 126
130 51 127
51 52 126
41 42 130
42 51 130
113 136 129
113 137 136
137 138 136
138 139 136
136 139 140
141 138 137
142 141 137
112 142 137
142 143 141
143 138 141
144 112 137
136 140 129
140 145 129
140 146 145
145 121 129
147 143 148
149 147 148
112 114 148
149 148 114
114 150 149
114 110 151
110 152 151
152 105 153
153 105 116
154 100 6
100 154 99
100 5 6
100 10 5
99 154 117
117 154 132
117 104 99
154 6 7
10 155 11
156 157 158
157 156 159
160 156 158
161 160 158
162 161 158
160 163 156
159 164 157
165 157 164
165 166 157
167 157 166
157 167 168
158 157 168
169 166 165
169 170 166
170 171 166
167 166 171
170 172 171
167 173 168
174 168 173
175 170 169
172 170 175
175 169 176
175 176 177
177 178 175
172 175 178
158 168 179
69 180 181
68 180 69
182 183 181
182 184 183
182 185 184
186 187 85
0 14 23
23 1 0
188 189 190
189 191 190
191 192 190
192 193 190
193 194 190
194 195 190
190 195 188
196 197 198
197 199 198
198 199 200
201 202 203
201 204 205
201 205 206
207 208 204
209 210 211
210 212 211
211 212 213
102 214 101
214 102 215
216 217 218
217 219 220
217 220 221
222 219 217
222 223 219
224 222 217
224 217 225
226 224 225
227 217 221
220 219 228
220 228 229
229 228 230
231 230 228
231 228 219
231 219 223
232 221 233
232 233 234
232 234 235
236 237 238
236 238 239
240 237 236
241 242 243
244 242 241
244 245 242
246 243 247
246 247 245
248 246 245
249 250 251
249 251 252
253 252 251
71 87 67
254 255 256
254 257 255
257 258 255
258 257 259
259 257 260
260 261 259
262 255 258
262 258 263
264 262 263
264 265 262
258 259 266
258 266 263
264 263 266
260 257 267
267 257 268
257 254 268
259 269 266
270 266 269
270 271 266
264 266 271
259 272 269
259 273 272
274 273 260
272 273 274
260 275 274
276 272 274
276 277 272
276 274 278
279 269 272
277 279 272
269 280 270
280 269 279
281 270 280
281 282 270
283 280 279
283 284 280
280 284 281
284 283 285
285 286 284
285 287 286
286 287 288
286 288 289
287 285 290
287 290 291
292 288 287
292 287 291
290 293 291
293 292 291
290 294 293
293 295 292
296 284 286
296 286 297
297 286 289
295 298 292
295 299 298
300 292 298
288 301 289
298 299 302
303 298 302
288 303 301
288 304 303
297 289 305
305 306 297
296 297 306
305 307 306
296 306 282
305 308 307
305 309 308
289 309 305
308 309 310
301 311 289
311 312 289
312 313 310
311 313 312
314 310 313
311 314 313
315 306 307
315 307 308
315 316 306
311 317 314
316 315 317
317 315 318
315 308 318
308 310 318
316 317 319
319 317 320
319 320 321
322 319 321
322 323 319
321 324 322
321 325 324
326 325 321
326 321 320
324 325 327
327 325 326
324 327 328
327 326 329
323 322 330
331 316 319
331 319 323
329 326 332
329 332 333
300 332 326
332 302 333
303 302 332
330 334 323
330 335 334
336 335 330
334 335 337
335 338 337
339 337 338
339 338 340
338 341 340
341 342 340
342 339 343
339 342 344
345 339 344
345 346 339
339 346 337
270 337 346
337 270 334
347 334 270
347 270 282
270 346 271
345 348 346
349 348 345
349 345 350
344 350 345
264 348 349
264 271 346
264 346 348
264 349 265
342 351 344
351 352 344
344 352 353
353 350 344
353 354 350
331 282 306
331 306 316
334 347 323
355 275 356
356 275 357
358 278 357
358 357 359
360 359 357
360 361 359
358 359 362
362 363 358
362 364 363
365 363 364
365 364 294
294 290 365
290 285 365
366 365 285
363 366 367
283 366 285
366 283 277
367 283 279
368 369 370
368 371 369
369 371 372
373 374 370
372 375 373
373 375 376
372 377 378
376 378 377
376 377 379
380 381 379
380 382 381
382 380 383
384 385 383
386 385 384
386 384 387
388 389 390
388 390 391
392 391 390
392 390 393
394 390 389
394 393 390
394 395 393
395 396 393
395 397 396
394 389 398
394 398 399
399 398 400
398 401 400
389 388 401
389 401 398
399 400 402
402 400 403
404 402 403
404 405 402
406 402 405
406 407 402
394 408 395
394 409 408
410 408 409
410 409 411
412 411 409
412 409 413
394 413 409
399 402 414
402 407 414
394 415 413
415 414 416
413 415 416
413 416 412
399 414 415
394 399 415
417 418 405
405 418 419
405 419 420
405 420 421
405 421 422
423 405 422
424 425 426
427 424 426
427 426 428
428 429 427
428 430 429
426 425 431
431 425 432
431 432 433
433 432 434
434 432 435
424 436 425
427 436 424
437 432 425
436 437 425
437 438 432
439 427 429
427 439 436
439 429 440
438 441 432
441 435 432
442 443 430
442 397 443
444 440 443
444 443 397
445 446 430
445 440 446
395 447 397
395 408 447
448 449 450
450 449 451
451 449 452
451 452 453
450 451 454
451 453 454
455 450 454
455 456 450
457 456 455
458 457 459
458 459 460
460 459 461
462 450 463
464 465 466
466 467 468
468 467 469
470 469 471
470 471 472
473 470 472
473 472 474
475 476 477
478 479 480
481 482 483
483 482 484
485 486 487
486 488 487
485 489 486
490 486 489
491 486 490
486 491 492
492 488 486
489 485 493
485 494 493
494 495 493
494 496 495
494 497 496
485 498 494
498 485 487
498 497 494
499 498 487
498 500 497
500 498 499
497 500 501
497 501 502
503 501 500
503 500 504
503 505 501
501 506 502
507 500 499
504 500 507
507 499 487
507 487 508
509 508 487
510 507 508
510 508 511
510 512 507
509 513 508
513 511 508
513 509 514
513 514 515
515 514 516
515 516 517
509 487 488
511 513 518
518 513 515
519 511 518
518 520 519
521 520 518
522 521 518
522 518 523
523 518 515
523 524 522
524 523 515
517 524 515
520 525 519
520 526 525
526 527 525
526 528 527
516 529 517
517 529 524
529 516 530
516 531 530
532 530 531
529 530 533
533 530 532
534 533 532
535 529 533
529 535 524
534 535 533
536 535 534
524 535 536
537 524 536
522 524 537
537 536 538
539 537 538
539 540 537
541 540 539
541 542 540
543 542 541
543 544 542
545 544 543
545 546 544
544 546 528
528 546 547
528 526 544
542 544 526
542 526 520
521 540 542
542 520 521
522 540 521
522 537 548
549 550 551
550 552 551
549 551 553
553 554 549
549 554 555
549 555 556
549 556 550
556 555 557
558 557 555
558 555 554
558 559 557
558 554 560
561 558 560
561 562 558
562 559 558
560 554 563
561 564 562
565 562 564
556 557 566
566 557 567
566 568 556
569 560 563
569 570 560
571 560 570
571 572 564
572 571 570
572 570 573
574 570 569
567 575 566
568 566 575
576 568 575
575 577 576
576 577 578
572 573 579
572 579 580
572 580 581
578 577 582
577 583 582
583 584 582
583 585 584
586 584 585
585 587 586
586 587 588
588 589 586
587 590 588
588 590 591
589 588 592
593 592 588
594 593 588
589 592 595
593 596 592
593 597 596
598 595 592
598 592 596
599 598 596
597 599 596
597 600 599
598 601 595
602 601 598
601 603 595
601 604 603
604 601 605
603 604 606
604 607 606
606 607 608
606 608 609
606 609 610
608 611 609
612 611 608
612 608 613
614 613 608
608 607 614
614 615 613
604 605 616
605 617 616
602 618 617
619 612 613
619 620 612
619 621 620
613 615 622
613 622 619
623 622 624
625 616 626
602 598 618
627 628 629
629 628 630
627 565 628
565 627 631
564 628 565
564 581 632
632 581 633
632 633 630
572 581 564
630 633 634
633 581 634
581 580 634
634 580 635
580 636 635
580 579 636
636 579 637
636 637 638
637 579 573
565 639 562
562 639 640
640 641 557
641 567 557
642 643 552
552 550 642
552 643 644
552 644 551
551 644 645
645 646 551
551 646 647
550 568 642
568 648 642
568 550 556
644 649 650
644 650 651
650 649 652
649 653 652
652 654 650
652 655 654
652 653 655
653 656 655
657 658 659
659 660 657
661 658 657
662 658 661
663 658 662
661 657 664
660 659 665
666 665 659
666 659 667
668 666 667
668 667 669
669 667 670
669 670 671
672 670 667
672 667 659
659 673 672
658 673 659
672 673 674
675 674 673
676 668 669
671 676 669
676 677 668
676 678 677
678 676 679
671 679 676
658 680 673
681 682 683
683 682 684
685 683 684
682 686 684
600 687 688
599 600 688
689 687 690
689 690 691
689 691 692
693 694 695
694 696 695
694 697 696
698 699 700
700 699 701
701 699 702
702 699 703
703 699 704
704 699 705
699 698 705
706 707 708
708 707 709
707 710 709
711 712 713
711 714 715
711 715 716
717 716 718
719 720 721
721 720 722
720 723 722
554 553 724
724 725 554
726 727 728
728 729 730
728 730 731
732 728 731
732 731 733
734 728 732
734 735 728
736 735 734
737 729 728
730 738 731
730 739 738
739 740 738
741 738 740
741 733 731
741 731 738
742 743 729
742 744 743
742 745 744
746 747 748
746 748 749
750 746 749
751 752 753
754 751 753
754 753 755
756 757 752
756 755 757
758 755 756
759 760 761
759 761 762
763 761 760
764 765 606
766 767 768
767 769 768
770 769 771
770 772 769
773 769 772
773 772 774
770 775 772
775 770 776
775 776 777
778 777 776
778 328 777
328 778 324
324 778 322
779 322 778
776 336 779
330 322 779
779 780 330
781 338 780
781 341 338
781 771 341
780 338 335
342 341 768
782 783 784
782 784 785
784 786 785
787 783 788
786 787 789
787 790 789
786 791 792
790 792 791
790 793 792
794 793 795
794 795 796
796 797 794
798 797 799
800 798 799
800 801 798
320 303 802
320 301 303
320 317 301
301 317 311
803 804 805
804 806 805
806 807 805
806 808 807
804 809 806
806 809 808
810 809 804
810 804 811
812 810 811
813 814 812
813 815 814
815 816 814
817 818 804
819 820 821
820 822 823
822 824 823
825 826 824
825 827 826
828 827 825
828 829 827
830 831 832
833 834 835
836 837 838
837 839 838
840 492 491
841 842 843
844 841 843
844 843 845
842 841 846
841 847 846
841 848 847
848 849 847
844 845 849
842 846 850
851 842 850
842 851 852
853 851 850
853 854 851
851 854 855
851 855 856
851 856 857
852 856 858
858 859 852
852 859 860
858 861 859
860 859 862
859 861 863
862 859 863
852 860 864
864 860 865
865 860 866
867 865 866
868 865 867
868 864 865
868 867 869
868 869 870
870 869 871
870 871 872
872 871 873
866 860 874
874 875 866
866 875 876
866 876 877
866 877 878
878 879 866
880 879 878
880 881 879
880 882 881
880 883 882
883 873 882
877 876 884
884 878 877
884 885 878
886 885 884
885 886 887
885 887 888
886 884 889
886 889 890
887 891 888
887 892 891
891 892 893
891 893 894
894 893 895
894 895 896
896 895 897
892 898 893
895 899 897
900 899 895
887 886 901
887 901 902
902 892 887
903 898 902
903 904 900
905 900 904
905 906 900
906 905 907
906 907 908
908 907 909
908 909 910
910 909 911
905 912 907
905 913 912
913 905 904
913 904 914
915 913 914
915 916 912
915 912 917
915 914 918
914 919 918
914 920 919
907 921 909
907 922 921
922 916 923
922 923 921
924 920 914
924 914 904
920 925 919
926 920 924
926 924 903
903 924 904
926 903 927
928 926 927
928 927 929
929 889 928
903 902 927
902 929 927
902 901 929
901 889 929
930 919 925
931 919 930
931 918 919
915 918 931
915 931 932
932 931 933
932 933 934
934 933 900
935 903 900
934 900 906
906 936 934
906 908 936
908 937 936
908 910 937
910 911 937
938 900 933
934 936 939
915 940 939
934 939 940
915 939 916
936 937 941
936 941 942
942 941 923
942 923 916
937 911 943
911 944 943
911 945 944
923 946 945
946 944 945
923 943 946
946 943 944
923 945 947
947 945 909
909 945 911
923 948 943
948 937 943
949 950 938
951 950 949
951 952 950
952 951 953
949 938 954
938 950 955
955 950 952
938 955 956
949 954 930
957 938 956
955 952 958
958 952 953
959 955 958
959 958 960
885 959 960
885 888 959
960 961 953
960 953 962
960 962 885
959 888 891
959 891 963
955 959 963
891 964 963
963 964 956
956 964 957
891 894 964
894 965 964
957 964 965
894 896 965
896 897 965
965 897 899
962 878 885
962 966 878
967 878 966
878 967 968
880 878 968
880 968 969
880 969 970
880 970 883
883 970 873
967 966 971
967 971 972
973 967 972
967 973 974
975 967 974
976 975 974
977 967 975
868 977 975
868 975 976
868 978 977
868 870 978
870 979 978
870 872 979
872 873 979
980 976 974
980 974 981
974 982 981
983 980 981
983 981 984
981 985 984
982 985 981
980 983 986
987 976 980
987 980 988
988 989 986
988 986 990
988 990 991
988 850 987
853 850 988
853 988 991
987 850 846
987 846 992
992 993 987
994 993 992
994 995 993
992 846 847
992 847 996
996 847 849
994 849 995
987 993 976
997 849 998
999 997 998
999 998 843
999 843 1000
999 1000 1001
999 993 1002
999 1002 997
997 1002 849
999 1001 1003
999 1003 993
1001 868 976
1001 864 868
843 842 864
842 852 864
1004 1005 1006
1005 1007 1006
1008 1004 1006
1008 1006 1009
1010 1008 1009
1010 1009 1011
1012 1010 1011
1010 1012 1013
1013 1008 1010
1006 1014 1009
1009 1014 1015
1006 1016 1014
1007 1016 1006
1007 1017 1016
1015 1014 1018
1018 1019 1011
1016 1020 1014
1021 1014 1020
1021 1020 1022
1016 1023 1020
1024 1023 1016
1024 1025 1023
1019 1026 1015
1019 1027 1026
1027 1012 1026
1019 1028 1027
1028 1029 1027
1029 1030 1031
1030 1032 1031
1032 1011 1026
1033 1034 1035
1033 1035 1036
1036 1035 1037
1034 1038 1035
1039 1038 1034
1039 1040 1038
1039 1041 1040
1042 1034 1033
1043 1042 1033
1044 1045 1037
1046 1045 1044
1047 1048 1049
1048 1050 1049
1049 1050 1051
1051 1050 1052
1048 1053 1050
1051 1052 1054
1054 1052 1055
1054 1055 1056
1054 1056 1057
1057 1056 1058
1057 1058 1059
1060 1059 1058
1060 1058 1061
1062 1060 1061
1062 1061 1063
1062 1064 1060
1065 1060 1064
1065 1059 1060
1062 1063 1066
1062 1066 1067
1068 1067 1066
1068 1069 1067
1062 1070 1064
1064 1071 1065
1070 1072 1064
1070 1073 1072
1074 1071 1073
1065 1071 1074
1074 1073 1075
1073 1076 1075
1073 1077 1076
1073 1078 1077
1073 1079 1078
1070 1079 1073
1077 1080 1076
1077 1081 1080
1078 1081 1077
1078 1082 1081
1081 1083 1080
1081 1084 1083
1082 1084 1081
1084 1085 1083
1084 1086 1085
1082 1086 1084
1087 1088 1089
1087 1089 1090
1088 1091 1089
1092 1091 1088
1093 1091 1094
1094 1095 1093
1094 1096 1095
1097 1096 1094
1094 1088 1097
1098 1097 1088
1098 1099 1097
1097 1100 1096
1095 1096 1101
1101 1096 1102
1100 1103 1096
1096 1103 1102
1103 1104 1102
1103 1105 1104
1104 1105 1106
1104 1106 1107
1104 1107 1108
1102 1109 1101
1106 1110 1107
1106 1111 1110
1107 1110 1112
1107 1112 1108
1111 1113 1110
1111 1114 1113
1113 1114 1115
1113 1115 1116
1110 1113 1116
1110 1116 1117
1104 1118 1102
1104 1108 1118
1109 1119 1120
1109 1120 1121
1121 1120 1122
1123 1109 1121
1123 1121 1124
1124 1121 1125
1126 1127 1123
1126 1128 1127
1126 1129 1128
1126 1130 1129
1126 1131 1130
1129 1130 1132
1129 1132 1133
1133 1132 1134
1133 1134 1135
1135 1134 1136
1129 1133 1137
1129 1137 1128
1133 1138 1137
1133 1139 1138
1139 1136 1138
1126 1140 1141
1142 1143 1141
1141 1143 1144
1123 1145 1142
1126 1123 1142
1142 1145 1146
1146 1147 1142
1148 1144 1147
1148 1147 1149
1146 1149 1147
1150 1151 1123
1123 1127 1150
1101 1151 1152
1095 1101 1152
1153 1109 1123
1101 1154 1153
1155 1119 1109
1156 898 903
893 898 1156
1156 895 893
902 898 1157
900 895 935
900 1158 965
1158 900 938
900 965 899
938 933 1159
1159 933 931
1159 931 930
863 861 1160
1161 1162 1163
1161 1163 1164
1162 1165 1163
1166 1161 1164
1166 1167 1161
1167 1166 1168
1167 1168 1169
1169 1168 1170
1169 1170 1171
1172 1169 1171
1169 1172 1173
1169 1173 1174
1173 1175 1174
1172 1171 1176
1170 1069 1171
1170 1177 1069
1171 1069 1178
1171 1178 1176
1174 1175 1179
1179 1175 1180
1180 1175 1181
1180 1181 1165
1069 1182 1183
1069 1183 1184
1062 1184 1183
1185 1186 1100
1186 1103 1100
1185 1100 1187
1103 1186 1105
1100 1188 1189
1188 1190 1187
1188 1191 1190
1190 1191 1192
1192 1191 1193
1191 1194 1193
1195 1194 1191
1195 1191 1188
1097 1195 1188
1097 1196 1195
1197 1097 1188
1198 1199 1200
1199 1201 1202
1199 1202 1203
1204 1205 1201
1206 1207 1208
1207 1209 1208
1206 1210 1207
1209 1211 1212
1213 1212 1214
1213 1214 1215
1216 1213 1215
1212 1217 1214
1059 1065 1218
1065 1219 1218
1065 1220 1219
1065 1221 1220
1220 1222 1219
1223 1222 1220
1221 1223 1220
1223 1224 1222
1222 1224 1225
1219 1222 1225
1057 1059 1226
1056 1227 1058
1061 1058 1227
1061 1227 1063
1056 1228 1227
1229 1228 1056
1230 1229 1056
1230 1056 1055
1230 1055 1231
1232 1230 1231
1232 1231 1233
1234 1232 1233
1235 1234 1233
1236 1234 1235
1235 1233 1237
1229 1238 1228
1239 1228 1238
1239 1240 1228
1241 1063 1240
1241 1240 1239
1241 1239 1242
1243 1242 1239
1243 1239 1238
1241 1242 1244
1242 1243 1245
1244 1242 1246
1244 1246 1247
1248 1247 1245
1243 1248 1245
1248 1249 1247
1247 1249 1250
1247 1250 1251
1247 1251 1252
1247 1252 1253
1244 1247 1253
1251 1250 1254
1251 1254 1255
1252 1251 1255
1252 1255 1256
1255 1254 1257
1255 1257 1258
1256 1255 1258
1258 1257 1259
1258 1259 1260
1256 1258 1260
884 1261 889
1262 1263 1264
1264 1263 1265
1266 1263 1262
1266 1267 1263
1268 1267 1266
1268 1269 1267
1270 1268 1266
1268 1270 1271
1271 1269 1268
1263 1267 1272
1267 1273 1272
1263 1272 1274
1265 1263 1274
1265 1274 1275
1273 1276 1272
1276 1269 1277
1274 1272 1278
1279 1278 1272
1279 1280 1278
1274 1278 1281
1282 1274 1281
1282 1281 1283
1277 1273 1284
1285 1284 1269
1277 1284 1286
1277 1286 1287
1287 1286 1288
1286 1284 1271
1289 1290 1285
1288 1290 1289
1291 1292 1293
1291 1293 1294
1292 1295 1293
1294 1293 1296
1297 1294 1296
1297 1296 1298
1297 1298 1299
1300 1291 1294
1301 1291 1300
1302 1295 1303
1304 1302 1303
1305 1306 1307
1305 1308 1306
1307 1306 1309
1310 1307 1309
1311 1312 1309
1312 1311 1313
1312 1313 1314
1315 1312 1314
1312 1315 1307
1316 1307 1315
1316 1315 1317
1315 1314 1318
1313 1319 1314
1319 1320 1314
1318 1314 1321
1314 1320 1321
1321 1320 1322
1321 1322 1323
1322 1324 1323
1322 1325 1324
1320 1319 1326
1324 1325 1327
1324 1327 1328
1325 1329 1327
1325 1330 1329
1322 1330 1325
1322 1331 1330
1322 1320 1331
1328 1327 1332
1328 1332 1333
1332 1334 1333
1332 1335 1334
1327 1335 1332
1327 1336 1335
1321 1323 1337
1338 1318 1337
1337 1318 1321
1338 1339 1318
1326 1340 1341
1340 1342 1341
1343 1344 1340
1345 1343 1340
1345 1340 1326
1326 1341 1346
1347 1345 1326
1348 1345 1347
1319 1347 1326
1319 1349 1347
1313 1349 1319
1350 1326 1346
1345 1348 1351
1352 1345 1351
1352 1351 1353
1352 1353 1354
1352 1354 1355
1352 1355 1356
1354 1357 1355
1354 1358 1357
1358 1359 1357
1358 1360 1359
1360 1361 1359
1354 1353 1362
1354 1362 1358
1358 1362 1363
1358 1363 1364
1364 1363 1361
1352 1365 1366
1367 1365 1368
1365 1369 1368
1345 1367 1370
1352 1367 1345
1370 1367 1371
1371 1367 1372
1373 1372 1369
1373 1374 1372
1371 1372 1374
966 962 971
962 953 1375
985 1376 984
1377 1378 1379
1377 1379 1380
1380 1379 1381
1382 1378 1377
1382 1377 1383
1383 1384 1382
1383 1385 1384
1385 1386 1384
1385 1387 1386
1388 1387 1385
1385 1389 1388
1385 1390 1389
1389 1390 1391
1388 1392 1387
1386 1387 1393
1386 1393 1394
1387 1392 1395
1387 1395 1393
1395 1396 1393
1395 1397 1396
1241 1396 1397
1241 1397 1063
1391 1390 1398
1398 1399 1391
1391 1399 1400
1399 1381 1400
1393 1401 1402
1241 1402 1401
1393 1402 1403
1240 1063 1227
1240 1227 1228
1404 1405 1406
1407 1404 1406
1407 1339 1404
1405 1408 1406
1406 1408 1409
1410 1406 1409
1410 1407 1406
1315 1407 1410
1315 1410 1411
1412 1407 1315
1318 1413 1407
1414 1415 1416
1416 1417 1418
1416 1419 1417
1420 1418 1421
1422 1423 1424
1424 1423 1425
1422 1424 1426
1425 1427 1428
1429 1430 1427
1429 1431 1430
1432 1431 1429
1427 1430 1433
1238 1434 1243
1243 1434 1435
1243 1435 1436
1243 1436 1437
1436 1435 1438
1439 1436 1438
1437 1436 1439
1439 1438 1440
1438 1441 1440
1435 1441 1438
1229 1442 1238
955 1443 956
1444 1445 1446
1444 1446 1447
1444 1448 1445
1444 1449 1448
1445 1448 1450
1445 1450 1451
1446 1445 1451
1450 1452 1451
1450 1453 1452
1454 1453 1450
1454 1455 1453
1456 1455 1454
1457 1456 1454
1457 1454 1458
1458 1448 1459
1458 1459 1460
1457 1458 1460
1457 1460 1461
1456 1462 1455
1463 1462 1456
1463 1464 1462
1458 1454 1465
1458 1465 1448
1462 1464 1466
1462 1466 1467
1455 1462 1467
1467 1466 1468
1469 1468 1466
1469 1466 1470
1464 1470 1466
1470 1471 1469
1470 1472 1471
1472 1473 1471
1472 1474 1473
1475 1467 1468
1475 1468 1476
1477 1475 1476
1477 1476 1478
1455 1467 1475
1479 1477 1478
1479 1480 1477
1452 1477 1480
1452 1480 1481
1482 1481 1480
1481 1482 1483
1481 1483 1484
1483 1447 1484
1483 1485 1447
1483 1486 1485
1481 1484 1487
1481 1487 1452
1453 1477 1452
1482 1488 1483
1482 1489 1488
1490 1489 1482
1490 1482 1479
1491 1490 1479
1491 1479 1492
1492 1493 1491
1492 1494 1493
1495 1493 1494
1496 1490 1491
1497 1447 1485
1497 1498 1447
1499 1498 1497
1499 1500 1498
1500 1501 1498
1500 1502 1501
1503 1500 1499
1503 1504 1500
1504 1502 1500
1504 1505 1502
1505 1504 1506
1505 1506 1507
1508 1505 1507
1502 1505 1508
1508 1507 1509
1510 1508 1509
1506 1504 1511
1506 1511 1512
1502 1513 1501
1502 1514 1513
1514 1515 1508
1507 1516 1509
1509 1516 1517
1509 1517 1518
1518 1517 1519
1518 1519 1520
1520 1521 1518
1510 1518 1521
1520 1522 1521
1510 1521 1523
1523 1513 1514
1523 1449 1513
1522 1524 1521
1524 1523 1521
1522 1525 1524
1524 1526 1523
1526 1524 1525
1526 1525 1527
1517 1528 1519
1517 1529 1528
1516 1529 1517
1516 1530 1529
1531 1530 1516
1507 1531 1516
1507 1532 1531
1507 1506 1532
1512 1532 1506
1512 1533 1532
1531 1534 1530
1532 1534 1531
1532 1535 1534
1533 1536 1532
1533 1537 1536
1535 1538 1534
1538 1530 1534
1535 1539 1538
1537 1539 1535
1537 1540 1539
1530 1541 1529
1542 1538 1539
1543 1538 1542
1530 1543 1541
1543 1530 1538
1541 1543 1544
1542 1544 1543
1541 1544 1545
1546 1541 1545
1546 1547 1541
1545 1548 1546
1542 1549 1544
1550 1549 1542
1542 1539 1550
1539 1540 1551
1539 1551 1550
1528 1529 1541
1528 1541 1547
1550 1551 1552
1550 1552 1553
1550 1553 1549
1549 1554 1544
1553 1554 1549
1544 1554 1555
1544 1555 1545
1548 1545 1555
1554 1556 1555
1554 1557 1556
1553 1558 1554
1548 1555 1559
1560 1559 1555
1560 1561 1559
1552 1551 1562
1563 1564 1565
1563 1565 1566
1566 1463 1563
1566 1567 1463
1564 1568 1565
1564 1569 1568
1569 1527 1568
1570 1568 1527
1463 1567 1571
1463 1571 1464
1464 1571 1572
1464 1572 1470
1572 1472 1470
1572 1573 1472
1573 1474 1472
1573 1574 1474
1573 1575 1574
1573 1576 1575
1576 1573 1572
1576 1572 1571
1577 1576 1571
1571 1567 1577
1577 1578 1576
1578 1575 1576
1578 1577 1579
1578 1579 1580
1580 1581 1578
1578 1581 1575
1580 1582 1581
1580 1579 1583
1579 1584 1583
1579 1585 1584
1579 1565 1585
1566 1565 1579
1577 1566 1579
1585 1565 1568
1585 1568 1586
1585 1586 1587
1585 1587 1584
1588 1587 1586
1588 1589 1587
1580 1583 1590
1582 1580 1590
1582 1590 1591
1592 1590 1583
1592 1593 1590
1593 1591 1590
1594 1593 1592
1594 1595 1593
1596 1595 1594
1596 1594 1597
1597 1594 1598
1598 1594 1592
1597 1598 1599
1598 1600 1599
1598 1601 1600
1601 1602 1600
1601 1603 1602
1595 1596 1604
1595 1604 1605
1595 1605 1606
1595 1606 1593
1593 1606 1591
1603 1601 1607
1607 1601 1598
1603 1607 1608
1607 1598 1609
1598 1592 1609
1589 1608 1607
1589 1607 1587
1587 1607 1609
1587 1609 1584
1609 1592 1583
1609 1583 1584
1610 1600 1602
1610 1602 1611
1610 1611 1612
1610 1612 1613
1599 1610 1613
1599 1613 1614
1614 1597 1599
1614 1615 1597
1597 1615 1616
1597 1616 1617
1617 1616 1618
1617 1618 1619
1596 1617 1619
1597 1617 1596
1596 1619 1604
1615 1620 1616
1615 1621 1620
1614 1621 1615
1621 1622 1620
1621 1623 1622
1616 1620 1624
1616 1624 1618
1620 1622 1625
1620 1625 1626
1614 1627 1621
1621 1627 1628
1621 1628 1623
1627 1629 1628
1627 1630 1629
1613 1630 1627
1614 1613 1627
1613 1612 1630
1631 1622 1623
1631 1625 1622
1631 1623 1632
1633 1625 1631
1623 1628 1634
1623 1634 1632
1628 1629 1635
1628 1635 1634
1636 1631 1632
1636 1632 1637
1636 1637 1638
1636 1638 1639
1640 1636 1639
1640 1633 1631
1640 1631 1636
1640 1639 1641
1638 1637 1642
1632 1634 1643
1632 1643 1637
1634 1635 1643
1637 1643 1642
1644 1642 1643
1645 1644 1643
1635 1645 1643
1645 1646 1644
1647 1648 1649
1650 1649 1648
1650 1648 1651
1651 1652 1650
1651 1653 1652
1651 1648 1654
1651 1654 1653
1648 1655 1654
1648 1656 1655
1657 1655 1656
1657 1656 1658
1659 1657 1658
1659 1658 1660
1661 1659 1660
1659 1661 1662
1659 1662 1663
1663 1657 1659
1663 1662 1664
1661 1660 1665
1663 1666 1657
1664 1666 1663
1667 1655 1657
1667 1668 1655
1655 1668 1669
1655 1669 1654
1670 1669 1668
1670 1668 1671
1664 1672 1666
1672 1671 1668
1672 1668 1666
1671 1672 1673
1671 1673 1674
1674 1670 1671
1674 1675 1670
1676 1674 1673
1676 1677 1674
1677 1675 1674
1677 1678 1675
1679 1675 1678
1679 1678 1680
1681 1670 1675
1681 1675 1679
1681 1669 1670
1681 1679 1682
1681 1682 1683
1681 1684 1669
1683 1684 1681
1684 1654 1669
1684 1653 1654
1683 1685 1684
1685 1686 1684
1685 1652 1686
1687 1682 1679
1688 1679 1680
1687 1689 1690
1691 1690 1689
1691 1692 1690
1692 1691 1693
1692 1693 1694
1694 1695 1692
1694 1696 1695
1697 1696 1694
1697 1698 1696
1694 1693 1699
1694 1699 1697
1692 1695 1700
1692 1700 1690
1700 1701 1690
1688 1690 1701
1700 1702 1701
1703 1698 1697
1704 1703 1697
1705 1703 1704
1705 1706 1703
1704 1697 1676
1707 1706 1705
1707 1708 1706
1708 1707 1709
1708 1709 1710
1710 1709 1711
1710 1711 1712
1712 1711 1713
1712 1713 1714
1710 1715 1708
1710 1716 1715
1716 1710 1712
1716 1717 1715
1716 1718 1717
1719 1718 1716
1720 1718 1719
1720 1721 1718
1717 1718 1721
1719 1722 1720
1719 1723 1722
1719 1716 1724
1724 1723 1719
1716 1712 1724
1724 1712 1714
1724 1725 1723
1724 1714 1725
1717 1726 1715
1717 1727 1726
1717 1721 1727
1708 1715 1726
1708 1726 1706
1706 1726 1728
1706 1728 1703
1703 1728 1698
1723 1725 1729
1730 1729 1725
1730 1725 1731
1731 1725 1714
1731 1714 1732
1732 1714 1713
1732 1713 1733
1731 1732 1734
1735 1734 1732
1735 1732 1736
1735 1736 1737
1738 1735 1737
1738 1739 1735
1735 1739 1740
1735 1740 1741
1735 1741 1734
1739 1738 1742
1739 1742 1743
1743 1740 1739
1743 1744 1740
1741 1740 1745
1746 1745 1740
1746 1747 1745
1741 1745 1748
1734 1741 1748
1734 1748 1749
1734 1749 1750
1751 1736 1752
1751 1752 1753
1752 1754 1753
1752 1755 1754
1755 1756 1754
1755 1757 1756
1757 1758 1756
1759 1756 1758
1759 1760 1756
1754 1756 1760
1761 1760 1759
1761 1762 1760
1763 1760 1762
1764 1763 1762
1764 1762 1765
1761 1765 1762
1763 1764 1766
1763 1766 1767
1763 1768 1760
1768 1763 1767
1754 1760 1768
1753 1754 1768
1768 1767 1769
1757 1770 1758
1761 1759 1771
1771 1759 1758
1761 1771 1772
1761 1772 1765
1662 1772 1771
1662 1773 1772
1772 1773 1765
1661 1773 1662
1773 1661 1774
1773 1774 1765
1774 1775 1765
1765 1775 1764
1775 1776 1764
1764 1776 1766
1753 1768 1769
1771 1664 1662
1664 1771 1777
1770 1778 1777
1778 1779 1777
1664 1777 1779
1778 1780 1779
1673 1779 1780
1673 1780 1699
1779 1673 1672
1779 1672 1664
1776 1775 1781
1781 1775 1782
1782 1775 1774
1783 1781 1782
1782 1774 1784
1770 1777 1758
1771 1758 1777
1785 1751 1753
1785 1753 1769
1769 1786 1785
1769 1787 1786
1767 1787 1769
1785 1788 1751
1789 1751 1788
1789 1733 1751
1789 1790 1733
1789 1791 1790
1789 1792 1791
1789 1793 1792
1789 1794 1793
1789 1788 1794
1792 1795 1791
1792 1796 1795
1793 1796 1792
1793 1797 1796
1794 1798 1793
1798 1799 1793
1798 1800 1799
1794 1801 1798
1788 1801 1794
1788 1802 1801
1788 1803 1802
1803 1788 1785
1803 1785 1786
1804 1453 1475
1453 1455 1475
1446 1451 1484
1484 1447 1446
1498 1444 1447
1498 1501 1444
1501 1449 1444
1501 1513 1449
1805 1806 1807
1805 1807 1471
1806 1808 1807
1806 1809 1808
1810 1808 1809
1810 1809 1811
1812 1810 1811
1812 1811 1813
1814 1812 1813
1808 1815 1807
1808 1816 1815
1807 1469 1471
1807 1815 1469
1468 1469 1815
1817 1810 1812
1818 1817 1812
1818 1812 1814
1818 1819 1817
1818 1814 1820
1820 1814 1821
1821 1814 1822
1814 1813 1822
1821 1822 1823
1820 1821 1824
1818 1820 1825
1826 1817 1819
1816 1827 1815
1468 1815 1827
1827 1476 1468
1827 1828 1476
1476 1828 1829
1476 1829 1478
1830 1828 1827
1830 1831 1828
1831 1829 1828
1831 1826 1819
1832 1831 1830
1832 1830 1816
1816 1830 1827
1832 1816 1808
1832 1808 1810
1817 1832 1810
1478 1829 1492
1478 1492 1479
1829 1494 1492
1829 1833 1494
1831 1833 1829
1494 1833 1834
1831 1819 1833
1833 1819 1834
1819 1818 1834
1818 1835 1834
1834 1835 1836
1834 1836 1495
1495 1494 1834
1837 1495 1836
1837 1838 1495
1838 1493 1495
1838 1839 1493
1840 1839 1838
1840 1841 1839
1842 1839 1841
1842 1491 1839
1839 1491 1493
1818 1825 1835
1843 1840 1838
1843 1838 1837
1842 1844 1845
1844 1846 1845
1845 1846 1847
1847 1846 1848
1845 1847 1849
1847 1486 1849
1847 1850 1486
1851 1850 1847
1851 1852 1850
1853 1852 1851
1853 1851 1854
1854 1851 1855
1847 1855 1851
1846 1856 1855
1854 1855 1856
1846 1857 1856
1858 1854 1856
1859 1854 1858
1859 1860 1854
1859 1861 1860
1859 1862 1861
1863 1861 1862
1864 1861 1863
1864 1852 1860
1864 1860 1861
1864 1863 1865
1864 1865 1852
1852 1865 1850
1863 1862 1866
1863 1867 1865
1863 1868 1867
1866 1868 1863
1869 1867 1868
1869 1868 1870
1871 1867 1869
1871 1872 1867
1865 1867 1872
1511 1871 1869
1511 1869 1873
1873 1869 1870
1873 1870 1874
1874 1875 1873
1874 1876 1875
1877 1876 1874
1870 1877 1874
1877 1878 1876
1503 1873 1875
1503 1875 1879
1880 1870 1868
1880 1881 1870
1881 1877 1882
1876 1878 1883
1878 1884 1883
1878 1885 1884
1886 1885 1878
1881 1886 1877
1885 1887 1884
1885 1888 1887
1889 1888 1885
1889 1890 1888
1890 1889 1891
1890 1891 1892
1891 1889 1893
1893 1886 1881
1893 1881 1880
1893 1880 1866
1894 1893 1889
1894 1889 1885
1891 1893 1895
1895 1892 1891
1895 1896 1892
1884 1887 1897
1884 1897 1898
1883 1884 1898
1883 1898 1899
1900 1883 1899
1876 1883 1900
1901 1876 1900
1901 1875 1876
1901 1879 1875
1901 1902 1879
1900 1899 1903
1901 1900 1903
1901 1903 1904
1905 1902 1901
1905 1906 1902
1904 1903 1907
1907 1903 1899
1904 1907 1908
1906 1904 1908
1906 1908 1909
1910 1907 1899
1899 1911 1910
1899 1898 1911
1912 1910 1911
1912 1911 1913
1914 1913 1911
1914 1911 1915
1913 1914 1916
1917 1910 1912
1910 1917 1907
1917 1908 1907
1917 1912 1918
1919 1917 1918
1917 1919 1908
1920 1909 1908
1920 1908 1919
1911 1898 1897
1911 1897 1915
1919 1921 1920
1919 1918 1922
1919 1922 1921
1918 1912 1923
1923 1922 1918
1924 1923 1912
1924 1912 1913
1924 1913 1916
1925 1923 1924
1925 1926 1923
1923 1927 1922
1924 1916 1928
1928 1929 1924
1928 1930 1929
1920 1921 1931
1526 1461 1460
1932 1461 1526
1527 1932 1526
1932 1564 1461
1461 1564 1563
1461 1563 1457
1563 1456 1457
1563 1463 1456
1526 1460 1523
1523 1460 1459
1523 1514 1933
1514 1508 1933
1933 1509 1518
1934 1935 1936
1934 1936 1937
1937 1936 1938
1937 1938 1939
1939 1938 1940
1939 1940 1941
1942 1941 1940
1942 1940 1943
1944 1934 1937
1944 1937 1945
1939 1945 1937
1939 1946 1945
1944 1945 1947
1944 1947 1948
1948 1947 1647
1949 1947 1945
1949 1945 1946
1946 1950 1949
1658 1949 1950
1658 1656 1949
1947 1949 1656
1648 1947 1656
1647 1947 1648
1946 1951 1950
1951 1946 1939
1951 1939 1941
1660 1658 1950
1660 1950 1951
1660 1951 1941
1660 1941 1942
1588 1570 1952
1570 1588 1586
1570 1586 1568
1782 1943 1953
1782 1953 1954
1943 1955 1953
1943 1940 1955
1940 1938 1955
1953 1956 1954
1953 1957 1956
1955 1957 1953
1955 1958 1957
1938 1958 1955
1938 1959 1958
1959 1938 1936
1959 1936 1960
1935 1960 1936
1935 1961 1960
1961 1962 1960
1961 1963 1962
1964 1962 1963
1964 1963 1965
1965 1966 1964
1965 1967 1966
1968 1964 1966
1968 1966 1969
1970 1968 1969
1970 1971 1968
1972 1971 1970
1972 1973 1971
1972 1974 1973
1972 1975 1974
1962 1964 1976
1971 1976 1968
1976 1964 1968
1962 1976 1977
1977 1976 1978
1973 1978 1971
1971 1978 1976
1977 1978 1979
1978 1980 1979
1978 1981 1980
1974 1981 1973
1973 1981 1978
1981 1982 1980
1981 1974 1982
1959 1977 1979
1960 1977 1959
1960 1962 1977
1959 1979 1958
1958 1979 1980
1958 1980 1957
1957 1980 1982
1957 1982 1956
1975 1972 1983
1975 1983 1984
1983 1985 1984
1983 1986 1985
1987 1986 1983
1988 1986 1987
1988 1987 1989
1990 1989 1987
1990 1991 1989
1988 1989 1991
1990 1992 1991
1990 1987 1993
1987 1983 1993
1988 1991 1994
1995 1994 1991
1995 1991 1992
1995 1996 1994
1995 1997 1996
1969 1997 1995
1969 1966 1997
1967 1997 1966
1967 1998 1997
1998 1996 1997
1998 1999 1996
1996 2000 1994
1988 1994 2000
1996 2001 2000
1999 2001 1996
1999 2002 2001
2002 2003 2001
2002 2004 2003
2001 2003 2005
2001 2005 2000
2000 2005 2006
2000 2006 2007
1988 2000 2007
1986 1988 2007
1986 2007 2008
2008 2007 2006
1985 1986 2008
1985 2008 2009
2008 2006 2010
2009 2008 2010
2009 2010 2011
2003 2004 2012
2013 2005 2003
2013 2003 2012
2006 2014 2010
2011 2010 2014
2006 2015 2014
2015 2006 2005
2015 2005 2013
2011 2014 2016
2012 2017 2013
2012 2018 2017
2019 2014 2015
2019 2015 2020
2020 2015 2013
2020 2013 2017
2021 2020 2017
2021 2017 2022
2023 2019 2020
2020 2021 2023
2019 2023 2024
2019 2024 2025
2025 2016 2014
2025 2014 2019
2026 2025 2024
2017 2027 2022
2017 2018 2027
2022 2028 2021
2021 2028 2023
2029 2030 2022
2022 2030 2031
2032 2033 2034
2033 2032 2035
2032 2036 2035
2035 2036 2037
2037 2036 2038
2033 2039 2034
2040 2034 2039
2040 2041 2034
2042 2043 2044
2044 2045 2042
2045 2046 2042
2043 2047 2044
2048 2047 2049
2049 2050 2048
1610 1599 1600
2051 2052 2053
2051 2053 2054
2051 2055 2052
2051 2056 2055
2057 2055 2056
2057 2056 2058
2057 2058 2059
2057 2059 2060
2059 2061 2060
2052 2055 2062
2062 2055 2057
2052 2062 2063
2063 2064 2052
2064 2053 2052
2065 2064 2063
2065 2063 2066
2067 2066 2063
2062 2067 2063
2062 2057 2068
2069 2062 2068
2062 2069 2067
2070 2067 2069
2070 2071 2067
2070 2069 2072
2073 2070 2072
2073 2074 2070
2071 2070 2074
2075 2071 2074
2073 2072 2076
2072 2077 2076
2078 2077 2072
2069 2068 2078
2078 2072 2069
2077 2078 2079
2078 2080 2079
2078 2068 2080
2068 2081 2080
2081 2068 2057
2081 2057 2060
2082 2079 2080
2082 2080 2083
2080 2081 2083
2083 2081 2060
2082 2084 2079
2085 2079 2084
2077 2079 2085
2085 2084 2086
2083 2060 2061
2087 2075 2074
2087 2074 2088
2089 2088 2074
2089 2074 2073
2089 2073 2090
2073 2076 2090
2091 2085 2092
2092 2085 2093
2092 2093 2094
2091 2077 2085
2076 2077 2095
2095 2077 2091
2095 2091 2096
2096 2091 2097
2097 2091 2098
2098 2099 2097
2100 2099 2098
2101 2100 2098
2102 2100 2101
2102 2103 2100
2102 2104 2103
2102 2105 2104
2098 2106 2101
2101 2106 2107
2102 2108 2105
2102 2092 2108
2091 2106 2098
2109 2110 2111
2111 2112 2109
2113 2110 2109
2111 2114 2112
2111 2115 2114
2111 2116 2115
2111 2117 2116
2111 2118 2117
2111 2110 2118
2114 2119 2112
2120 2119 2114
2114 2121 2120
2114 2122 2121
2116 2123 2122
2123 2121 2122
2123 2124 2121
2125 2120 2121
2125 2121 2126
2124 2126 2121
2127 2120 2125
2120 2127 2119
2127 2125 2128
2117 2118 2129
2117 2129 2130
2117 2131 2116
2131 2117 2130
2131 2130 2132
2133 2124 2123
2133 2134 2124
2124 2134 2135
2124 2135 2126
2123 2136 2133
2123 2116 2136
2131 2136 2116
2137 2136 2131
2131 2132 2137
2138 2136 2137
2138 2137 2139
2137 2132 2139
2139 2140 2138
2133 2141 2140
2133 2136 2141
2134 2142 2140
2135 2134 2143
2143 2134 2144
2139 2145 2144
2139 2132 2145
2146 2147 2148
2149 2146 2148
2148 2150 2149
2151 2150 2148
2151 2148 2147
2151 2152 2150
2151 2147 2153
2154 2151 2153
2152 2151 2154
2154 2153 2155
2153 2147 2156
2146 2156 2147
2153 2156 2157
2155 2153 2157
2157 2156 2158
2157 2158 2159
2157 2159 2160
2157 2160 2161
2155 2157 2161
2162 2158 2156
2150 2152 2163
2150 2163 2164
2152 2154 2165
2152 2166 2163
2163 2166 2167
2163 2167 2168
2169 2163 2168
2169 2168 2170
2170 2171 2169
2170 2172 2171
2173 2164 2171
2174 2167 2166
2174 2166 2175
2176 2175 2166
2176 2166 2177
2175 2176 2178
2175 2178 2179
2176 2180 2178
2180 2176 2181
2181 2182 2180
2183 2174 2175
2179 2183 2175
2181 2155 2182
2181 2154 2155
2176 2154 2181
2182 2155 2161
2182 2161 2184
2184 2185 2182
2185 2180 2182
2184 2186 2185
2184 2187 2186
2161 2188 2184
2189 2184 2188
2161 2160 2188
2190 2185 2186
2179 2191 2183
2190 2192 2185
2193 2192 2190
2193 2190 2194
2195 2193 2194
2196 2190 2186
2196 2186 2187
2197 2190 2196
2198 2197 2195
2197 2198 2190
2185 2192 2180
2179 2199 2191
2200 2179 2178
2192 2200 2178
2200 2192 2201
2200 2201 2202
2202 2201 2203
2200 2204 2191
2204 2205 2203
2200 2205 2204
2206 2178 2180
2207 2208 2209
2207 2209 2210
2211 2207 2210
2211 2210 2212
2209 2208 2213
2209 2213 2214
2215 2213 2208
2215 2208 2216
2207 2216 2208
2214 2217 2209
2214 2218 2217
2209 2219 2210
2210 2220 2212
2219 2220 2210
2219 2221 2217
2207 2222 2216
2223 2216 2222
2223 2224 2216
2224 2223 2225
2224 2225 2226
2223 2227 2225
2227 2223 2228
2222 2228 2223
2229 2215 2216
2229 2216 2224
2230 2229 2224
2226 2230 2224
2222 2231 2228
2207 2231 2222
2207 2232 2231
2228 2231 2233
2231 2234 2233
2232 2235 2234
2232 2236 2235
2231 2211 2234
2235 2237 2234
2235 2238 2237
2234 2237 2239
2234 2239 2233
2236 2240 2235
2236 2220 2240
2235 2241 2238
2235 2240 2241
2241 2242 2238
2243 2239 2237
2244 2239 2243
2244 2245 2239
2246 2245 2244
2245 2246 2247
2245 2247 2248
2245 2248 2249
2249 2239 2245
2243 2237 2250
2251 2250 2237
2251 2252 2250
2253 2252 2251
2253 2254 2252
2248 2255 2249
2228 2249 2255
2228 2233 2249
2249 2233 2239
2256 2248 2247
2257 2247 2246
2257 2258 2247
2258 2259 2248
2260 2259 2258
2260 2258 2261
2262 2260 2261
2257 2263 2258
2263 2264 2262
2257 2264 2263
2259 2225 2227
2265 2226 2225
2226 2266 2267
2226 2267 2230
2268 2266 2225
2266 2268 2269
2266 2269 2270
2270 2269 2271
2272 2267 2266
2273 2272 2271
2272 2273 2267
2248 2268 2227
2274 2275 2276
2275 2277 2276
2276 2277 2278
2279 2277 2275
2280 2277 2279
2278 2277 2280
2278 2280 2281
2280 2279 2282
2279 2275 2283
2279 2283 2284
2279 2284 2285
2284 2283 2286
2284 2286 2287
2283 2275 2288
2283 2288 2286
2274 2288 2275
2288 2289 2286
2288 2290 2289
2291 2290 2288
2291 2292 2290
2282 2293 2280
2280 2293 2281
2282 2294 2293
2295 2293 2294
2295 2294 2296
2297 2296 2294
2297 2294 2298
2274 2291 2288
2299 2287 2286
2299 2286 2289
2300 2287 2299
2300 2301 2287
2301 2300 2302
2282 2298 2294
2282 2303 2298
2303 2304 2298
2303 2305 2304
2306 2305 2303
2307 2305 2306
2305 2308 2304
2308 2309 2304
2305 2310 2308
2307 2310 2305
2279 2303 2282
2279 2311 2303
2306 2303 2311
2312 2310 2307
2308 2313 2309
2308 2314 2313
2315 2308 2310
2316 2313 2314
2316 2317 2313
2318 2317 2316
2304 2309 2319
2320 2315 2310
2321 2315 2320
2321 2322 2315
2322 2321 2318
2323 2324 2312
2323 2325 2324
2324 2325 2326
2323 2312 2327
2312 2307 2327
2327 2307 2328
2307 2329 2328
2301 2327 2328
2301 2330 2327
2284 2301 2328
2329 2284 2328
2285 2284 2329
2284 2287 2301
2331 2327 2330
2332 2331 2330
2332 2330 2302
2301 2302 2330
2332 2333 2331
2333 2334 2326
2332 2334 2333
2066 2335 2336
2066 2067 2335
2071 2335 2067
2337 2075 2087
2338 2339 2340
2338 2340 2054
2056 2340 2339
2056 2339 2341
2341 2058 2056
2341 2342 2058
2343 2341 2339
2343 2344 2341
2344 2342 2341
2345 2344 2343
2343 2339 2346
2346 2339 2338
2346 2338 2347
2348 2343 2346
2348 2345 2343
2338 2054 2349
2338 2349 2347
2348 2350 2345
2350 2351 2345
2350 2352 2351
2350 2353 2352
2354 2353 2350
2348 2354 2350
2354 2355 2353
2356 2355 2354
2356 2354 2357
2357 2354 2348
2358 2357 2348
2348 2346 2358
2347 2358 2346
2347 2359 2358
2347 2360 2359
2349 2360 2347
2361 2360 2349
2360 2362 2359
2363 2364 2360
2351 2365 2345
2345 2365 2344
2344 2366 2342
2059 2342 2366
2367 2059 2366
2367 2366 2368
2368 2366 2369
2344 2369 2366
2368 2369 2370
2059 2058 2342
2365 2369 2371
2059 2367 2061
2372 2373 2129
2374 2373 2372
2372 2113 2374
2110 2129 2118
2375 2376 2293
2375 2293 2295
2065 2377 2064
2150 2378 2149
2150 2164 2173
2379 2380 2381
2380 2382 2381
2382 2383 2381
2383 2384 2381
2384 2385 2381
2385 2386 2381
2379 2381 2387
2387 2381 2388
2388 2381 2389
2389 2381 2390
2390 2381 2391
2391 2381 2392
2386 2393 2394
2393 2395 2394
2396 2394 2395
2392 2394 2396
2152 2177 2166
2176 2165 2154
2319 2297 2298
2319 2298 2304
2162 2156 2397
2146 2397 2156
1774 1661 1665
1774 1665 1943
1577 1567 1566
1850 1865 2398
1850 2398 1488
1865 1872 2398
2399 1862 2400
2399 2400 2401
2401 2400 2402
2401 2402 2403
1895 2401 2403
1893 2399 2401
1895 1893 2401
2404 1895 2403
1896 1895 2404
2404 2403 2405
2406 2405 2403
2406 2403 2402
2406 2407 2405
2406 2408 2407
2405 2407 2409
2405 2409 2410
2410 2409 1896
2411 1896 2409
2411 2409 2412
2411 2412 2413
2413 2414 2411
2413 2412 2415
2413 2415 2416
2417 2416 2415
2417 2418 2416
2419 2418 2417
2419 2417 2420
2420 2421 2419
2420 2422 2421
2421 2422 2423
2421 2423 2424
2425 2424 2423
2425 2423 2426
2426 2427 2425
2426 2428 2427
2428 2429 2427
2428 2430 2429
2430 2431 2429
2430 2432 2431
2432 2433 2431
2431 2433 2434
2434 2433 2435
2435 2433 2436
2434 2435 2437
2438 2439 2440
2438 2440 2441
2441 2440 2442
2441 2442 2443
2443 2442 2444
2443 2444 2445
2445 2444 2446
2445 2446 2447
2448 2447 2446
2448 2449 2447
2445 2450 2443
2445 2451 2450
2452 2450 2451
2452 2453 2450
2453 2454 2450
2443 2450 2454
2443 2454 2441
2453 2455 2454
2456 2455 2453
2456 2457 2455
2457 2458 2455
2457 2459 2458
2455 2460 2454
2455 2461 2460
2452 2451 2462
2452 2462 2463
2464 2452 2463
2464 2465 2452
2465 2456 2453
2465 2453 2452
2466 2462 2451
2466 2451 2445
2466 2445 2447
2466 2447 2467
2467 2447 2449
2467 2449 2468
2469 2462 2466
2469 2466 2467
2470 2462 2469
2462 2470 2463
2464 2463 2470
2470 2469 2471
2472 2469 2467
2473 2469 2472
2473 2474 2470
2464 2470 2474
2473 2475 2474
2475 2473 2476
2473 2472 2476
2475 2476 2477
2472 2467 2478
2475 2479 2474
2474 2479 2480
2474 2480 2481
2474 2481 2482
2464 2474 2482
2483 2482 2481
2483 2481 2484
2481 2480 2485
2481 2485 2484
2475 2486 2479
2477 2486 2475
2477 2487 2486
2488 2479 2486
2488 2486 2489
2489 2486 2487
2489 2490 2488
2489 2491 2490
2492 2490 2491
2492 2493 2490
2494 2490 2493
2494 2488 2490
2494 2493 2495
2494 2495 2496
2494 2496 2497
2491 2498 2492
2491 2499 2498
2500 2499 2491
2500 2491 2489
2489 2487 2500
2494 2497 2501
2494 2501 2502
2494 2502 2488
2502 2501 2485
2502 2485 2480
2502 2480 2479
2502 2479 2488
2503 2495 2493
2503 2493 2504
2493 2505 2504
2495 2503 2506
2495 2506 2507
2504 2505 2508
2504 2508 2509
2503 2504 2509
2509 2508 2510
2509 2510 2511
2505 2512 2508
2505 2513 2512
2514 2513 2505
2493 2514 2505
2514 2515 2513
2492 2515 2514
2493 2492 2514
2492 2498 2515
2508 2512 2516
2508 2516 2510
2509 2511 2517
2509 2517 2518
2503 2509 2518
2503 2518 2506
2519 2511 2510
2519 2510 2516
2519 2520 2511
2521 2519 2516
2511 2520 2522
2511 2522 2517
2523 2520 2519
2523 2524 2520
2525 2524 2523
2525 2523 2526
2526 2523 2527
2527 2523 2519
2527 2519 2521
2526 2527 2528
2525 2529 2524
2520 2524 2530
2520 2530 2522
2524 2529 2530
2531 2532 2533
2534 2533 2532
2534 2535 2533
2535 2534 2536
2535 2536 2537
2535 2537 2538
2535 2538 2533
2539 2533 2538
2539 2540 2533
2540 2539 2541
2540 2541 2542
2542 2541 2543
2542 2543 2544
2544 2543 2545
2543 2546 2545
2543 2547 2546
2541 2547 2543
2547 2548 2546
2544 2545 2549
2541 2550 2547
2550 2548 2547
2539 2551 2541
2539 2552 2551
2539 2538 2553
2539 2553 2552
2552 2553 2554
2552 2554 2555
2550 2556 2548
2552 2555 2556
2552 2556 2550
2557 2554 2553
2557 2553 2558
2558 2553 2538
2558 2538 2537
2559 2557 2558
2559 2558 2560
2560 2558 2561
2560 2561 2536
2562 2563 2549
2562 2549 2545
2564 2562 2545
2545 2546 2564
2565 2564 2546
2565 2546 2566
2565 2567 2564
2564 2567 2562
2566 2546 2548
2568 2563 2569
2568 2569 2570
2571 2570 2569
2571 2569 2572
2573 2571 2572
2573 2572 2574
2571 2573 2575
2573 2576 2575
2573 2577 2576
2577 2573 2578
2578 2573 2574
2571 2575 2579
2576 2580 2575
2576 2581 2580
2581 2531 2580
2575 2580 2582
2575 2582 2579
2579 2582 2583
2582 2542 2583
2582 2540 2542
2580 2540 2582
2533 2540 2580
2531 2533 2580
2579 2583 2584
2584 2571 2579
2584 2570 2571
2583 2542 2544
2583 2544 2584
2544 2570 2584
2544 2568 2570
2578 2574 2585
2586 2585 2574
2586 2574 2572
2572 2587 2586
2572 2588 2587
2569 2588 2572
2588 2569 2563
2588 2563 2589
2588 2589 2590
2588 2590 2587
2585 2586 2591
2585 2591 2592
2592 2591 2593
2592 2593 2594
2594 2595 2592
2594 2596 2595
2596 2594 2597
2596 2597 2598
2599 2597 2594
2593 2599 2594
2599 2600 2597
2601 2600 2599
2601 2599 2602
2602 2599 2593
2602 2603 2601
2602 2604 2603
2591 2605 2593
2604 2602 2605
2602 2593 2605
2591 2606 2605
2605 2606 2607
2605 2607 2608
2604 2605 2608
2587 2607 2606
2586 2587 2606
2586 2606 2591
2587 2590 2607
2598 2597 2609
2598 2609 2610
2600 2611 2609
2600 2609 2597
2610 2609 2612
2611 2612 2609
2610 2612 2613
2611 2614 2612
2611 2615 2614
2616 2614 2615
2616 2615 2617
2616 2617 2618
2616 2618 2619
2611 2620 2615
2612 2614 2621
2616 2621 2614
2612 2621 2622
2613 2612 2622
2613 2622 2623
2623 2622 2624
2623 2624 2625
2619 2626 2616
2616 2626 2621
2619 2627 2626
2622 2621 2628
2622 2628 2624
2627 2629 2626
2621 2626 2629
2621 2629 2628
2627 2630 2629
2624 2631 2625
2632 2624 2628
2632 2631 2624
2633 2629 2630
2633 2634 2629
2634 2632 2628
2634 2628 2629
2635 2631 2632
2635 2636 2631
2637 2634 2633
2637 2638 2634
2638 2635 2632
2638 2632 2634
2639 2635 2638
2639 2640 2635
2641 2638 2637
2638 2641 2639
2635 2640 2642
2635 2642 2636
2640 2639 2643
2639 2641 2643
2644 2640 2645
2640 2646 2645
2647 2441 2460
2460 2441 2454
2648 2446 2649
2648 2649 2650
2650 2649 2651
2650 2651 2652
2653 2652 2651
2653 2654 2652
2651 2649 2655
2651 2655 2656
2649 2446 2444
2649 2444 2655
2442 2655 2444
2657 2653 2651
2657 2651 2656
2658 2653 2657
2658 2659 2653
2659 2660 2653
2659 2661 2660
2662 2661 2659
2663 2657 2656
2663 2664 2657
2665 2664 2663
2665 2663 2666
2666 2663 2656
2666 2656 2655
2442 2666 2655
2666 2442 2440
2666 2440 2665
2667 2665 2440
2664 2665 2667
2667 2440 2439
2664 2667 2668
2664 2668 2669
2670 2669 2658
2664 2669 2670
1857 1846 2671
1844 2671 1846
2671 1844 2672
2671 2672 2673
2674 2673 2672
2675 2674 2672
2676 2674 2675
2676 2677 2674
2675 2672 2678
2678 2672 1844
1496 2678 1844
2679 2675 2678
2679 2678 2680
1496 2680 2678
2681 2671 2673
1857 2671 2681
2681 2673 2682
2673 2683 2682
2683 2674 2677
2674 2683 2673
2683 2677 2684
2685 2683 2684
2686 2683 2685
2682 2683 2686
2685 2687 2686
2685 2688 2687
2685 2689 2688
2690 2689 2685
2690 2691 2689
2691 2692 2689
2691 2693 2692
2690 2694 2691
2690 2685 2695
2685 2684 2695
2689 2692 2696
2697 1720 2698
2698 2699 2697
2699 2700 2697
2701 2700 2699
2702 2697 2700
2702 1721 2697
1721 1720 2697
2702 2700 2703
1720 1722 2698
2700 2704 2705
2700 2705 2706
2705 2704 2707
2705 2707 2708
2708 2707 2709
2708 2709 2710
2711 2710 2709
2711 2709 2712
2712 2713 2711
2712 2714 2713
2712 2715 2714
2716 2714 2715
2716 2715 2717
2716 2717 2718
2716 2718 2719
2720 2716 2719
2720 2721 2716
2722 2721 2720
2722 2720 2723
2722 2723 2724
2722 2724 2725
2718 2726 2719
2718 2727 2726
2727 2728 2726
2727 2729 2728
2729 2730 2728
2729 2731 2730
2732 2730 2731
2732 2733 2730
2733 2732 2734
2733 2734 2735
2736 2734 2732
1750 1730 1731
1750 1731 1734
2578 2585 2737
2737 2585 2592
2737 2592 2595
2738 2739 2740
2740 2741 2738
2738 2741 2742
2740 2739 2743
2744 2743 2739
2744 2739 2745
2746 2747 2748
2748 2747 2749
2750 2751 2749
2752 2753 2754
2507 2496 2495
2755 2756 2757
2755 2757 2758
2757 2756 2759
2757 2759 2760
2761 2760 2759
2761 2762 2760
2763 2762 2761
2763 2761 2764
2763 2764 2765
2756 2766 2759
2761 2759 2766
2756 2767 2766
2767 2756 2768
2768 2756 2755
2769 2767 2768
2769 2770 2767
2771 2767 2770
2771 2766 2767
2761 2766 2772
2773 2772 2766
2771 2773 2766
2774 2773 2771
2774 2771 2775
2774 2776 2773
2777 2776 2774
2777 2774 2778
2775 2778 2774
2779 2778 2775
2777 2780 2776
2776 2780 2781
2782 2776 2781
2773 2782 2772
2782 2773 2776
2781 2783 2782
2782 2783 2784
2782 2784 2772
2772 2784 2785
2785 2761 2772
2785 2764 2761
2786 2784 2783
2786 2787 2784
2784 2787 2785
2787 2764 2785
2786 2783 2788
2789 2788 2783
2781 2789 2783
2789 2790 2788
2790 2789 2791
2790 2791 2792
2787 2765 2764
2780 2793 2781
2793 2794 2781
2794 2789 2781
2794 2795 2789
2763 2765 2796
2797 2798 2799
2798 2800 2799
2800 2801 2799
2801 2800 2802
2803 2801 2802
2804 2801 2803
2803 2805 2804
2803 2806 2805
2807 2805 2806
2807 2808 2805
2801 2804 2809
2799 2801 2809
2804 2810 2809
2805 2808 2811
2805 2811 2812
2813 2814 2815
2814 2813 2816
2817 2813 2815
2814 2816 2818
2814 2818 2819
2814 2819 2820
2814 2820 2821
2814 2821 2822
2814 2822 2815
2818 2816 2823
2824 2818 2823
2818 2824 2825
2818 2825 2826
2820 2826 2827
2825 2827 2826
2825 2828 2827
2829 2825 2824
2829 2830 2825
2828 2825 2830
2831 2829 2824
2824 2823 2831
2831 2832 2829
2821 2833 2822
2821 2834 2833
2821 2820 2835
2835 2834 2821
2835 2836 2834
2837 2827 2828
2837 2828 2838
2828 2830 2839
2828 2839 2840
2827 2837 2841
2827 2841 2820
2835 2820 2841
2842 2835 2841
2835 2842 2836
2843 2842 2841
2843 2844 2842
2844 2843 2845
2837 2845 2846
2837 2846 2841
2844 2845 2847
2842 2844 2847
2842 2847 2836
2839 2848 2840
2848 2849 2840
2840 2849 2850
2851 2852 2853
2854 2852 2851
2852 2854 2855
2856 2852 2855
2856 2853 2852
2856 2855 2857
2856 2858 2853
2858 2856 2859
2857 2859 2856
2858 2859 2860
2861 2853 2858
2851 2853 2861
2861 2858 2862
2862 2858 2860
2863 2861 2862
2863 2862 2864
2862 2865 2864
2862 2866 2865
2862 2860 2866
2867 2861 2863
2868 2857 2855
2868 2855 2869
2857 2870 2859
2871 2857 2868
2868 2872 2871
2868 2873 2872
2874 2873 2868
2874 2875 2873
2875 2874 2876
2875 2876 2877
2878 2876 2869
2871 2872 2879
2871 2879 2880
2871 2880 2881
2871 2881 2882
2880 2883 2881
2880 2884 2883
2881 2883 2885
2885 2886 2881
2886 2885 2887
2888 2880 2879
2884 2880 2888
2860 2886 2887
2860 2859 2886
2859 2881 2886
2866 2860 2887
2866 2887 2889
2890 2889 2887
2890 2887 2885
2890 2891 2889
2889 2891 2892
2866 2889 2893
2894 2893 2889
2866 2893 2865
2895 2891 2890
2896 2884 2888
2896 2897 2884
2895 2890 2898
2895 2898 2899
2895 2899 2900
2901 2900 2899
2897 2883 2884
2902 2892 2891
2902 2891 2895
2898 2883 2903
2903 2904 2898
2903 2905 2904
2905 2906 2904
2907 2903 2896
2907 2906 2908
2907 2908 2903
2909 2902 2895
2910 2901 2909
2909 2895 2910
2890 2885 2898
2911 2885 2883
2912 2913 2914
2912 2914 2915
2916 2915 2914
2916 2917 2915
2918 2913 2912
2918 2912 2919
2913 2918 2920
2913 2920 2921
2921 2914 2913
2919 2912 2922
2919 2922 2923
2912 2915 2924
2915 2917 2925
2924 2915 2925
2924 2922 2926
2921 2927 2914
2921 2928 2927
2921 2929 2928
2929 2930 2928
2929 2931 2930
2928 2930 2932
2932 2933 2928
2927 2928 2933
2921 2920 2934
2921 2934 2929
2935 2929 2934
2931 2929 2935
2927 2933 2936
2914 2927 2936
2914 2936 2937
2938 2936 2933
2939 2936 2938
2940 2937 2939
2940 2941 2937
2939 2916 2936
2942 2940 2939
2942 2943 2940
2939 2938 2944
2939 2944 2942
2941 2940 2945
2941 2945 2925
2940 2943 2946
2940 2946 2945
2946 2943 2947
2948 2942 2944
2949 2948 2944
2949 2944 2950
2951 2949 2950
2950 2952 2951
2953 2952 2950
2953 2950 2954
2944 2954 2950
2948 2955 2942
2956 2942 2955
2956 2955 2957
2958 2956 2957
2958 2957 2959
2953 2954 2960
2933 2960 2954
2938 2933 2954
2944 2938 2954
2961 2952 2953
2962 2951 2952
2962 2952 2963
2963 2953 2964
2963 2964 2965
2963 2965 2966
2967 2966 2965
2968 2962 2963
2968 2967 2969
2968 2969 2962
2964 2932 2930
2970 2930 2931
2971 2972 2931
2971 2931 2935
2973 2930 2972
2972 2974 2973
2972 2975 2974
2975 2976 2974
2977 2972 2971
2978 2976 2977
2977 2971 2978
2953 2932 2973
2979 2980 2981
2981 2980 2982
2980 2983 2982
2984 2981 2982
2984 2982 2985
2983 2985 2982
2983 2986 2985
2984 2985 2987
2984 2988 2981
2984 2989 2988
2984 2990 2989
2991 2988 2989
2991 2989 2992
2993 2981 2988
2993 2988 2991
2979 2981 2993
2993 2991 2994
2993 2994 2995
2996 2993 2995
2996 2995 2997
2987 2985 2998
2985 2986 2998
2987 2998 2999
2999 2998 3000
2999 3000 3001
2999 3001 3002
2999 3002 3003
2979 2993 2996
3004 2994 2991
3004 2991 2992
3005 3004 2992
3005 2992 3006
3006 3007 3005
3003 2987 2999
3003 3008 2987
3009 3008 3003
3009 3010 3008
3011 3008 3010
3012 3011 3010
3013 3010 3009
3013 3009 3014
3013 3015 3010
3012 3010 3015
3008 2984 2987
3008 3016 2984
3011 3016 3008
3017 3012 3015
3018 3013 3014
3018 3019 3013
3020 3015 3013
3021 3019 3018
3021 3018 3022
3023 3021 3022
3009 3024 3014
3025 3015 3020
3020 3026 3025
3020 3027 3026
3027 3023 3026
3028 3029 3017
3028 3030 3029
3028 3031 3030
3029 3032 3017
3017 3032 3012
3032 3033 3012
3012 3033 3034
3032 3006 3033
3032 3035 3006
2989 3033 3006
3034 3033 2989
2990 3034 2989
2989 3006 2992
3036 3035 3032
3037 3035 3036
3037 3007 3035
3006 3035 3007
3038 3037 3036
3038 3031 3039
3038 3039 3037
3040 3041 3042
3043 3044 3045
3046 3047 3048
3046 3048 3049
3049 3048 3050
3049 3050 3051
3051 3050 3052
3051 3052 3053
3054 3049 3051
3054 3051 3055
3055 3051 3053
3056 3054 3055
3054 3057 3049
3057 3046 3049
3057 3058 3046
3059 3057 3054
3059 3054 3056
3046 3060 3047
3060 3046 3058
3061 3059 3056
3061 3056 3062
3063 3061 3062
3063 3064 3061
3065 3061 3064
3061 3065 3059
3065 3064 3066
3065 3066 3067
3065 3067 3068
3068 3059 3065
3069 3059 3068
3059 3069 3057
3058 3057 3069
3070 3060 3058
3071 3060 3070
3058 3072 3070
3073 3070 3072
3058 3069 3074
3058 3074 3072
3062 3056 3075
3056 3055 3075
3075 3055 3076
3055 3077 3076
3055 3053 3077
3076 3077 3078
3079 3078 3077
3079 3077 3080
3080 3077 3053
3076 3078 3081
3080 3053 3052
2778 2779 3082
2778 3082 3083
3084 2778 3083
3084 2777 2778
3084 3085 2777
2777 3085 2780
3086 2833 3087
3088 3086 3087
3086 3088 2817
2815 2822 2833
3089 2998 3090
3089 3000 2998
3091 3092 3093
2770 3094 2771
2775 2771 3094
2855 2854 3095
2855 2878 2869
1866 1880 1868
2871 2882 2857
2859 2870 2881
3003 3002 3024
3003 3024 3009
2867 3096 2861
2851 2861 3096
3097 3098 3099
3099 3098 3100
3101 3102 3103
3104 3101 3103
2675 2679 3105
2675 3105 2676
1894 1878 1877
1482 3106 1479
