byte offset: 0
first index: 0
index count: 7440
topology: trianglelist
format: DXGI_FORMAT_R16_UINT

0 1 2
1 0 3
4 2 1
2 4 5
6 5 4
5 6 7
8 7 6
7 8 9
10 9 8
9 10 11
10 12 11
11 12 13
14 12 10
15 12 14
0 16 3
15 14 17
14 18 17
18 19 17
18 20 19
20 18 21
21 22 20
22 21 23
23 24 22
24 23 25
26 25 16
25 26 24
16 0 26
19 27 17
28 29 30
29 28 31
32 30 29
30 32 33
34 33 32
33 34 35
36 35 34
35 36 37
38 37 36
37 38 39
40 39 38
39 40 41
31 42 29
42 31 43
30 44 28
44 30 45
33 45 30
45 33 46
35 46 33
46 35 47
37 47 35
34 48 36
47 37 49
39 49 37
36 50 38
50 36 48
49 39 51
41 51 39
51 41 52
40 53 41
44 54 28
55 28 54
28 55 31
54 56 55
56 54 57
57 58 56
58 57 59
59 60 58
60 59 61
61 62 60
62 61 53
53 40 62
63 31 55
31 63 43
55 64 63
64 55 56
65 57 54
54 44 65
57 65 66
66 59 57
56 67 64
67 56 58
59 66 68
68 61 59
58 69 67
69 58 60
61 68 70
60 71 69
71 60 62
70 53 61
53 70 72
62 73 71
73 62 40
38 73 40
73 38 50
72 41 53
41 72 52
29 74 32
74 29 42
75 32 74
32 75 34
48 34 75
76 77 78
77 76 79
80 79 76
79 80 81
82 81 80
81 82 83
84 83 82
83 84 85
86 85 84
85 86 87
88 87 86
87 88 89
79 90 77
90 79 91
81 91 79
78 92 76
92 78 93
91 81 94
83 94 81
76 95 80
95 76 92
94 83 96
85 96 83
97 80 95
80 97 82
96 85 98
99 82 97
82 99 84
100 84 99
84 100 86
101 86 100
86 101 88
96 102 94
103 94 102
94 103 91
104 91 103
91 104 90
102 96 105
106 96 98
96 106 105
98 107 106
107 98 108
108 109 107
109 108 110
108 89 110
87 89 108
98 87 108
87 98 85
110 89 111
110 111 112
113 110 112
113 109 110
114 113 112
115 114 112
114 115 116
116 117 114
117 116 118
118 119 117
119 118 120
120 121 119
121 120 122
122 123 121
123 122 124
124 77 123
77 124 78
90 123 77
123 90 125
125 121 123
126 78 124
78 126 93
121 125 127
127 119 121
124 128 126
128 124 122
119 127 129
122 130 128
130 122 120
129 117 119
117 129 131
131 114 117
114 131 113
104 125 90
125 104 132
132 127 125
127 132 133
133 129 127
129 133 134
129 135 131
135 129 134
131 136 113
136 131 135
109 113 136
120 137 130
137 120 118
118 138 137
138 118 116
116 139 138
139 116 115
140 141 142
142 143 140
143 142 144
145 144 142
142 141 145
144 145 146
147 146 145
146 147 148
147 149 148
149 147 150
147 151 150
145 141 151
145 151 147
149 152 148
152 146 148
152 149 153
154 143 144
143 154 155
155 154 156
157 144 146
144 157 154
146 152 157
154 157 156
152 153 158
157 158 156
157 152 158
159 160 161
162 160 159
163 160 162
164 160 163
165 160 164
166 160 165
167 161 160
168 167 160
169 168 160
170 169 160
171 170 160
166 171 160
172 173 174
173 175 174
173 176 175
173 177 176
173 178 177
173 179 178
172 180 173
173 180 181
173 181 182
173 182 183
173 183 184
173 184 179
185 186 187
186 185 188
187 189 185
189 187 190
190 191 189
191 190 192
192 193 191
193 192 194
194 195 193
195 194 196
196 197 195
197 196 198
199 197 198
197 199 200
201 200 199
200 201 202
203 202 201
202 203 204
205 204 203
204 205 206
207 206 205
206 207 208
186 208 207
208 186 188
209 210 211
211 210 212
213 212 210
212 213 214
215 214 213
214 215 216
217 216 215
216 217 218
209 219 210
220 217 215
217 220 221
222 213 210
219 222 210
213 222 223
223 215 213
215 223 220
224 225 226
226 225 227
226 227 228
228 227 229
228 229 230
230 229 231
232 230 231
232 231 233
233 231 234
235 234 231
235 231 236
232 237 230
238 233 234
238 239 233
240 239 238
239 240 241
241 240 237
241 237 232
242 240 238
240 242 243
243 244 240
238 245 242
238 246 245
245 246 247
248 247 246
248 249 247
250 245 247
243 250 244
250 247 251
250 251 244
251 247 252
253 251 252
253 252 254
255 253 254
255 254 256
257 255 256
258 259 260
259 258 261
262 258 260
258 262 263
262 260 264
265 259 261
266 265 261
266 267 265
266 268 267
266 269 268
265 270 259
269 271 268
271 272 268
273 271 269
271 273 274
273 275 274
275 273 276
275 277 274
278 279 280
279 278 281
282 283 284
283 282 285
285 282 286
285 286 287
286 288 287
287 288 289
290 289 288
291 290 288
292 290 291
292 291 293
293 294 292
294 293 295
296 297 298
299 298 297
298 299 300
301 302 303
302 301 304
304 305 302
305 304 306
307 308 309
308 307 310
311 307 309
307 311 312
313 309 308
309 313 314
314 311 309
311 314 315
316 312 311
312 316 317
318 311 315
311 318 316
319 308 310
308 319 320
320 313 308
319 321 320
321 319 322
313 320 323
321 323 320
323 321 324
322 325 321
325 322 326
327 321 325
321 327 324
328 329 330
329 328 331
329 331 332
332 333 329
333 332 334
329 335 330
335 329 336
329 337 336
333 337 329
337 333 338
339 340 341
339 341 342
342 341 343
339 344 340
339 345 344
345 346 344
347 348 349
348 347 350
347 351 350
351 347 352
353 354 355
355 354 356
354 357 356
356 357 358
357 359 358
358 359 360
359 361 360
360 361 362
362 361 363
363 361 364
363 364 365
364 366 365
365 366 367
366 368 367
367 368 369
369 368 370
369 370 371
370 372 371
371 372 373
372 374 373
375 376 377
378 377 376
375 377 379
380 375 379
380 379 381
382 380 381
382 381 383
384 382 383
384 383 385
385 386 384
384 386 387
387 386 388
389 387 388
389 388 390
391 389 390
391 390 392
391 392 393
393 392 394
395 393 394
395 394 396
397 395 396
398 399 400
399 398 401
402 398 400
398 402 403
404 403 402
403 404 405
406 405 404
405 406 407
408 407 406
407 408 409
410 409 408
409 410 411
412 411 410
411 412 413
414 413 412
413 414 415
414 416 415
416 414 417
417 418 416
418 417 419
420 421 422
421 420 423
424 423 420
423 424 425
424 426 425
426 424 427
427 428 426
428 427 429
429 430 428
430 429 431
431 432 430
432 431 433
434 432 433
432 434 435
436 435 434
435 436 437
438 437 436
437 438 439
438 440 439
440 438 441
441 442 440
442 441 443
443 444 442
444 443 445
446 447 448
449 450 451
451 450 452
453 454 455
453 455 456
457 455 454
457 454 458
459 460 461
460 459 462
463 461 460
464 462 459
462 464 465
466 463 460
467 468 469
468 467 470
471 472 473
472 471 474
475 476 477
475 478 476
476 479 477
479 480 477
353 355 481
482 483 484
484 483 485
484 485 486
487 486 485
487 485 488
489 487 488
490 491 492
491 490 493
494 495 496
495 494 497
498 496 495
496 498 499
498 500 499
500 498 501
501 502 500
502 501 503
504 505 506
507 504 506
505 508 506
508 509 506
508 510 509
510 508 511
510 511 512
513 510 512
514 515 516
515 514 517
518 519 520
521 520 519
519 522 521
523 524 525
524 523 526
524 527 525
527 524 528
529 530 531
530 532 531
531 532 533
532 534 533
533 534 535
534 536 535
535 536 537
536 538 537
538 539 537
539 540 537
539 541 540
540 541 542
541 543 542
542 543 544
543 545 544
545 546 544
545 547 546
546 547 548
547 549 548
548 549 550
551 552 553
554 553 552
551 555 552
556 555 551
556 557 555
558 557 556
558 559 557
560 559 558
560 561 559
561 560 562
560 563 562
563 564 562
565 564 563
565 566 564
567 566 565
567 568 566
567 569 568
569 570 568
571 570 569
571 572 570
573 572 571
574 575 576
575 574 577
575 578 576
578 575 579
579 580 578
580 579 581
581 582 580
582 581 583
583 584 582
584 583 585
585 586 584
586 585 587
587 588 586
588 587 589
589 590 588
590 589 591
592 590 591
590 592 593
594 593 592
593 594 595
596 597 598
597 596 599
598 600 596
600 598 601
602 600 601
600 602 603
604 603 602
603 604 605
606 605 604
605 606 607
608 607 606
607 608 609
608 610 609
610 608 611
611 612 610
612 611 613
613 614 612
614 613 615
616 614 615
614 616 617
618 617 616
617 618 619
620 619 618
619 620 621
622 623 624
625 626 627
626 628 627
629 630 631
629 632 630
633 631 630
633 634 631
635 636 637
636 635 638
639 636 638
637 640 635
640 637 641
642 636 639
643 644 645
644 643 646
647 648 649
648 647 650
651 652 653
651 653 654
653 652 655
655 652 656
529 657 530
658 659 660
659 658 661
662 663 664
663 662 665
662 666 665
666 662 667
668 669 670
669 668 671
672 673 674
673 672 675
676 672 674
672 676 677
678 679 680
679 678 681
682 679 681
679 682 683
684 685 686
685 684 687
688 684 686
684 688 689
690 691 692
691 690 693
694 695 696
697 696 695
694 698 695
698 694 699
700 698 699
700 699 701
700 701 702
700 702 703
703 702 704
704 702 705
706 704 705
704 706 707
708 707 706
707 708 709
709 708 710
709 710 711
711 710 712
711 712 713
713 712 714
715 713 714
716 713 715
716 715 717
718 716 717
718 719 716
716 719 720
720 719 721
721 722 720
720 722 723
724 725 726
725 724 727
726 728 724
728 726 729
729 730 728
731 730 729
731 732 730
733 732 731
734 732 733
734 733 735
735 733 736
735 736 737
736 738 737
739 738 736
740 739 736
741 739 740
742 741 740
742 740 743
744 745 746
745 744 747
747 748 745
748 747 749
749 750 748
750 749 751
751 752 750
752 751 753
753 754 752
754 753 755
755 756 754
756 755 757
758 756 757
756 758 759
760 759 758
759 760 761
762 761 760
761 762 763
764 763 762
763 764 765
766 765 764
765 766 767
768 767 766
767 768 769
768 770 769
770 768 771
772 773 774
773 772 775
776 775 772
775 776 777
778 777 776
777 778 779
780 779 778
779 780 781
780 782 781
782 780 783
783 784 782
784 783 785
786 784 785
784 786 787
788 774 773
774 788 789
790 789 788
789 790 791
792 791 790
791 792 793
792 794 793
794 792 795
796 794 795
797 798 799
800 798 797
798 800 801
800 802 801
802 800 803
803 800 804
797 804 800
805 804 797
805 797 806
797 799 806
799 807 806
807 799 808
809 806 807
806 809 810
805 806 810
811 805 810
812 810 809
810 812 813
811 810 813
814 813 812
813 814 815
815 811 813
816 811 815
817 815 814
815 817 818
818 816 815
819 816 818
820 818 817
818 820 821
819 822 816
823 822 819
824 823 819
825 824 819
825 819 818
825 818 821
816 822 826
826 811 816
826 827 811
826 828 827
829 828 826
826 830 829
829 830 831
829 831 832
833 811 827
833 805 811
833 834 805
830 835 831
835 836 831
836 832 831
836 837 832
837 838 832
825 839 840
840 839 841
841 839 842
839 843 842
839 844 843
843 845 842
825 844 839
825 821 844
820 844 821
844 820 846
846 847 844
844 847 843
843 847 848
845 843 848
845 848 849
847 846 850
850 851 847
847 851 848
851 850 852
852 853 851
848 851 853
848 853 854
853 852 855
855 856 853
854 853 856
854 856 857
856 855 858
858 859 856
857 856 859
857 859 860
860 861 857
861 860 862
863 861 862
861 863 864
859 858 865
858 866 865
866 858 867
867 868 866
868 867 869
869 870 868
870 869 871
869 872 871
872 869 873
873 874 872
874 873 875
876 874 875
874 876 877
878 877 876
877 878 879
880 879 878
879 880 881
880 882 881
882 880 883
883 884 882
884 883 885
885 886 884
886 885 887
888 886 887
886 888 889
890 889 888
889 890 891
890 892 891
892 890 893
894 893 890
893 894 895
890 896 894
896 890 888
888 897 896
897 888 887
887 898 897
898 887 885
885 899 898
899 885 883
880 899 883
899 880 900
891 892 901
891 902 889
902 891 901
903 889 902
889 903 886
904 886 903
886 904 884
905 884 904
884 905 882
906 882 905
882 906 881
901 907 902
907 901 908
908 909 907
909 908 910
908 911 910
911 908 912
913 907 909
907 913 914
915 914 913
914 915 916
915 917 916
917 915 918
918 919 917
919 918 920
909 910 921
913 909 922
915 913 923
918 915 924
920 918 925
918 924 925
924 915 926
915 923 926
923 913 927
913 922 927
916 903 914
902 914 903
914 902 907
903 916 904
917 904 916
904 917 905
919 905 917
905 919 906
928 920 925
929 919 920
919 929 930
931 930 929
930 931 932
931 933 932
933 931 934
934 935 933
935 934 936
936 937 935
937 936 938
911 937 938
937 911 912
936 939 938
934 940 936
931 941 934
941 942 934
934 942 940
931 943 941
944 943 931
929 944 931
929 945 944
920 945 929
940 946 936
936 946 939
939 947 938
938 947 911
911 947 948
911 948 949
910 911 949
921 910 949
928 945 920
909 921 950
922 909 950
951 952 953
954 952 951
954 955 952
954 956 955
955 956 957
957 958 955
957 959 958
960 959 957
957 961 960
962 960 961
960 962 963
964 965 966
966 965 967
966 967 968
966 968 969
970 971 972
970 973 971
973 970 974
974 975 973
975 974 976
976 977 975
977 976 978
978 979 977
979 978 980
980 981 979
981 980 982
983 981 982
981 983 984
985 984 983
984 985 986
987 986 985
986 987 988
989 988 987
979 990 977
990 979 991
981 991 979
992 981 984
981 992 993
991 981 993
994 986 988
989 994 988
986 994 995
984 995 992
995 984 986
996 977 990
977 996 975
997 975 996
975 997 973
998 973 997
973 998 971
998 972 971
999 1000 1001
1000 999 1002
1003 999 1001
999 1003 1004
1005 1006 1007
1006 1005 1008
1009 1007 1006
1007 1009 1010
1011 1012 803
803 1012 1013
1012 1014 1013
1015 1014 1012
1016 1014 1015
1015 1017 1016
1017 1015 1018
1019 1017 1018
1011 803 804
803 1013 802
1013 1020 802
1020 1013 1021
1022 1023 1024
1023 1022 1025
1026 1024 1023
1027 1024 1026
1024 1027 1028
1029 1024 1028
1030 1022 1024
1022 1030 1031
1032 1030 1024
1033 1032 1024
1024 1034 1033
1029 1034 1024
1035 1036 1037
1036 1035 1038
1039 1038 1035
1038 1039 1040
1039 1041 1040
1041 1039 1042
1043 1035 1037
1035 1043 1044
1044 1039 1035
1039 1044 1045
1039 1046 1042
1046 1039 1045
1047 1048 1049
1048 1047 1050
1049 1051 1047
1051 1049 1052
1052 1053 1051
1053 1052 1054
1048 1055 1049
1055 1048 1056
1049 1057 1052
1057 1049 1055
1052 1058 1054
1058 1052 1057
1059 1060 1061
1062 1059 1061
1063 1061 1064
1065 1061 1063
912 901 1066
901 912 908
901 892 1066
1066 892 1067
1068 912 1066
912 1068 937
1068 935 937
935 1068 1069
871 1069 1068
871 1068 870
1068 1066 870
1066 1067 870
1069 871 872
872 1070 1069
1070 872 874
874 1071 1070
1071 874 877
877 1072 1071
1072 877 879
879 906 1072
906 879 881
1069 933 935
933 1069 1070
1070 932 933
932 1070 1071
1071 930 932
930 1071 1072
1072 919 930
919 1072 906
1073 1074 697
1075 1076 1077
1076 1075 1078
1079 1078 1075
1078 1079 1080
1079 1081 1080
1081 1079 1082
1082 1083 1081
1083 1082 1084
1085 1076 1078
1076 1085 1086
1087 1078 1080
1078 1087 1085
1081 1087 1080
1083 1088 1081
1087 1081 1088
1088 1083 1089
1090 1091 1092
1091 1090 1093
1094 1090 1092
1090 1094 1095
1096 1097 1098
1097 1096 1099
1099 1100 1097
1100 1099 1101
1101 1102 1100
1102 1101 1103
1103 1104 1102
1104 1103 1105
744 746 1106
895 807 808
807 895 894
896 807 894
807 896 809
897 809 896
809 897 812
898 812 897
812 898 814
899 814 898
814 899 817
900 817 899
817 900 820
900 846 820
846 900 1107
880 1107 900
1107 880 878
876 1107 878
1107 876 1108
875 1108 876
1108 875 1109
873 1109 875
1109 873 1110
869 1110 873
1110 869 867
858 1110 867
1110 858 855
855 1109 1110
1109 855 852
852 1108 1109
1108 852 850
850 1107 1108
1107 850 846
1111 1112 1113
1111 1114 1112
1114 1115 1112
1116 1112 1115
1117 1112 1116
1117 1118 1112
1119 1120 1121
1120 1119 1122
1123 1122 1119
1122 1123 1124
1125 1124 1123
1124 1125 1126
1127 1126 1125
1126 1127 1128
1129 1130 1131
1130 1129 1132
1129 1133 1132
1133 1129 1134
1135 1133 1134
1133 1135 1136
1135 1137 1136
1137 1135 1138
1139 1137 1138
1137 1139 1140
1139 1141 1140
1141 1139 1142
1143 1141 1142
1141 1143 1144
1143 1145 1144
1145 1143 1146
1147 1145 1146
1145 1147 1148
1149 1148 1147
1148 1149 1150
1151 1152 1153
1152 1151 1154
1155 1154 1151
1154 1155 1156
1157 1156 1155
1156 1157 1158
1159 1158 1157
1158 1159 1160
1160 1159 1161
1152 1162 1153
1162 1152 1163
1163 1164 1162
1164 1163 1165
1165 1166 1164
1166 1165 1167
1167 1168 1166
1168 1167 1169
1169 1170 1168
1171 1172 1173
1172 1171 1174
1175 1172 1174
1172 1175 1176
1177 1176 1175
1177 1178 1176
1177 1179 1178
1179 1180 1178
1181 1180 1179
1181 1182 1180
1181 1183 1182
1181 1184 1183
1185 1183 1184
1186 1185 1184
1186 1187 1185
1186 1188 1187
1188 1189 1187
1189 1188 1190
1190 1191 1189
1191 1190 1192
1193 1194 1195
1194 1193 1196
1197 1193 1195
1193 1197 1198
1199 1198 1197
1198 1199 1200
1201 1200 1199
1200 1201 1202
1203 1202 1201
1202 1203 1204
1205 1204 1203
1204 1205 1206
1207 1206 1205
1206 1207 1208
1209 1208 1207
1208 1209 1210
1211 1210 1209
1210 1211 1212
1211 1213 1212
1213 1211 1214
1215 1216 1217
1216 1215 1218
1219 1215 1217
1215 1219 1220
1221 1220 1219
1220 1221 1222
1223 1222 1221
1222 1223 1224
1224 1223 1225
1226 1216 1218
1216 1226 1227
1226 1228 1227
1228 1226 1229
1229 1230 1228
1230 1229 1231
1231 1232 1230
1232 1231 1233
1233 1234 1232
1235 1236 1237
1236 1235 1238
1238 1239 1236
1239 1238 1240
1240 1241 1239
1241 1240 1242
1242 1243 1241
1243 1242 1244
1244 1245 1243
1245 1244 1246
1246 1247 1245
1247 1246 1248
1248 1249 1247
1249 1248 1250
1250 1251 1249
1251 1250 1252
1252 1253 1251
1253 1252 1254
1254 1255 1253
1255 1254 1256
1257 1258 1259
1258 1257 1260
1261 1258 1260
1258 1261 1262
1261 1263 1262
1263 1261 1264
1265 1263 1264
1263 1265 1266
1265 1267 1266
1267 1265 1268
1269 1267 1268
1267 1269 1270
1269 1271 1270
1271 1269 1272
1273 1271 1272
1271 1273 1274
1273 1275 1274
1275 1273 1276
1276 1277 1275
1277 1276 1278
1279 1280 1281
1280 1279 1282
1279 1283 1282
1283 1279 1284
1285 1283 1284
1283 1285 1286
1285 1287 1286
1287 1285 1288
1289 1287 1288
1287 1289 1290
1289 1291 1290
1291 1289 1292
1293 1291 1292
1291 1293 1294
1293 1295 1294
1295 1293 1296
1297 1295 1296
1295 1297 1298
1299 1298 1297
1298 1299 1300
1301 1302 1303
1302 1301 1304
1302 1305 1303
1305 1302 1306
1306 1307 1305
1307 1306 1308
1308 1309 1307
1309 1308 1310
1310 1311 1309
1311 1310 1312
1312 1313 1311
1313 1312 1314
1314 1315 1313
1315 1314 1316
1316 1317 1315
1317 1316 1318
1318 1319 1317
1319 1318 1320
1321 1319 1320
1319 1321 1322
1323 1324 1325
1324 1323 1326
1327 1326 1323
1326 1327 1328
1329 1328 1327
1328 1329 1330
1331 1330 1329
1330 1331 1332
1333 1332 1331
1332 1333 1334
1335 1334 1333
1334 1335 1336
1337 1336 1335
1336 1337 1338
1339 1338 1337
1338 1339 1340
1341 1340 1339
1340 1341 1342
1343 1342 1341
1342 1343 1344
1345 1346 1347
1347 1346 1348
1345 1347 1349
1345 1349 1350
1350 1349 1351
1351 1349 1352
1351 1352 1353
1353 1352 1354
1353 1354 1355
1355 1354 1356
1355 1356 1357
1357 1356 1358
1357 1358 1359
1359 1358 1360
1359 1360 1361
1360 1358 1362
1360 1362 1363
1364 1360 1363
1361 1360 1364
1361 1364 1365
1361 1365 1366
1366 1365 1367
1367 1368 1366
1368 1367 1369
1370 1365 1364
1364 1363 1370
1365 1370 1371
1371 1367 1365
1367 1371 1372
1372 1369 1367
1369 1372 1373
1374 1375 1376
1375 1374 1377
1378 1377 1374
1377 1378 1379
1380 1379 1378
1379 1380 1381
1380 1382 1381
1382 1380 1383
1375 1384 1376
1384 1375 1385
1384 1385 1386
1383 1387 1382
1387 1383 1388
1388 1389 1387
1389 1388 1390
1391 1389 1390
1389 1391 1392
1391 1393 1392
1393 1391 1394
1394 1395 1393
1395 1394 1396
1397 1398 1399
1397 1399 1400
1397 1401 1398
1402 1397 1400
1403 1404 1405
1403 1405 1406
1405 1404 1407
1407 1404 1408
1407 1408 1409
1407 1409 1410
1410 1409 1411
1410 1411 1412
1412 1411 1413
1412 1413 1414
1414 1413 1415
1414 1415 1416
1416 1415 1417
1416 1417 1418
1418 1417 1419
1416 1418 1420
1420 1418 1421
1418 1422 1421
1418 1419 1422
1422 1419 1423
1423 1419 1424
1423 1424 1425
1426 1425 1424
1425 1426 1427
1423 1428 1422
1421 1422 1428
1428 1423 1429
1425 1429 1423
1429 1425 1430
1431 1430 1425
1430 1431 1432
1433 1434 1435
1434 1433 1436
1435 1437 1433
1437 1435 1438
1438 1439 1437
1439 1438 1440
1441 1439 1440
1439 1441 1442
1443 1434 1436
1434 1443 1444
1444 1443 1445
1446 1442 1441
1442 1446 1447
1448 1447 1446
1447 1448 1449
1448 1450 1449
1450 1448 1451
1451 1452 1450
1452 1451 1453
1454 1452 1453
1452 1454 1455
1456 1457 1458
1457 1456 1459
1458 1460 1456
1460 1458 1461
1461 1462 1460
1462 1461 1463
1463 1464 1462
1464 1463 1465
1465 1466 1464
1466 1465 1467
1467 1468 1466
1468 1467 1469
1469 1470 1468
1470 1469 1471
1471 1472 1470
1472 1471 1473
1472 1473 1474
1475 1474 1473
1475 1476 1474
1477 1476 1475
1476 1477 1478
1477 1479 1478
1479 1477 1480
1481 1482 1483
1482 1481 1484
1483 1459 1481
1459 1483 1457
1484 1485 1482
1485 1484 1486
1487 1488 1489
1490 1488 1487
1491 1488 1490
1492 1488 1491
1493 1488 1492
1494 1488 1493
1495 1488 1494
1496 1488 1495
1497 1488 1496
1498 1488 1497
1499 1488 1498
1489 1488 1499
1500 1501 1502
1501 1500 1503
1504 1503 1500
1503 1504 1505
1506 1505 1504
1505 1506 1507
1508 1507 1506
1507 1508 1509
1510 1509 1508
1509 1510 1511
1512 1511 1510
1511 1512 1513
1514 1513 1512
1513 1514 1515
1516 1515 1514
1515 1516 1517
1518 1517 1516
1517 1518 1519
1520 1519 1518
1519 1520 1521
1522 1521 1520
1521 1522 1523
1524 1525 1526
1525 1524 1527
1502 1527 1524
1527 1502 1501
1528 1526 1525
1526 1528 1529
1530 1531 1532
1532 1531 1533
1533 1531 1534
1534 1531 1535
1535 1531 1536
1536 1531 1537
1537 1531 1538
1538 1531 1539
1539 1531 1540
1540 1531 1541
1541 1531 1542
1542 1531 1530
1540 1543 1539
1543 1540 1544
1544 1545 1543
1545 1544 1546
1547 1545 1546
1545 1547 1548
1549 1550 1551
1550 1549 1552
1551 1553 1549
1553 1551 1554
1553 1554 1555
1556 1555 1554
1553 1555 1557
1558 1559 1560
1559 1558 1561
1562 1560 1559
1560 1562 1563
1562 1564 1563
1564 1562 1565
1565 1566 1564
1566 1565 1567
1567 1568 1566
1566 1568 1569
1566 1569 1570
1571 1566 1570
1572 1566 1571
1566 1572 1573
1574 1575 1576
1575 1574 1577
1578 1577 1574
1577 1578 1579
1578 1580 1579
1580 1578 1581
1581 1582 1580
1582 1581 1583
1584 1585 1586
1585 1584 1587
1588 1586 1585
1586 1588 1589
1590 1589 1588
1589 1590 1591
1590 1592 1591
1592 1590 1593
1593 1594 1592
1594 1593 1595
1595 1596 1594
1596 1595 1597
1597 1598 1596
1598 1597 1599
1599 1600 1598
1600 1599 1601
1601 1602 1600
1602 1601 1603
1603 1604 1602
1604 1603 1605
1606 1604 1605
1604 1606 1607
1608 1609 1610
1609 1608 1611
1611 1612 1609
1612 1611 1613
1614 1612 1613
1612 1614 1615
1616 1615 1614
1615 1616 1617
1618 1617 1616
1618 1616 1619
1619 1616 1620
1616 1621 1620
1616 1622 1621
1622 1616 1623
1624 1625 1626
1625 1624 1627
1626 1628 1624
1628 1626 1629
1630 1628 1629
1628 1630 1631
1632 1631 1630
1631 1632 1633
1634 1635 1636
1635 1634 1637
1637 1638 1635
1638 1637 1639
1639 1640 1638
1640 1639 1641
1642 1640 1641
1640 1642 1643
1644 1643 1642
1643 1644 1645
1646 1645 1644
1645 1646 1647
1648 1647 1646
1647 1648 1649
1650 1649 1648
1649 1650 1651
1652 1651 1650
1651 1652 1653
1654 1653 1652
1653 1654 1655
1654 1656 1655
1656 1654 1657
1658 1659 1660
1659 1658 1661
1662 1663 1664
1663 1662 1665
1666 1667 1668
1667 1666 1669
1670 1667 1669
1667 1670 1671
1670 1672 1671
1672 1670 1673
1674 1672 1673
1672 1674 1675
1674 1676 1675
1676 1674 1677
1678 1676 1677
1676 1678 1679
1678 1680 1679
1680 1678 1681
1682 1680 1681
1680 1682 1683
1682 1684 1683
1684 1682 1685
1685 1686 1684
1686 1685 1687
1688 1689 1690
1689 1688 1691
1692 1691 1688
1691 1692 1693
1694 1693 1692
1694 1692 1695
1694 1695 1696
1696 1695 1697
1698 1696 1697
1698 1697 1699
1698 1699 1700
1698 1700 1701
1702 1701 1700
1703 1701 1702
1703 1702 1704
1703 1704 1705
1704 1706 1705
1706 1704 1707
1707 1708 1706
1708 1707 1709
1710 1711 1712
1711 1710 1713
1713 1714 1711
1714 1713 1715
1716 1714 1715
1714 1716 1717
1718 1717 1716
1717 1718 1719
1718 1720 1719
1720 1718 1721
1722 1720 1721
1720 1722 1723
1722 1724 1723
1724 1722 1725
1726 1724 1725
1724 1726 1727
1728 1727 1726
1727 1728 1729
1730 1729 1728
1729 1730 1731
1732 1733 1734
1733 1732 1735
1732 1736 1735
1736 1732 1737
1738 1736 1737
1736 1738 1739
1738 1740 1739
1740 1738 1741
1742 1740 1741
1740 1742 1743
1742 1744 1743
1744 1742 1745
1746 1744 1745
1744 1746 1747
1746 1748 1747
1748 1746 1749
1750 1748 1749
1748 1750 1751
1752 1751 1750
1751 1752 1753
1754 1755 1756
1755 1754 1757
1758 1756 1755
1756 1758 1759
1760 1759 1758
1759 1760 1761
1762 1761 1760
1761 1762 1763
1762 1764 1763
1764 1762 1765
1766 1764 1765
1764 1766 1767
1766 1768 1767
1768 1766 1769
1769 1770 1768
1770 1769 1771
1771 1772 1770
1772 1771 1773
1773 1774 1772
1774 1773 1775
1776 1777 1778
1777 1776 1779
1779 1780 1777
1780 1779 1781
1781 1782 1780
1782 1781 1783
1783 1784 1782
1784 1783 1785
1785 1786 1784
1786 1785 1787
1788 1786 1787
1786 1788 1789
1790 1789 1788
1789 1790 1791
1792 1791 1790
1791 1792 1793
1794 1793 1792
1793 1794 1795
1796 1795 1794
1795 1796 1797
1798 1799 1800
1799 1798 1801
1801 1802 1799
1802 1801 1803
1803 1804 1802
1804 1803 1805
1805 1806 1804
1806 1805 1807
1807 1808 1806
1809 1798 1800
1798 1809 1810
1811 1810 1809
1810 1811 1812
1813 1812 1811
1812 1813 1814
1815 1814 1813
1814 1815 1816
1816 1815 1817
1818 1819 1820
1819 1818 1821
1821 1822 1819
1822 1821 1823
1824 1825 1826
1827 1824 1826
1828 1829 1830
1829 1828 1831
1830 1832 1828
1832 1830 1833
1829 1834 1835
1836 1837 1835
1838 1839 1840
1841 1839 1838
1841 1842 1839
1842 1841 1843
1838 1840 1844
1845 1846 1847
1847 1846 1848
1848 1849 1847
1849 1850 1847
1850 1851 1847
1851 1852 1847
1852 1853 1847
1853 1854 1847
1854 1845 1847
1854 1855 1845
1855 1856 1845
1856 1855 1857
1857 1858 1856
1858 1857 1859
1859 1860 1858
1860 1859 1861
1861 1862 1860
1862 1861 1863
1863 1864 1862
1864 1863 1865
1866 1864 1865
1864 1866 1867
1868 1867 1866
1867 1868 1869
1870 1871 1872
1871 1870 1873
1872 1874 1870
1874 1872 1875
1875 1876 1874
1876 1875 1877
1877 1878 1876
1878 1877 1879
1880 1878 1879
1878 1880 1881
1880 1882 1881
1882 1883 1881
1883 1882 1884
1882 1885 1884
1885 1882 1886
1884 1887 1883
1887 1888 1883
1888 1887 1889
1887 1890 1889
1891 1892 1893
1892 1891 1894
1894 1895 1892
1895 1894 1896
1897 1895 1896
1895 1897 1898
1899 1898 1897
1898 1899 1900
1901 1900 1899
1900 1901 1902
1903 1902 1901
1902 1903 1904
1904 1903 1871
1905 1891 1893
1891 1905 1906
1904 1871 1873
1871 1903 1907
1894 1908 1896
1908 1897 1896
1897 1908 1909
1909 1899 1897
1899 1909 1910
1910 1901 1899
1901 1910 1911
1911 1903 1901
1903 1911 1912
1912 1913 1903
1913 1907 1903
1912 1914 1913
1915 1913 1914
1913 1915 1916
1917 1916 1915
1916 1917 1918
1919 1918 1917
1918 1919 1920
1921 1920 1919
1920 1921 1922
1921 1923 1922
1923 1921 1924
1923 1924 1925
1926 1925 1924
1925 1926 1927
1928 1925 1927
1925 1928 1929
1927 1926 1930
1931 1930 1926
1930 1931 1932
1930 1932 1933
1934 1935 1936
1935 1934 1937
1938 1937 1934
1937 1938 1939
1940 1939 1938
1939 1940 1941
1942 1941 1940
1941 1942 1943
1944 1943 1942
1943 1944 1945
1946 1945 1944
1945 1946 1947
1948 1947 1946
1947 1948 1949
1950 1935 1937
1935 1950 1951
1952 1937 1939
1937 1952 1950
1939 1953 1952
1953 1939 1954
1954 1955 1953
1955 1954 1956
1957 1956 1945
1956 1957 1955
1958 1945 1947
1945 1958 1957
1959 1947 1949
1947 1959 1958
1960 1961 1962
1961 1960 1963
1964 1962 1965
1962 1964 1966
1964 1967 1966
1968 1960 1967
1960 1968 1969
1967 1964 1970
1971 1972 1973
1972 1971 1974
1975 1972 1974
1976 1975 1974
1976 1977 1975
1976 1978 1977
1978 1976 1979
1980 1978 1979
1980 1979 1981
1982 1971 1973
1971 1982 1983
1984 1983 1982
1985 1983 1984
1985 1984 1986
1987 1985 1986
1985 1987 1988
1989 1988 1987
1989 1990 1988
1991 1992 1993
1992 1994 1993
1994 1992 1995
1996 1993 1994
1993 1996 1997
1998 1993 1997
1991 1993 1999
2000 1999 1993
1999 2000 2001
2002 2000 1993
1993 2003 2002
1998 2003 1993
2004 2005 2006
2005 2004 2007
2004 2008 2007
2008 2004 2009
2010 2011 2012
2011 2010 2013
2014 2011 2013
2011 2014 2015
2016 2017 2018
2017 2016 2019
2020 2019 2016
2019 2020 2021
2022 2023 2024
2023 2022 2025
2026 2022 2024
2022 2026 2027
2028 2029 2030
2031 2032 2033
2032 2031 2034
2032 2035 2033
2035 2032 2036
2037 2038 2039
2040 2038 2037
2038 2040 2041
2042 2041 2040
2041 2042 2043
2044 2043 2042
2043 2044 2045
2046 2047 2048
2049 2046 2048
2049 2048 2050
2050 2051 2049
2046 2052 2047
2053 2054 2055
2054 2053 2056
2054 2057 2055
2057 2054 2058
2059 2057 2058
2057 2059 2060
2061 2060 2059
2060 2061 2062
2063 2062 2061
2062 2063 2064
2065 2064 2063
2064 2065 2066
2067 2066 2065
2066 2067 2068
2067 2069 2068
2069 2067 2070
2070 2071 2069
2071 2070 2072
2073 2071 2072
2073 2072 2074
2075 2076 2077
2076 2075 2078
2075 2077 2079
2076 2078 2080
2081 2076 2080
2081 2080 2082
2083 2081 2082
2082 2084 2083
2084 2082 2085
2085 2086 2084
2086 2085 2087
2088 2086 2087
2088 2087 2089
2089 2087 2090
2089 2090 2091
2090 2092 2091
2092 2090 2093
2094 2092 2093
2092 2094 2095
2096 2095 2094
2095 2096 2097
2098 2097 2096
2097 2098 2099
2100 2099 2098
2099 2100 2101
2100 2079 2101
2079 2102 2101
2079 2103 2102
2103 2104 2102
2100 2105 2079
2105 2075 2079
2106 2107 2108
2107 2106 2109
2108 2110 2106
2110 2108 2111
2111 2112 2110
2112 2111 2113
2114 2112 2113
2112 2114 2115
2116 2115 2114
2115 2116 2117
2118 2117 2116
2117 2118 2119
2118 2120 2119
2120 2118 2121
2121 2122 2120
2122 2121 2123
2124 2122 2123
2122 2124 2125
2126 2125 2124
2125 2126 2127
2128 2127 2126
2127 2128 2129
2128 2130 2129
2130 2128 2131
2131 2109 2130
2109 2131 2107
2132 2133 2134
2133 2135 2134
2135 2133 2136
2136 2133 2137
2137 2133 2138
2138 2133 2139
2139 2133 2140
2140 2133 2141
2141 2133 2132
2141 2132 2142
2143 2142 2132
2142 2143 2144
2145 2144 2143
2144 2145 2146
2147 2146 2145
2146 2147 2148
2149 2148 2147
2148 2149 2150
2151 2150 2149
2150 2151 2152
2151 2153 2152
2153 2151 2154
2154 2155 2153
2155 2154 2156
2157 2158 2159
2157 2160 2158
2158 2161 2159
2162 2159 2161
2160 2157 2163
2160 2163 2164
2163 2165 2164
2164 2165 2166
2164 2166 2167
2166 2168 2167
2168 2169 2167
2170 2164 2167
2171 2170 2167
2167 2172 2171
2172 2173 2162
2172 2167 2173
2081 2162 2173
2159 2162 2081
2169 2174 2167
2169 2175 2174
2081 2083 2176
2176 2159 2081
1891 2177 1894
2177 1891 2178
1908 1894 2177
2179 2178 1891
2178 2179 2180
2181 2182 2183
2182 2181 2184
2182 2185 2183
2185 2182 2186
2181 2187 2184
2187 2181 2188
2188 2189 2187
2189 2188 2190
2191 2181 2183
2185 2191 2183
2181 2191 2192
2191 2185 2193
2188 2194 2190
2194 2188 2195
2181 2195 2188
2195 2181 2192
2196 2197 2198
2197 2196 2199
2200 2198 2197
2198 2200 2201
2202 2199 2196
2199 2202 2203
2204 2201 2200
2201 2204 2205
2206 2207 2208
2207 2206 2209
2210 2209 2206
2209 2210 2211
2212 2211 2210
2211 2212 2213
2214 2213 2212
2213 2214 2215
2216 2213 2215
2213 2216 2217
2217 2211 2213
2218 2209 2211
2211 2217 2218
2209 2218 2219
2219 2220 2209
2220 2219 2221
2222 2223 2224
2223 2222 2225
2226 2225 2222
2227 2225 2226
2228 2229 2230
2229 2228 2231
2231 2232 2229
2232 2231 2233
2234 2235 2236
2237 2238 2239
2239 2240 2237
2240 2239 2241
2241 2242 2240
2242 2241 2243
2243 2244 2242
2244 2243 2245
2246 2247 2248
2249 2248 2247
2250 2246 2248
2246 2250 2251
2252 2251 2250
2252 2253 2251
2252 2254 2253
2252 2255 2254
2255 2256 2254
2256 2257 2254
2256 2258 2257
2258 2256 2259
2259 2260 2258
2260 2259 2261
2261 2262 2260
2261 2263 2262
2263 2264 2262
2263 2265 2264
2265 2266 2264
2267 2266 2265
2268 2267 2265
2268 2269 2267
2270 2269 2268
2270 2268 2271
2268 2272 2271
2272 2273 2271
2273 2272 2274
2272 2275 2274
2276 2277 2278
2277 2276 2279
2280 2279 2276
2279 2280 2281
2281 2280 2282
2283 2281 2282
2283 2282 2284
2285 2283 2284
2286 2285 2284
2286 2287 2285
2287 2288 2285
2287 2289 2288
2288 2289 2290
2291 2288 2290
2292 2288 2291
2293 2292 2291
2294 2292 2293
2294 2295 2292
2296 2297 2298
2297 2296 2299
2300 2298 2297
2298 2300 2301
2302 2301 2300
2301 2302 2303
2304 2303 2302
2303 2304 2305
2306 2305 2304
2305 2306 2307
2308 2307 2306
2307 2308 2309
2308 2310 2309
2310 2308 2311
2311 2312 2310
2312 2311 2313
2313 2314 2312
2314 2313 2315
2315 2316 2314
2316 2315 2317
2317 2318 2316
2318 2317 2319
2319 2320 2318
2320 2319 2321
2322 2320 2321
2320 2322 2323
2324 2325 2326
2325 2324 2327
2326 2328 2324
2328 2326 2329
2329 2330 2328
2330 2329 2331
2331 2332 2330
2332 2331 2333
2334 2332 2333
2332 2334 2335
2336 2335 2334
2335 2336 2337
2336 2338 2337
2338 2336 2339
2327 2340 2325
2340 2327 2341
2341 2342 2340
2342 2341 2343
2343 2344 2342
2344 2343 2345
2346 2344 2345
2344 2346 2347
2348 2347 2346
2349 2350 2351
2352 2349 2351
2352 2351 2353
2352 2353 2354
2353 2355 2354
2355 2353 2356
2355 2356 2357
2358 2355 2357
2355 2358 2359
2358 2360 2359
2360 2358 2361
2362 2363 2364
2363 2365 2364
2363 2366 2365
2363 2367 2366
845 2368 2369
2368 845 2370
845 849 2370
2368 2371 2369
2368 2372 2371
2369 2371 835
835 2371 2373
2373 2371 2372
2373 2372 2374
2374 2372 2375
2376 849 848
2376 848 854
2376 854 2377
854 857 2378
857 861 2378
864 2378 861
2379 2378 864
2379 864 2380
864 2381 2380
2380 2381 2382
2383 2380 2382
2384 2383 2382
2385 2383 2384
2383 2385 2386
2387 2386 2385
864 863 2381
2381 863 2388
2388 2389 2381
2390 2391 2392
2391 2390 2393
2390 2394 2393
2394 2390 2395
2396 2397 2398
2397 2396 2399
2399 2400 2397
2400 2399 2401
2402 2249 2403
2296 2404 2299
2405 2406 2407
2406 2405 2408
2409 2407 2406
2407 2409 2410
2411 2412 2413
2414 2412 2411
2415 2416 2417
2416 2415 2418
2419 2418 2415
2418 2419 2420
2416 2421 2422
2423 2421 2424
2425 2426 2427
2426 2425 2428
2429 2426 2428
2426 2429 2430
2429 2431 2430
2431 2429 2432
2432 2433 2431
2433 2432 2434
2434 2435 2433
2435 2434 2436
2436 2437 2435
2437 2436 2438
2438 2439 2437
2439 2438 2440
2441 2439 2440
2439 2441 2442
2443 2442 2441
2442 2443 2444
2445 2444 2443
2445 2446 2444
2447 2448 2449
2448 2447 2450
2448 2451 2449
2451 2448 2452
2447 2453 2450
2454 2453 2447
2454 2455 2453
2454 2456 2455
2457 2455 2456
2455 2457 2458
2458 2457 2459
2459 2460 2458
2461 2460 2459
2461 2462 2460
2462 2463 2460
2462 2464 2463
2465 2463 2464
2463 2465 2466
2465 2467 2466
2467 2465 2468
2468 2469 2467
2469 2468 2470
2470 2471 2469
2471 2470 2472
2472 2473 2471
2473 2472 2474
2473 2474 2451
2451 2474 2475
2451 2475 2476
2476 2475 2477
2473 2451 2452
2478 2479 2480
2479 2478 2481
2482 2480 2479
2480 2482 2483
2484 2483 2482
2483 2484 2485
2484 2486 2485
2486 2484 2487
2487 2488 2486
2488 2487 2489
2489 2490 2488
2490 2489 2491
2492 2490 2491
2490 2492 2493
2494 2493 2492
2493 2494 2495
2494 2496 2495
2496 2494 2497
2497 2498 2496
2498 2497 2499
2499 2500 2498
2500 2499 2501
2502 2500 2501
2500 2502 2503
2481 2503 2502
2503 2481 2478
2504 2505 2506
2504 2506 2507
2506 2505 2508
2509 2508 2505
2507 2510 2504
2507 2511 2510
2510 2511 2512
2511 2513 2512
2511 2514 2513
2513 2514 2515
2515 2514 2516
2517 2514 2511
2518 2514 2517
2518 2519 2514
2520 2509 2519
2519 2518 2520
2454 2519 2509
2505 2454 2509
2516 2514 2521
2516 2521 2522
2523 2454 2505
2456 2454 2523
2524 2525 2526
2525 2524 2527
2526 2528 2524
2528 2526 2529
2527 2530 2525
2530 2527 2531
2529 2532 2528
2532 2529 2533
2534 2535 2536
2535 2534 2537
2538 2534 2536
2539 2538 2536
