byte offset: 0
first index: 0
index count: 10614
topology: trianglelist
format: DXGI_FORMAT_R16_UINT

0 1 2
2 1 3
2 4 0
4 2 5
6 0 4
2 7 5
3 7 2
6 4 8
9 6 8
10 7 3
10 11 7
8 4 12
12 4 5
13 8 12
14 8 13
15 7 11
7 15 5
15 11 16
14 17 8
9 8 17
9 17 18
17 14 19
17 19 20
18 17 20
18 20 21
21 22 18
9 18 23
23 18 24
24 18 22
24 22 25
24 26 23
27 26 24
27 24 25
26 27 28
26 28 29
29 30 26
31 30 29
28 32 29
28 33 32
33 34 32
32 34 35
35 29 32
35 36 29
31 29 36
31 36 37
33 28 38
38 39 33
40 38 28
40 28 27
40 39 38
40 41 39
27 42 40
42 27 43
44 40 42
44 41 40
45 36 35
45 35 34
33 39 46
33 46 34
45 34 46
46 39 41
47 46 41
46 47 48
48 49 46
45 46 49
50 45 49
37 36 50
36 45 50
27 25 43
51 52 53
54 51 53
55 54 53
56 55 53
56 57 55
57 56 58
59 55 57
54 55 59
60 57 58
57 60 61
62 61 60
60 63 62
63 64 62
63 60 65
60 58 65
66 63 65
63 66 67
63 67 68
63 68 64
64 68 69
69 68 70
68 67 71
68 71 70
72 69 70
64 69 73
74 75 76
75 77 76
77 78 76
79 80 81
80 82 81
82 80 83
80 84 83
80 85 84
79 85 80
86 87 88
89 87 86
90 87 89
91 89 86
92 93 94
93 95 94
96 97 98
99 100 101
102 103 104
103 105 104
106 107 108
109 110 111
112 113 114
113 115 114
116 112 114
117 115 113
118 117 113
117 118 119
119 118 120
121 112 116
122 123 124
123 125 124
126 124 125
127 126 125
127 128 126
128 129 126
128 130 129
130 131 129
132 133 134
133 135 134
136 133 132
137 136 132
135 133 138
139 135 138
138 133 140
133 136 140
141 142 143
142 144 143
145 142 141
146 145 141
147 148 149
148 150 149
150 148 151
152 150 151
153 154 155
154 156 155
155 156 157
156 158 157
156 159 158
159 160 158
154 161 156
161 159 156
162 163 164
165 162 164
166 167 168
166 169 167
166 170 169
171 172 173
171 174 172
174 175 172
176 177 178
177 179 178
180 176 178
181 180 178
182 183 184
183 185 184
184 185 186
187 184 186
188 189 190
189 191 190
192 193 194
193 195 194
196 195 193
197 196 193
198 199 200
199 201 200
200 201 202
201 203 202
202 203 204
203 205 204
204 205 206
205 207 206
208 206 207
208 209 206
210 209 208
211 210 208
212 210 211
213 212 211
212 213 214
213 215 214
216 217 218
217 219 218
220 221 222
221 223 222
223 224 222
225 226 227
228 229 230
229 231 230
232 233 234
233 235 234
236 237 238
237 239 238
237 240 239
240 241 239
242 243 244
243 245 244
245 246 244
246 247 244
246 245 248
243 249 245
249 250 245
251 252 253
254 255 256
255 257 256
258 257 255
259 258 255
257 258 260
261 257 260
256 257 262
257 261 262
263 264 265
264 266 265
265 266 267
266 268 267
269 270 271
271 270 272
272 270 273
270 274 273
275 276 277
276 278 277
278 279 277
279 280 277
281 279 278
282 281 278
282 278 283
278 276 283
284 285 286
285 287 286
285 284 288
289 285 288
287 285 290
290 285 289
291 287 290
292 290 289
293 294 295
294 296 295
294 297 296
297 298 296
297 299 298
299 300 298
301 302 303
304 302 301
305 306 307
306 308 307
309 310 311
311 310 312
313 314 315
316 314 313
317 318 319
317 319 320
317 320 321
321 320 322
318 317 323
317 321 323
321 322 323
322 324 323
318 323 324
325 318 324
318 325 319
324 326 325
326 327 325
326 328 327
328 329 327
330 325 327
330 331 325
332 326 324
332 324 333
334 335 336
335 337 336
338 339 340
339 341 340
342 343 344
343 345 344
345 343 346
343 347 346
346 347 348
347 349 348
348 349 350
351 348 350
352 353 354
354 353 355
353 352 356
357 356 352
357 358 356
353 359 355
353 360 359
358 357 361
362 358 361
362 363 358
364 365 366
365 367 366
366 367 368
366 369 364
370 364 369
370 369 371
366 368 372
373 370 371
373 371 374
375 374 371
376 377 378
379 380 381
380 382 381
383 382 380
383 384 382
383 385 384
385 386 384
385 387 386
387 388 386
386 388 389
379 381 390
390 381 391
392 393 394
395 396 397
397 396 398
399 397 398
399 398 400
398 401 400
400 401 402
403 404 405
405 404 406
405 406 407
406 408 407
409 404 403
410 409 403
410 411 409
408 406 412
411 410 413
411 413 414
415 411 414
416 417 418
417 419 418
420 421 422
420 422 423
420 423 424
420 424 425
420 426 421
420 425 426
427 428 429
427 430 428
431 428 430
427 429 432
430 427 432
431 430 432
429 428 433
434 429 433
429 434 435
429 435 432
436 437 438
437 439 438
436 438 440
438 441 440
442 443 444
443 445 444
442 446 443
446 447 443
448 449 450
449 451 450
448 450 452
450 453 452
454 455 456
455 457 456
457 455 458
455 459 458
460 461 462
461 463 462
460 462 464
462 465 464
466 467 468
467 469 468
469 470 468
470 471 468
472 473 474
473 472 475
475 476 473
477 476 475
475 478 477
478 479 477
480 481 482
480 483 481
482 484 480
485 480 484
480 486 483
487 486 480
488 480 485
480 488 487
489 490 491
490 492 491
493 494 495
494 496 495
497 494 493
498 494 497
499 498 497
499 500 498
500 501 498
502 501 500
501 502 503
504 501 503
505 506 507
506 508 507
506 505 509
510 506 509
511 510 509
510 511 512
513 510 512
508 514 507
508 515 514
515 516 514
517 518 519
518 520 519
517 519 521
522 517 521
523 522 521
522 523 524
525 522 524
525 524 526
527 525 526
528 527 526
529 530 531
532 530 529
530 532 533
530 533 534
534 533 535
536 534 535
532 537 533
538 537 532
532 539 538
532 529 539
540 530 534
541 542 543
544 542 541
544 541 545
546 545 541
544 545 547
548 547 545
549 544 547
550 551 552
551 553 552
554 555 556
555 557 556
558 555 554
559 558 554
560 558 559
561 560 559
560 561 562
561 563 562
556 557 564
565 566 567
568 565 567
565 568 569
567 570 568
565 571 566
571 572 566
573 572 571
574 572 573
575 574 573
575 573 576
575 576 577
578 575 577
573 571 579
580 576 573
581 580 573
582 581 573
581 582 583
583 584 581
584 585 581
582 586 583
582 587 586
587 588 586
587 589 588
589 590 588
576 580 591
580 592 591
589 593 590
594 593 589
594 595 593
596 595 594
595 596 597
596 594 598
598 599 596
600 598 594
601 602 603
603 604 601
605 601 604
606 607 608
609 610 611
611 610 612
610 609 613
610 613 614
614 613 615
616 614 615
616 617 614
618 619 620
619 621 620
620 621 622
621 623 622
623 624 622
624 625 622
625 624 626
624 627 626
627 628 626
628 629 626
622 630 620
625 630 622
630 625 626
629 630 626
631 623 621
631 628 627
631 624 623
631 627 624
631 621 619
631 619 632
631 633 628
634 635 636
635 637 636
634 636 638
639 634 638
639 638 640
638 641 640
640 641 642
643 640 642
643 642 644
642 645 644
636 637 646
638 636 646
641 638 646
646 642 641
645 642 646
646 637 647
640 648 639
648 640 643
648 634 639
649 650 651
651 650 652
652 650 653
653 650 654
654 650 655
655 650 656
656 650 657
657 650 658
658 650 649
659 660 661
660 662 661
662 663 661
663 664 661
664 665 661
665 666 661
666 667 661
667 668 661
668 659 661
669 670 671
670 672 671
670 673 672
673 674 672
673 675 674
675 676 674
675 677 676
677 678 676
678 677 679
680 678 679
679 681 680
681 682 680
683 682 681
681 684 683
685 673 670
677 675 686
686 679 677
686 687 679
681 679 688
679 687 688
684 681 689
681 688 689
689 688 690
691 685 692
685 693 692
693 694 692
694 693 695
695 693 669
696 694 695
696 695 697
695 698 697
699 697 698
698 695 700
695 701 700
701 695 669
670 669 693
693 685 670
700 701 702
694 703 692
704 692 703
704 703 705
706 704 705
707 703 694
694 696 707
706 705 708
709 706 708
705 710 708
711 708 710
711 710 712
712 713 711
714 713 712
714 715 713
715 714 716
716 717 715
717 718 715
715 718 719
715 719 713
718 720 719
714 721 716
716 722 717
722 723 717
716 721 724
722 716 724
720 718 725
726 720 725
727 726 725
722 724 728
729 722 728
723 722 730
722 729 730
730 731 723
731 732 723
717 723 732
732 733 717
732 734 733
732 735 734
734 735 736
737 734 736
733 738 717
733 734 738
734 737 738
739 717 738
739 740 725
739 738 740
738 737 740
740 741 725
736 741 737
740 737 741
735 732 742
732 731 742
717 739 718
739 725 718
727 725 741
743 744 745
744 746 745
747 745 746
748 747 746
749 747 748
750 749 748
744 743 751
743 752 751
751 752 753
752 754 753
753 754 755
754 756 755
757 755 756
755 757 758
759 746 744
759 760 746
760 748 746
761 750 748
748 760 761
761 760 762
763 761 762
761 763 764
750 761 764
763 765 764
765 766 764
766 767 764
766 768 767
769 768 766
766 765 769
769 770 768
768 770 771
772 768 771
768 772 767
772 771 773
772 773 767
771 774 773
773 775 767
767 775 764
773 776 775
775 777 764
750 764 777
771 770 778
770 779 778
779 770 769
765 780 769
780 781 769
781 782 769
782 779 769
783 782 781
783 784 782
783 785 784
783 786 785
783 781 786
786 787 785
787 788 785
786 789 787
781 789 786
781 780 789
789 790 787
790 791 787
784 785 792
792 785 793
785 788 793
794 791 790
784 792 795
795 792 796
796 792 797
796 797 798
799 796 798
799 798 800
800 798 801
801 802 800
802 803 800
802 804 803
804 805 803
798 806 801
798 797 806
806 807 801
807 808 801
801 808 809
810 800 803
810 799 800
811 810 803
811 803 812
803 805 812
797 813 806
806 813 814
806 814 807
809 808 815
808 816 815
808 807 816
814 817 807
817 818 807
807 818 816
809 815 819
820 809 819
809 820 821
822 821 820
823 822 820
821 824 809
825 814 813
825 813 826
827 825 826
826 813 828
813 797 828
792 828 797
827 826 829
829 826 828
830 827 829
830 829 831
793 829 828
831 829 793
792 793 828
788 831 793
827 830 832
833 827 832
825 827 833
834 825 833
825 834 814
834 817 814
835 836 837
838 835 837
838 837 839
839 837 840
839 840 841
836 835 842
843 835 838
844 843 838
845 843 844
845 844 846
839 846 838
846 844 838
842 835 847
843 847 835
842 847 848
842 848 849
850 842 849
841 851 839
846 839 851
841 852 851
852 841 853
841 854 853
855 852 853
854 841 856
856 857 854
856 858 857
858 859 857
860 858 856
860 861 858
861 862 858
858 862 859
860 863 861
863 864 861
863 865 864
863 866 865
866 867 865
868 867 866
867 868 869
868 870 869
871 868 866
868 872 870
871 872 868
872 873 870
874 870 873
873 875 874
871 876 872
877 876 871
877 878 876
877 879 878
879 880 878
878 880 881
879 850 880
878 882 876
850 879 842
879 877 836
836 842 879
836 877 871
836 871 883
871 866 883
883 866 863
840 883 863
837 883 840
836 883 837
863 860 840
840 860 856
840 856 841
876 882 884
885 876 884
872 876 885
886 872 885
873 872 886
887 873 886
887 886 888
888 886 889
886 885 889
888 889 890
891 888 890
890 892 891
892 890 893
890 894 893
893 894 895
896 893 895
890 897 894
890 889 897
889 898 897
889 885 898
885 884 898
893 899 892
893 896 899
895 900 896
895 901 900
895 902 901
903 902 895
902 904 901
896 905 899
906 899 905
906 905 907
907 908 906
909 907 905
900 909 896
909 905 896
910 900 901
900 910 909
911 908 907
911 907 912
912 907 913
913 909 910
913 907 909
901 914 910
915 916 917
917 916 918
919 917 918
918 920 919
920 921 919
922 921 920
917 923 915
924 916 915
915 925 924
925 915 926
915 927 926
928 916 924
929 928 924
930 928 929
931 930 929
932 930 931
926 927 933
927 934 933
933 934 935
934 936 935
936 846 935
937 936 934
936 937 843
938 937 934
934 927 938
927 939 938
939 927 915
923 939 915
940 928 930
928 940 941
916 928 941
916 941 918
941 942 918
920 918 942
943 920 942
943 944 920
944 922 920
941 945 942
941 940 945
942 945 946
946 943 942
943 946 947
944 943 948
943 947 948
940 949 945
949 940 950
950 940 930
951 950 930
932 951 930
952 951 932
951 952 953
950 951 953
952 954 953
950 955 949
955 950 953
945 956 946
945 949 956
957 946 956
957 947 946
957 948 947
957 958 948
959 949 955
959 955 953
959 956 949
959 953 960
957 956 961
961 956 959
962 957 961
957 962 958
962 963 958
964 959 960
959 964 961
961 965 962
966 963 962
965 966 962
963 966 967
968 961 964
964 969 968
969 964 970
964 960 970
961 971 965
968 971 961
972 973 974
974 975 972
975 976 972
972 976 977
977 976 978
976 979 978
980 978 979
981 980 979
982 980 981
983 979 976
984 983 976
984 976 975
983 985 979
986 981 979
986 979 985
987 981 986
987 988 981
983 989 985
989 990 985
984 991 983
991 989 983
990 992 985
992 986 985
992 993 986
993 987 986
989 994 990
989 991 994
994 995 990
996 995 994
997 996 994
998 997 994
999 997 998
999 998 1000
998 1001 1000
1002 1001 998
998 994 1002
1001 1002 1003
999 1000 1004
1005 999 1004
992 1006 993
1006 995 996
1007 1006 996
1008 1006 1007
1009 1008 1007
1009 1010 1008
1011 1010 1009
1012 1011 1009
1010 1013 1008
1014 1013 1010
1014 1015 1013
1015 1016 1013
1016 1008 1013
1008 1016 1006
1003 1002 1017
1002 1018 1017
1018 1019 1017
1018 1020 1019
1020 53 1019
1021 53 1020
1022 1021 1020
1022 1023 1021
1023 1022 1016
1023 1016 1015
1006 1016 993
992 990 1006
990 995 1006
1024 1025 1026
1027 1024 1026
1028 1024 1027
1028 1027 1029
1030 1028 1029
1029 1027 1031
1031 1027 1026
1032 1024 1028
1024 1033 1025
1024 1032 1033
1034 1025 1033
1034 1035 1025
1034 1036 1035
1037 1036 1034
1036 1038 1035
1039 1036 1037
1038 1036 1039
1040 1038 1039
1041 1040 1039
1042 1039 1037
1043 1032 1028
1044 1043 1028
1043 1044 1045
1044 1046 1045
1047 1046 1044
1028 1047 1044
1028 1030 1047
1037 1048 1042
1037 1049 1048
1050 1049 1037
1051 1050 1037
1048 1049 1052
1049 1053 1052
1053 1049 1050
1054 1053 1050
1055 1054 1050
1055 1056 1054
1056 1055 1057
1050 1057 1055
1057 1050 1058
1050 1051 1058
1059 1056 1057
1060 1059 1057
1060 1057 1058
1060 1058 1061
1061 1058 1043
1043 1062 1061
1063 1061 1062
1064 1061 1063
1061 1064 1060
1065 1064 1063
1062 1066 1063
1062 1043 1066
1067 1060 1064
1059 1060 1067
1064 1065 1068
1067 1064 1068
1069 1067 1068
1070 1069 1068
1070 1068 1071
1068 1065 1071
1032 1043 1058
1072 1032 1058
1051 1072 1058
1063 1073 1065
1063 1066 1073
1073 1074 1065
1073 1066 1075
1071 1065 1076
1065 1074 1076
1075 1066 1045
1077 1075 1045
1046 1077 1045
1074 1073 1078
1074 1078 1076
1073 1079 1078
1076 1078 1080
1080 1078 1081
1078 1082 1081
1078 1083 1082
1083 1078 1079
1082 1083 1084
1081 1082 1084
1083 1085 1084
1086 1084 1085
1086 1087 1084
1083 1079 1088
1083 1088 1085
1085 1088 1089
1090 1085 1089
1090 1086 1085
1079 1091 1088
1092 1089 1088
1091 1092 1088
1093 1089 1092
1094 1089 1093
1092 1091 1095
1095 1091 1075
1077 1095 1075
1090 1096 1086
1096 1097 1086
1097 1096 1098
1099 1097 1098
1096 1100 1098
1099 1101 1097
1102 1101 1099
1101 1102 1103
1100 1096 1104
1104 1096 1105
1086 1097 1101
1087 1086 1101
1101 1103 1087
1090 1105 1096
1099 1098 1106
1106 1102 1099
1102 1106 1107
1108 1100 1104
1087 1109 1084
1084 1109 1081
1110 1111 1112
1111 1113 1112
1114 1113 1111
1115 1114 1111
1116 1114 1115
1116 1117 1114
1113 1114 1118
1115 1111 1119
1120 1115 1119
1120 1116 1115
1120 1119 1121
1119 1122 1121
1121 1122 1123
1122 1124 1123
1119 1111 1125
1111 1110 1125
1125 1110 1126
1125 1126 1127
1126 1128 1127
1127 1128 1129
1130 1127 1129
1130 1129 1131
1129 1132 1131
1130 1131 1133
1130 1133 1127
1129 1134 1132
1134 1129 1128
1131 1132 1135
1136 1131 1135
1136 1137 1131
1137 1133 1131
1136 1135 1138
1136 1138 1137
1135 1139 1138
1134 1139 1135
1139 1140 1138
1140 1141 1138
1140 1142 1141
1141 1143 1138
1137 1138 1144
1143 1144 1138
1144 1145 1137
1137 1145 1133
1144 1146 1145
1146 1147 1145
1147 1146 1148
1149 1147 1148
1150 1146 1144
1150 1144 1143
1150 1151 1146
1151 1150 1152
1152 1150 1153
1150 1143 1153
1154 1152 1153
1141 1142 1155
1156 1141 1155
1156 1153 1143
1141 1156 1143
1157 1149 1148
1148 1158 1157
1159 1157 1158
1160 1159 1158
1151 1161 1146
1148 1146 1161
1149 1162 1147
1157 1162 1149
1162 1163 1147
1147 1163 1145
1163 1164 1145
1124 1164 1163
1124 1163 1165
1163 1166 1165
1166 1163 1162
1162 1167 1166
1167 1162 1168
1167 1168 1169
1170 1167 1169
1170 1171 1167
1167 1171 1166
1170 1172 1171
1173 1171 1172
1174 1173 1172
1169 1168 1175
1176 1172 1170
1172 1176 1174
1177 1176 1170
1177 1170 1169
1177 1169 1178
1176 1179 1174
1179 1176 1180
1176 1181 1180
1182 1181 1176
1176 1177 1182
1178 1182 1177
1174 1179 1183
1174 1183 1173
1183 1179 1184
1178 1169 1185
1186 1185 1175
1187 1178 1185
1185 1188 1187
1185 1186 1188
1175 1185 1169
1189 1175 1168
1190 1189 1168
1159 1189 1190
1157 1159 1190
1162 1157 1190
1162 1190 1168
1191 1189 1159
1159 1192 1191
1193 1191 1192
1194 1193 1192
1194 1195 1193
1195 1196 1193
1196 1197 1193
1197 1198 1193
1191 1193 1198
1199 1198 1197
1198 1199 1200
1200 1191 1198
1189 1191 1200
1199 1201 1200
1202 1199 1197
1195 1203 1196
1203 1204 1196
1204 1205 1196
1205 1197 1196
1202 1197 1205
1206 1202 1205
1205 1207 1206
1207 1205 1204
1207 1208 1206
1207 1209 1208
1209 1207 1210
1209 1210 1211
1212 1209 1211
1207 1213 1210
1213 1207 1204
1210 1213 1214
1213 1215 1214
1213 1204 1215
1204 1203 1215
1209 1216 1208
1209 1212 1216
1212 1217 1216
1211 1210 1218
1210 1214 1218
1219 1220 698
1219 698 700
1219 700 702
1221 1142 1222
1142 1140 1222
1140 1223 1222
1140 1139 1223
1224 1223 1139
1134 1224 1139
1134 1128 1224
1128 1225 1224
1225 1128 1126
1226 1225 1126
1110 1226 1126
1112 1226 1110
1227 1228 1229
1229 1230 1227
1231 1230 1229
1229 1228 1232
1228 1233 1232
1233 1234 1232
1234 1235 1232
1231 1229 1236
1235 1234 1237
1238 1239 1240
1240 1239 1241
1239 1242 1241
1241 1242 1243
1242 1244 1243
1244 1245 1243
1243 1245 1246
1245 1247 1246
1247 1245 1248
1249 1247 1248
1250 1249 1248
1251 1249 1250
1252 1251 1250
1252 1253 1251
1252 1254 1253
1254 1255 1253
1255 1254 1256
1254 1257 1256
1257 1258 1256
1257 1259 1258
1260 1261 1262
1263 1262 1261
1264 1265 1266
1265 1264 1267
1268 1265 1267
1265 1269 1266
1266 1269 1270
1270 1269 1271
1271 1269 1272
1268 1273 1265
1272 1274 1271
1272 1275 1274
1274 1275 1276
1276 1277 1274
1277 1276 1278
1279 1277 1278
1278 1280 1279
1279 1280 1281
1281 1280 1282
1283 1282 1280
1283 1284 1282
1282 1284 1285
1284 1286 1285
1286 1287 1285
1287 1286 1288
1289 1290 1291
1292 1293 1294
1293 1295 1294
1292 1294 1296
1292 1296 1297
1296 1298 1297
1298 1299 1297
1300 1293 1292
1300 1292 759
1292 1297 759
1297 1299 759
759 1299 1301
1299 1302 1301
1299 1298 1302
1302 762 1301
1301 762 760
760 759 1301
744 1300 759
1303 1300 744
1300 1303 1293
751 1303 744
1304 1293 1303
1305 1304 1303
1303 753 1305
1303 751 753
1304 1305 1306
753 1306 1305
753 755 1306
1307 1306 755
758 1307 755
1304 1306 1308
1308 1306 1307
1308 1309 1304
1293 1304 1309
1307 1310 1308
1309 1295 1293
1311 1312 1313
1314 1312 1311
1312 1314 1160
1314 1315 1160
1315 1314 1316
1317 1315 1316
1315 1317 1192
1317 1318 1192
1319 1318 1317
1320 1319 1317
1321 1319 1320
1322 1321 1320
1323 1322 1320
1324 1323 1320
1320 1317 1324
1317 1316 1324
1323 1324 1325
1326 1323 1325
1327 1316 1314
1325 1324 1327
1324 1316 1327
1328 1327 1314
1329 1323 1326
1323 1329 1322
1330 1329 1326
1329 1331 1322
1321 1322 1332
1322 1331 1332
1332 1331 1333
1331 1334 1333
1331 1329 1334
1329 1335 1334
1329 1330 1335
1336 1334 1335
1337 1336 1335
1335 1338 1337
1330 1338 1335
1338 1339 1337
1328 1314 1311
1336 1340 1334
1340 1333 1334
1341 1342 1343
1342 1344 1343
1342 1345 1344
1345 1346 1344
1345 1347 1346
1348 1349 1350
1351 1350 1349
1351 1349 1352
1351 1352 1353
1354 1353 1352
1355 1354 1352
1356 1354 1355
1356 1355 1357
1356 1357 1358
1359 1358 1357
1360 1359 1357
1359 1360 1361
1360 1362 1361
1298 1296 1363
1296 1364 1363
1364 1365 1363
1294 1364 1296
1366 1154 1367
1368 1369 1370
1166 1171 1371
1171 1173 1371
1166 1371 1165
1165 1371 1372
1371 1373 1372
1374 1372 1373
1375 1374 1373
1376 1374 1375
1374 1376 1377
1376 1378 1377
1379 1378 1376
1379 1380 1378
1380 1381 1378
1380 1379 1382
1379 1383 1382
1384 1379 1376
1379 1384 1383
1384 1385 1383
1383 1385 1386
1385 1387 1386
1380 1388 1381
1380 1382 1389
1380 1389 1388
1382 1390 1389
1391 1388 1389
1392 1391 1389
1392 1389 1393
1389 1390 1393
1393 1390 1394
1390 1395 1394
1395 1390 1382
1395 1382 1396
1396 1382 1397
1398 1397 1382
1396 1399 1395
1399 1396 1397
1395 1399 1400
1394 1395 1401
1395 1400 1401
1391 1402 1388
1402 1403 1388
1403 1381 1388
1403 1404 1381
1404 1405 1381
1405 1378 1381
1405 1404 1406
1407 1405 1406
1406 1408 1407
1408 1409 1407
1410 1407 1409
1411 1410 1409
1411 1412 1410
1412 1413 1410
1377 1407 1410
1377 1378 1405
1377 1405 1407
1414 1377 1410
1413 1414 1410
1414 1374 1377
1415 1406 1404
1416 1406 1415
1416 1408 1406
1415 1404 1403
1416 1415 1417
1418 1415 1403
1402 1418 1403
1413 1419 1414
1413 1420 1419
1413 1412 1420
1419 1421 1414
1421 1372 1414
1374 1414 1372
1420 1116 1419
1116 1120 1419
1120 1121 1419
1421 1419 1121
1421 1121 1123
1372 1421 1123
1372 1123 1165
1165 1123 1124
1124 1422 1164
1422 1127 1164
1125 1127 1422
1133 1164 1127
1164 1133 1145
1124 1122 1422
1422 1122 1119
1422 1119 1125
1117 1116 1423
1423 1116 1424
1201 1175 1200
1175 1189 1200
1159 1315 1192
1159 1160 1315
1160 1158 1312
1158 1313 1312
1313 1158 1148
1313 1148 1425
1148 1161 1425
1426 1427 1428
1429 1427 1426
1430 1429 1426
1431 1430 1426
1431 1432 1430
1433 1434 1435
1436 1434 1433
1436 1437 1434
1438 1439 1440
1440 1439 1441
1441 1439 1397
1398 1441 1397
1439 1399 1397
1440 1441 1386
1441 1398 1386
1442 1440 1386
1386 1398 1383
1398 1382 1383
1399 1439 1400
1439 1438 1400
1442 1386 1387
1443 1444 1445
1445 1444 710
1443 1446 1444
1443 1447 1446
1444 1446 1448
712 1444 1448
1444 712 710
712 1448 714
1447 1443 1449
1443 1450 1449
1443 1451 1450
1443 1445 1451
1451 1452 1450
1447 1449 1453
1446 1447 1453
1449 1454 1453
1455 1446 1453
1448 1446 1455
1456 1448 1455
714 1448 721
1448 1456 721
1456 1455 1457
1457 1455 1453
1453 1454 1458
721 1456 1459
1459 1456 1457
724 721 1459
1460 1453 1458
1453 1460 1457
1457 1460 1461
1460 1458 1461
1462 1457 1461
1459 1457 1462
1458 1463 1461
1464 1459 1462
724 1459 1464
728 724 1464
1465 1452 1451
1465 1451 707
1445 707 1451
707 1445 703
703 1445 705
1445 710 705
1466 1465 707
1467 1468 1469
1470 1471 1472
1471 1473 1472
1474 1472 1473
1475 1474 1473
1476 1475 1473
1477 1476 1473
1477 1473 1478
1473 1471 1478
1479 1477 1478
1476 1477 1480
1477 1481 1480
1477 1479 1482
1482 1483 1477
1477 1483 1481
1484 1485 1486
1486 1487 1484
1487 1488 1484
1484 1489 1485
1489 1484 1490
1490 1484 1488
1491 1490 1488
1490 1491 1492
1493 1490 1492
1489 1490 1493
1494 1491 1488
1495 1491 1494
1496 1495 1494
1497 1492 1491
1489 1498 1485
1498 1499 1485
1497 1491 1500
1500 1491 1495
1501 1502 1503
1502 1504 1503
1501 1503 1505
1506 1505 1503
1507 1506 1503
1507 1503 1504
1508 1501 1505
1509 1506 1507
1510 1509 1507
1507 1511 1510
1511 1507 1504
1511 1512 1510
1511 1513 1512
1514 1513 1511
1514 1511 1504
1515 1514 1504
1516 1515 1504
1516 1517 1515
1517 1518 1515
1515 1518 1514
1518 1519 1514
1513 1514 1520
1514 1519 1520
1521 1517 1516
1522 1521 1516
1522 1516 1523
1516 1524 1523
1510 1525 1509
1525 1526 1509
1509 1526 1527
1526 1525 1528
1529 1528 1525
1529 1525 1530
1531 1529 1530
1532 1528 1529
1533 1532 1529
1533 1529 1531
1533 1531 1534
1525 1510 1530
1533 1535 1532
1531 1530 1536
1530 1537 1536
1537 1538 1536
1539 1536 1538
1534 1531 1539
1531 1536 1539
1530 1512 1537
1530 1510 1512
1512 1540 1537
1540 1538 1537
1513 1540 1512
1538 1541 1539
1541 1542 1539
1534 1539 1543
1544 1541 1538
1541 1544 1542
1545 1544 1538
1538 1540 1545
1544 1546 1542
1540 1547 1545
1540 1513 1547
1513 1520 1547
1532 1535 1548
1548 1549 1532
1550 1549 1548
1549 1551 1532
1549 1552 1551
1552 1553 1551
1551 1553 1554
1553 1555 1554
1556 1554 1555
1151 1556 1555
1556 1527 1554
1527 1526 1554
1526 1528 1554
1551 1554 1528
1532 1551 1528
1552 1549 1557
1549 1550 1557
1151 1152 1556
1558 1559 1501
1559 1560 1501
1560 1559 1561
1562 1561 1559
1561 1563 1560
1561 1523 1563
1561 1562 1523
1523 1524 1563
1563 1502 1560
1560 1502 1501
1524 1504 1563
1502 1563 1504
1516 1504 1524
1562 1522 1523
1558 1501 1508
1564 1565 1566
1564 1566 791
1567 1568 782
782 784 1567
1567 784 1569
1570 1567 1569
1567 1570 1568
795 1569 784
782 1568 779
780 765 763
1571 1572 1573
1574 1572 1571
1573 1572 1575
1576 1572 1574
1575 1572 1576
1577 1575 1576
1577 1578 1575
1578 1579 1575
1580 1575 1579
1580 1573 1575
1581 1580 1579
1578 1582 1579
1582 1583 1579
1579 1583 1584
1585 1579 1584
1585 1581 1579
1586 1587 1588
1587 1589 1588
1590 1587 1586
1591 1590 1586
1591 1586 1592
1586 1593 1592
1590 1594 1587
1590 1595 1594
1596 1589 1587
1596 1587 1594
1594 1597 1596
1596 1597 1598
1597 1599 1598
1600 1593 1586
1601 1600 1586
1586 1602 1601
1603 1604 1605
1604 1603 1606
1603 1607 1606
1605 1608 1603
1604 1609 1605
1606 1610 1604
1610 1609 1604
1611 1606 1607
1612 1611 1607
1611 1612 1613
1612 1614 1613
1615 1614 1612
1616 1611 1613
1613 1617 1616
1617 1618 1616
1617 1619 1618
1617 1620 1619
1614 1621 1613
1621 1614 1615
1622 1621 1615
1623 1622 1615
1621 1622 1624
1621 1624 1625
1626 1621 1625
1626 1617 1613
1621 1626 1613
1626 1625 1627
1627 1628 1626
1626 1628 1617
1617 1628 1629
1630 1627 1625
1628 1627 1631
1631 1632 1628
1628 1632 1629
1629 1632 1633
1634 1629 1633
1634 1633 1635
1636 1634 1635
1632 1637 1633
1637 1632 1631
1637 1638 1633
1633 1638 1635
1638 1639 1635
1627 1640 1631
1635 1639 1641
1642 1643 1644
1643 1645 1644
1646 1645 1643
1647 1646 1643
1648 1647 1643
1645 1649 1644
1649 1650 1644
1646 1651 1645
1651 1649 1645
1649 1651 1652
1651 1653 1652
1653 1654 1652
1653 1655 1654
1655 1656 1654
1656 1657 1654
1657 1656 1658
1657 1659 1654
1659 1660 1654
1660 1652 1654
1652 1661 1649
1661 1662 1649
1661 1663 1662
1664 1663 1661
1660 1665 1652
1665 1661 1652
1665 1664 1661
1665 1660 1666
1660 1667 1666
1668 1666 1667
1669 1668 1667
1670 1668 1669
1671 1668 1670
1671 1672 1668
1672 1666 1668
1665 1673 1664
1672 1674 1666
1674 1665 1666
1674 1673 1665
1673 1674 1675
1674 1676 1675
1676 1677 1675
1677 1678 1675
1679 1678 1677
1680 1678 1679
1675 1678 1680
1681 1675 1680
1673 1675 1681
1682 1673 1681
1664 1673 1682
1683 1664 1682
1683 1682 1684
1685 1664 1683
1686 1685 1683
1687 1686 1683
1688 1687 1683
1689 1688 1683
1688 1690 1687
1690 1691 1687
1691 1692 1687
1692 1686 1687
1693 1691 1690
1693 1692 1691
1694 1693 1690
1685 1695 1664
1683 1696 1689
1664 1695 1663
1663 1695 1697
1698 1663 1697
1698 1697 1699
1700 1698 1699
1700 1701 1698
1702 1699 1697
1703 1702 1697
1702 1704 1699
1704 1702 1705
1704 1705 1706
1705 1702 1707
1707 1702 1708
1699 1704 1709
1700 1699 1710
1699 1709 1710
1710 1709 1711
1704 1712 1709
1712 1711 1709
1704 1706 1712
1713 1711 1712
1711 1713 1714
1714 1715 1711
1715 1710 1711
1716 1713 1712
1712 1706 1716
1717 1718 1719
1718 1720 1719
1717 1721 1718
1717 1719 1722
1717 1722 1721
1719 1723 1722
1721 1724 1718
1720 1725 1719
1725 1726 1719
1726 1727 1719
1727 1723 1719
1728 1729 1730
1731 1732 1733
1734 1735 1736
1735 1737 1736
1735 1738 1737
1734 1739 1735
1739 1740 1735
1735 1740 1738
1736 1741 1734
1741 1742 1734
1742 1743 1734
1743 1739 1734
1744 1745 1746
1747 1748 1749
1748 1750 1749
1748 1751 1750
1751 1752 1750
1753 1749 1750
1750 1752 1753
1748 1747 1754
1755 1748 1754
1751 1748 1755
1756 1751 1755
1622 1757 1624
1757 1622 1623
1758 1757 1623
1757 1759 1624
1759 1757 1758
1759 1760 1624
1624 1760 1761
1625 1624 1761
1762 1761 1760
1763 1762 1760
1763 1760 1759
1762 1763 1764
1759 1765 1763
1766 1765 1759
1767 1766 1759
1768 1765 1766
1768 1769 1765
1769 1763 1765
1763 1769 1764
1764 1769 1770
1769 1768 1771
1769 1771 1770
1772 1771 1768
1768 1773 1772
1768 1766 1773
1774 1775 1776
1774 1777 1775
1777 1778 1775
1776 1775 1779
1775 1778 1779
1778 1780 1779
1777 1781 1778
1780 1778 1782
1778 1783 1782
1780 1782 1784
1785 1782 1783
1786 1784 1782
1787 1784 1786
1787 1788 1784
1787 1789 1788
1789 1790 1788
1789 1791 1790
1792 1791 1789
1792 1789 1793
1789 1787 1793
1793 1787 1786
1783 1794 1785
1794 1783 1795
1783 1796 1795
1794 1795 1797
1797 1785 1794
1798 1785 1797
1785 1798 1799
1798 1797 1800
1800 1797 1801
1797 1802 1801
1797 1795 1802
1803 1798 1800
1798 1803 1799
1803 1804 1799
1800 1801 1805
1801 1806 1805
1803 1800 1807
1800 1805 1807
1804 1803 1807
1808 1804 1807
1802 1795 1809
1795 1810 1809
1795 1796 1810
1796 1811 1810
1810 1812 1809
1810 1813 1812
1814 1812 1813
1815 1814 1813
1816 1814 1815
1817 1816 1815
1817 1818 1816
1809 1812 1819
1812 1820 1819
1821 1818 1817
1817 1815 1821
1815 1822 1821
1822 1815 1813
1823 1819 1820
1824 1823 1820
1809 1819 1825
1819 1826 1825
1824 1827 1823
1827 1828 1823
1827 1829 1828
1826 1819 1830
1827 1824 1831
1831 1824 1820
1832 1827 1831
1832 1829 1827
1833 1829 1832
1834 1831 1820
1825 1835 1809
1809 1835 1836
1835 1837 1836
1835 1838 1837
1838 1835 1825
1837 1838 1839
1838 1840 1839
1840 1838 1841
1838 1825 1841
1839 1840 1842
1840 1843 1842
1843 1840 1841
1844 1843 1841
1842 1843 1845
1845 1843 1844
1836 1802 1809
1846 1802 1836
1847 1848 1849
1849 1850 1847
1847 1851 1848
1847 1850 1851
1851 1852 1848
1850 1853 1851
1852 1851 1854
1851 1853 1854
1855 1852 1854
1856 1857 1858
1859 1860 1861
1862 1861 1860
1863 1859 1861
1864 1863 1861
1862 1865 1861
1865 1864 1861
1863 1864 1866
1866 1864 1865
1867 1863 1866
1863 1867 1868
1869 1870 1871
1869 1871 1872
1873 1869 1872
1874 1871 1870
1872 1871 1874
1875 1872 1874
1873 1872 1876
1876 1872 1875
1877 1873 1876
1878 1876 1875
1876 1878 1879
1878 1880 1879
1879 1880 1881
1879 1881 1882
1883 1879 1882
1882 1884 1883
1885 1884 1882
1886 1885 1882
1887 1886 1882
1885 1888 1884
1884 1889 1883
1880 1890 1881
1891 1890 1880
1890 1891 1892
1893 1892 1891
1893 1894 1892
1894 1895 1892
1894 1896 1895
1897 1893 1891
1896 1898 1895
1899 1890 1892
1898 1899 1895
1899 1892 1895
1900 1897 1891
1900 1901 1897
1902 1901 1900
1903 1902 1900
1903 1900 1904
1880 1904 1900
1891 1880 1900
1905 1903 1904
1906 1903 1905
1907 1906 1905
1902 1903 1908
1903 1906 1908
1909 1902 1908
1910 1909 1908
1911 1902 1909
1908 1906 1912
1912 1913 1908
1913 1910 1908
1906 1914 1912
1914 1906 1915
1906 1907 1915
1916 1912 1914
1917 1912 1916
1917 1913 1912
1918 1917 1916
1916 1919 1918
1919 1916 1920
1920 1916 1914
1920 1914 1915
1920 1921 1919
1813 1786 1922
1786 1813 1793
1922 1822 1813
1923 1924 1925
1924 1926 1925
1878 1926 1924
1924 1923 1904
1880 1924 1904
1878 1924 1880
1927 1928 1929
1928 1927 1930
1928 1930 1807
1807 1930 1931
1808 1807 1931
1927 1932 1930
1932 1931 1930
1927 1933 1932
1934 1933 1927
1929 1934 1927
1935 1932 1933
1932 1935 1936
1932 1936 1931
1935 1937 1936
1936 1937 1931
1807 1805 1928
1928 1938 1929
1805 1806 1939
1940 1941 1942
1943 1944 1052
1943 1052 1945
1945 1052 1053
1946 1945 1053
1946 1053 1054
1947 1946 1054
1056 1947 1054
1947 1056 1948
1949 1947 1948
1950 1943 1945
1949 1951 1947
1951 1952 1947
1953 1945 1946
1954 1953 1946
1952 1954 1947
1954 1946 1947
1954 1952 1955
1952 1956 1955
1956 1952 1951
1951 1957 1956
1956 1957 1958
1959 1956 1958
1956 1959 1955
1960 1959 1958
1960 1958 1961
1959 1962 1955
1963 1962 1959
1963 1959 1960
1962 1963 1964
1964 1965 1962
1965 1966 1962
1966 1955 1962
1966 1953 1954
1954 1955 1966
1967 1963 1960
1968 1967 1960
1969 1967 1968
1970 1969 1968
1969 1971 1967
1968 1960 1972
1960 1961 1972
1970 1968 1972
1971 1973 1967
1973 1974 1967
1974 1963 1967
1964 1963 1974
1973 1975 1974
1966 1965 1976
1965 1977 1976
1978 1966 1976
1966 1978 1979
1953 1966 1979
1953 1979 1945
1979 1950 1945
1970 1980 1969
1981 1973 1971
1973 1981 1982
1975 1973 1982
1983 1059 1067
861 864 1984
864 1985 1984
861 1984 1986
862 861 1986
862 1986 1987
859 862 1987
1984 1985 1988
1986 1984 1989
1984 1988 1989
1986 1989 1987
1989 1988 1990
1988 1991 1990
1991 1992 1990
1993 1989 1990
1990 1992 1993
1989 1994 1987
1994 1989 1993
1993 1992 1995
1995 1992 1996
1992 1997 1996
1991 1997 1992
1997 1998 1996
1995 1996 1999
2000 1998 1997
1998 2000 2001
1998 2001 2002
2002 2001 2003
1996 2004 1999
2004 1996 2005
1996 1998 2005
1998 2002 2005
2004 2006 1999
2007 2006 2004
2006 2008 1999
2009 1999 2008
2010 2007 2004
2010 2011 2007
2010 2004 2012
2005 2012 2004
2002 2012 2005
2002 2013 2012
2002 2003 2013
2014 2013 2003
1075 1091 1073
1091 1079 1073
1066 1043 1045
1033 1051 1034
1034 1051 1037
1033 1072 1051
1033 1032 1072
2015 2016 2017
2016 2018 2017
2018 2019 2017
2019 2018 2020
2020 2021 2019
2022 2019 2021
2023 2022 2021
2021 2024 2023
2024 2025 2023
2022 2023 2025
2022 2025 2026
2022 2026 2027
2022 2027 2019
2027 2028 2019
2028 2027 2029
2028 2029 2030
2029 2031 2030
2032 2031 2029
2033 2032 2029
2033 2029 2027
2026 2033 2027
2030 2034 2028
2034 2019 2028
2034 2035 2019
2019 2035 2017
2036 2037 2038
2037 2039 2038
2040 2038 2039
2041 2040 2039
2041 2042 2040
2042 2043 2040
2041 2044 2042
2044 2041 2039
2044 2045 2042
2046 2044 2039
2047 2046 2039
2048 2047 2039
2049 2048 2039
2049 2039 2037
2050 2048 2049
2051 2048 2050
2052 2051 2050
2053 2054 2055
2054 2056 2055
2055 2057 2053
2058 2059 2060
2059 2061 2060
2062 2063 2064
2063 2065 2064
2066 2062 2064
2067 2066 2064
2068 2066 2067
2069 2068 2067
2070 2071 2072
2073 2074 2075
2074 2076 2075
2074 2073 2077
2073 2078 2077
2077 2078 2079
2080 2077 2079
2081 2078 2073
2079 2078 2081
2082 2081 2073
2083 2079 2081
2082 2073 2084
2073 2075 2084
2075 2085 2084
2084 2086 2082
2084 2085 2087
2088 2084 2087
2089 2088 2087
2090 2091 2092
2091 2093 2092
2094 2091 2090
2094 2090 2095
2095 2090 2096
2090 2097 2096
2098 2095 2096
2098 2096 2099
2100 2099 2096
2101 2099 2100
2099 2101 2098
2098 2102 2095
2098 2101 2103
2098 2103 2102
2102 2103 2104
2105 2102 2104
2105 2104 2106
2107 2105 2106
2105 2108 2102
2095 2102 2108
2108 2105 2109
2105 2107 2109
2109 2110 2108
2110 2095 2108
2110 2094 2095
2111 2112 2113
2112 2114 2113
2113 2114 2115
2116 2117 2118
2117 2119 2118
2120 2121 2122
2121 2123 2122
2120 2124 2121
2124 2125 2121
2125 2124 2126
2127 2125 2126
2128 2129 2130
2131 2132 2133
2131 2133 2134
2135 2131 2134
2136 2135 2134
2137 2136 2134
2138 2136 2137
2139 2138 2137
2140 2139 2137
2132 2141 2133
2141 2142 2133
2143 2144 2145
2144 2146 2145
2145 2146 2147
2145 2147 2148
2147 2149 2148
2148 2149 2150
2151 2148 2150
2151 2150 2152
2151 2152 2153
2152 2154 2153
2155 2156 2157
2155 2158 2156
2158 2159 2156
2160 2159 2158
2161 2160 2158
2161 2162 2160
2162 2161 2163
2164 2162 2163
2155 2157 2165
2157 2166 2165
2167 2168 2169
2168 2167 2170
2171 2168 2170
2172 2171 2170
2173 2171 2172
2168 2171 2174
2173 2174 2171
2175 2168 2174
2175 2169 2168
2176 2177 2178
2176 2178 2179
2180 2176 2179
2176 2180 2181
2182 2176 2181
2176 2182 2183
2176 2183 2184
2184 2177 2176
2185 2177 2184
2184 2186 2185
2186 2184 2183
2187 2186 2183
2188 2189 2190
2189 2191 2190
2188 2190 2192
2190 2191 2192
2193 2194 802
802 2194 804
2195 804 2194
822 804 2195
822 2195 821
821 2195 2194
2193 824 2194
824 821 2194
802 801 2193
824 2193 801
809 824 801
804 822 805
823 805 822
2196 2197 2198
2197 2199 2198
2197 2200 2199
2201 2200 2197
2201 2202 2200
2203 2202 2201
2197 2204 2201
2204 2197 2205
2206 2205 2197
2206 2207 2205
2207 2208 2205
2208 2209 2205
2210 2205 2209
2209 2211 2210
2212 2210 2211
2209 2213 2211
2214 2209 2208
2209 2214 2213
2215 2214 2208
2207 2215 2208
2211 2213 2216
2216 2213 2217
2218 2216 2217
2219 2218 2217
2213 2220 2217
2221 2211 2216
2211 2221 2212
2212 2221 2222
2216 2223 2221
2216 2218 2223
2221 2223 2224
2222 2221 2224
2218 2225 2223
2225 2218 2226
2218 2227 2226
2225 2228 2223
2226 2227 2229
2227 2230 2229
2226 2229 2231
2232 2223 2228
2223 2232 2224
2225 2226 2233
2222 2224 2234
2224 2235 2234
2235 2224 2232
2234 2235 2236
2237 2234 2236
2234 2237 2238
2237 2239 2238
2239 2237 2240
2238 2239 2241
2239 2242 2241
2239 2240 2242
2243 2241 2242
2242 2244 2243
2240 2244 2242
2235 2232 2245
2232 2246 2245
2246 2232 2247
2248 2246 2247
2246 2248 2249
2245 2246 2249
2250 2249 2248
2251 2250 2248
2252 2250 2251
2253 2252 2251
2254 2252 2253
2247 2255 2256
2255 2257 2256
2256 2257 2258
2255 2247 2232
2256 2258 2259
2259 2258 2260
2260 2258 2261
2232 2228 2255
2262 2263 2264
2262 2264 2265
2263 2266 2264
2266 2267 2264
2265 2264 2268
2267 2268 2264
2269 2270 2271
2270 2272 2271
2271 2272 2273
2272 2274 2273
2273 2274 2275
2274 2276 2275
2269 2277 2270
2276 2278 2275
2278 2279 2275
2278 2280 2279
2269 2271 2281
2281 2282 2269
2282 2283 2269
2283 2277 2269
2271 2284 2281
2271 2273 2284
2273 2285 2284
2285 2273 2286
2273 2275 2286
2279 2287 2275
2287 2286 2275
2280 2287 2279
2288 2283 2282
2288 2207 2283
2207 2277 2283
2289 2288 2282
2277 2207 2206
2290 2291 2292
2293 2291 2290
2290 2292 2294
2292 2295 2294
2296 2290 2294
2297 2290 2296
2297 2293 2290
2297 2298 2293
2298 2299 2293
2299 2298 2300
2301 2299 2300
2301 2300 2302
2303 2301 2302
2304 2303 2302
2305 2306 2307
2306 2308 2307
2308 2309 2307
2306 2310 2308
2306 2311 2310
2311 2312 2310
2310 2312 2313
2308 2310 2313
2312 2314 2313
2312 2315 2314
2316 2315 2312
2311 2316 2312
2315 2316 2317
2315 2317 2318
2319 2314 2315
2319 2315 2318
2316 2320 2317
2317 2320 2321
2317 2321 2322
2320 2323 2321
2321 2323 2324
2323 2325 2324
2324 2325 2326
2324 2326 2327
2328 2327 2326
2329 2328 2326
2329 2326 2330
2325 2330 2326
2331 2329 2330
2329 2331 2332
2328 2329 2332
2333 2334 2335
2334 2336 2335
2335 2336 2337
2338 2339 2333
2340 2341 2342
2342 2341 2343
2343 2344 2342
2344 2343 2345
2346 2344 2345
2344 2347 2342
2347 2344 2346
2347 2348 2342
2348 2349 2342
2349 2340 2342
2350 2347 2346
2351 2350 2346
2352 2351 2346
2352 2353 2351
2353 2354 2351
2353 2355 2354
2352 2346 2356
2346 2345 2356
2356 2357 2352
2358 2349 2348
2359 2358 2348
2358 2359 2360
2360 2359 2361
2361 2359 2362
2362 2363 2361
2363 2364 2361
2365 2361 2364
2365 2360 2361
2366 2365 2364
2363 2212 2364
2212 2367 2364
2359 2368 2362
2368 2204 2362
2204 2369 2362
2369 2363 2362
2359 2370 2368
2360 2365 2371
2360 2371 2372
2373 2372 2371
2373 2374 2372
2375 2372 2374
2376 2372 2375
2374 2377 2375
2377 2349 2375
2377 2340 2349
2349 2378 2375
2378 2376 2375
2374 2379 2377
2379 2374 2380
2380 2381 2379
2381 2382 2379
2379 2383 2377
2384 2383 2379
2383 2385 2377
2377 2385 2340
2340 2385 2386
2385 2387 2386
2383 2387 2385
2381 2380 2388
2380 2389 2388
2389 2390 2388
2390 2391 2388
2388 2391 2392
2391 2393 2392
2391 2390 2394
2395 2391 2394
2393 2391 2395
2396 2395 2394
2393 2395 2396
2393 2396 2397
2398 2396 2394
2399 2396 2398
2399 2397 2396
2400 2399 2398
2400 2398 2401
2398 2402 2401
2394 2403 2398
2403 2402 2398
2394 2390 2403
2404 2402 2403
2371 2404 2403
2403 2373 2371
2390 2373 2403
2390 2389 2373
2389 2374 2373
2405 2397 2399
2406 2405 2399
2400 2401 2407
2407 2399 2400
2407 2408 2399
2408 2406 2399
2408 2409 2406
2410 2409 2408
2407 2410 2408
2410 2411 2409
2410 2412 2411
2412 2413 2411
2413 2412 2414
2415 2413 2414
2414 2412 2416
2414 2416 2417
2416 2418 2417
2417 2418 2237
2418 2419 2237
2237 2419 2420
2419 2421 2420
2422 2420 2421
2418 2416 2423
2418 2424 2419
2423 2424 2418
2425 2421 2419
2422 2421 2425
2426 2425 2419
2424 2426 2419
2416 2427 2423
2415 2428 2413
2428 2415 2429
2429 2430 2428
2431 2430 2429
2432 2431 2429
2428 2433 2413
2433 2434 2413
2434 2411 2413
2411 2434 2435
2409 2411 2435
2409 2435 2436
2406 2409 2436
2406 2436 2437
2405 2406 2437
2405 2437 2438
2433 2428 2439
2440 2432 2429
2236 2440 2429
2441 2432 2440
2415 2236 2429
2405 2438 2397
2442 2397 2438
2442 2438 2443
2415 2414 2236
2414 2417 2236
2236 2417 2237
2443 2444 2445
2443 2446 2444
2447 2443 2445
2236 2235 2448
2235 2449 2448
2450 2448 2449
2451 2452 2453
2451 2453 2454
2452 2451 2455
2456 2455 2451
2457 2456 2451
2456 2457 2458
2458 2459 2456
2460 2459 2458
2460 2461 2459
2461 2460 2462
2463 2461 2462
2463 2462 2464
2465 2464 2462
2466 2467 2468
2468 2469 2466
2466 2469 2470
2471 2469 2468
2470 2469 2472
2473 2467 2466
2474 2473 2466
2475 2474 2466
2475 2466 2470
2474 2475 2476
2475 2477 2476
2473 2474 2386
2340 2386 2474
2387 2473 2386
2478 2479 2480
2479 2481 2480
2482 2481 2479
2482 2483 2481
2483 2484 2481
2483 2485 2484
2485 2486 2484
2485 2487 2486
2487 2488 2486
2484 2486 2489
2490 2484 2489
2481 2484 2490
2487 2491 2488
2492 2488 2491
2489 2486 2492
2486 2488 2492
2493 2492 2491
2494 2491 2487
2495 2491 2494
2493 2491 2495
2496 2493 2495
2497 2496 2495
2493 2496 2498
2499 2493 2498
2492 2493 2499
2492 2499 2500
2496 2501 2498
2501 2496 2497
2502 2498 2501
2503 2502 2501
2503 2501 2504
2504 2501 2497
2504 2497 2505
2505 2506 2504
2505 2507 2506
2506 2507 2508
2508 2509 2506
2506 2509 2510
2508 2507 2511
2512 2508 2511
2511 2507 2513
2507 2505 2513
2511 2513 2514
2515 2508 2512
2516 2515 2512
2506 2517 2504
2517 2503 2504
2506 2510 2517
2517 2518 2503
2518 2502 2503
2502 2518 2519
2518 2520 2519
2519 2520 2521
2520 2522 2521
2522 2523 2521
2523 2522 2524
2523 2524 2525
2526 2523 2525
2521 2523 2526
2525 2527 2526
2522 2528 2524
2528 2522 2529
2518 2529 2520
2529 2522 2520
2517 2529 2518
2529 2530 2528
2531 2526 2527
2525 2532 2527
2533 2532 2525
2534 2533 2525
2535 2533 2534
2533 2535 2532
2536 2535 2534
2537 2535 2536
2525 2538 2534
2525 2524 2538
2524 2539 2538
2539 2524 2540
2527 2541 2531
2541 2527 2532
2541 2542 2531
2541 2543 2542
2543 2544 2542
2542 2544 2545
2544 2546 2545
2543 2541 2547
2547 2541 2532
2535 2548 2532
2537 2548 2535
2539 2540 2549
2550 2539 2549
2551 2549 2540
2539 2550 2552
2539 2552 2538
2552 2553 2538
2553 2554 2538
2551 2555 2549
2556 2555 2551
2554 2553 2557
2553 2558 2557
2558 2559 2557
2555 2556 2560
2560 2556 2561
2562 2555 2560
2562 2563 2555
2563 2549 2555
2563 2564 2549
2564 2550 2549
2565 2550 2564
2566 2565 2564
2567 2565 2566
2568 2567 2566
2567 2568 2569
2570 2556 2551
2530 2570 2551
2530 2551 2528
2551 2540 2528
2524 2528 2540
2529 2570 2530
2570 2529 2510
2529 2517 2510
2571 2495 2572
2494 2572 2495
2573 2574 2575
2575 2576 2573
2577 2576 2575
2578 2573 2576
2574 2579 2575
2580 2546 2581
2546 2582 2581
2581 2583 2580
2583 2584 2580
2585 2581 2582
2586 2585 2582
2585 2587 2581
2587 2588 2581
2588 2583 2581
2586 2582 2544
2546 2544 2582
2543 2586 2544
2586 2543 2589
2543 2547 2589
2590 2589 2547
2591 2589 2590
2590 2592 2591
2592 2593 2591
2594 2591 2593
2595 2594 2593
2594 2595 2596
2590 2547 2597
2590 2597 2592
2532 2597 2547
2587 2598 2588
2598 2599 2588
2600 2599 2598
2601 2597 2532
2601 2602 2597
2603 2604 2605
2604 2606 2605
2606 2607 2605
2606 2608 2607
2608 2609 2607
2608 2610 2609
2610 2611 2609
2612 2611 2610
2613 2614 2615
2615 2614 2616
2614 2617 2616
2618 2619 2620
2621 2620 2619
2622 2621 2619
2619 2618 2623
2622 2619 2623
2622 2623 2624
2624 2623 2625
2618 2626 2623
2623 2626 2627
2626 2628 2627
2629 2627 2628
2628 2497 2629
2630 2627 2629
2497 2628 2505
2628 2626 2513
2513 2626 2618
2505 2628 2513
2631 2513 2618
2624 2625 2632
2633 2632 2625
2634 2633 2625
2634 2625 2635
2636 2634 2635
2637 2636 2635
2636 2637 2638
2637 2639 2638
2640 2638 2639
2641 2642 2643
2643 2644 2641
2642 2641 2645
2642 2645 2646
2647 2642 2646
2648 2647 2646
2649 2648 2646
2650 2649 2646
2646 2645 2650
2645 2651 2650
2648 2649 2652
2649 2653 2652
2653 2654 2652
2654 2655 2652
2656 2652 2655
2648 2652 2656
2657 2656 2655
2655 2658 2657
2658 2659 2657
2654 2660 2655
2660 2658 2655
2649 2661 2653
2658 2662 2659
2662 2663 2659
2660 2664 2658
2664 2662 2658
2665 2662 2664
2665 2663 2662
2651 2666 2650
2666 2649 2650
2649 2666 2667
2667 2666 2668
2668 2666 2669
2651 2669 2666
2670 2667 2668
2668 2671 2670
2671 2672 2670
2673 2672 2671
2367 2674 2675
2364 2367 2675
2366 2364 2675
2222 2674 2367
2222 2367 2212
2676 2404 2366
2402 2404 2676
2401 2402 2676
2401 2676 2677
2676 2678 2677
2676 2366 2678
2366 2404 2365
2404 2371 2365
2679 2678 2366
2366 2680 2679
2681 2679 2680
2681 2682 2679
2683 2679 2682
2683 2678 2679
2678 2683 2424
2678 2424 2677
2423 2677 2424
2427 2677 2423
2427 2401 2677
2401 2427 2407
2407 2427 2410
2427 2412 2410
2416 2412 2427
2684 2685 2686
2687 2685 2684
2687 2515 2685
2508 2515 2687
2508 2687 2509
2688 2689 2690
2691 2689 2688
2692 2693 2694
2693 2695 2694
2694 2695 2696
2695 2697 2696
2696 2697 2698
2699 2696 2698
2699 2698 2700
2701 2693 2692
2692 2702 2701
2702 2703 2701
2692 2704 2702
2705 2704 2692
2706 2707 2708
2708 2707 2709
2710 2709 2707
2711 2712 2713
2714 2711 2713
2714 2715 2711
2715 2716 2711
2716 2715 2717
2717 2718 2716
2719 2718 2717
2717 2720 2719
2721 2722 2723
2722 2724 2723
2725 2721 2723
2725 2726 2721
2726 2727 2721
2727 2726 2728
2729 2730 2731
2732 2730 2729
2733 2732 2729
2734 2732 2733
2735 2734 2733
2736 2734 2735
2737 2738 2739
2740 2737 2739
2741 2737 2740
2738 2742 2739
2742 2743 2739
2744 2743 2742
2745 2744 2742
2519 2744 2745
2746 2519 2745
2744 2519 2521
2744 2521 2747
2743 2747 2739
2744 2747 2743
2747 2521 2526
2739 2531 2740
2747 2531 2739
2747 2526 2531
2531 2542 2740
2542 2545 2740
2545 2741 2740
2545 2748 2741
2748 2749 2741
2748 2750 2749
2750 2751 2749
2752 2751 2750
2753 2746 2745
2754 2753 2745
2746 2753 2498
2502 2746 2498
2499 2753 2754
2753 2499 2498
2754 2500 2499
2500 2754 2755
2755 2754 2742
2755 2742 2756
2742 2738 2756
2756 2738 2757
2758 2756 2757
2759 2758 2757
2759 2757 2760
2738 2737 2757
2757 2737 2761
2757 2761 2760
2762 2760 2761
2755 2756 2763
2763 2500 2755
2764 2500 2763
2765 2764 2763
2766 2765 2763
2756 2758 2766
2756 2766 2763
2764 2492 2500
2762 2761 2741
2737 2741 2761
2766 2767 2765
2766 2768 2767
2768 2769 2767
2768 2770 2769
2770 2771 2769
2770 2772 2771
2769 2773 2767
2768 2774 2770
2766 2774 2768
2774 2775 2770
2770 2775 2772
2776 2777 2778
2779 2780 2781
2782 2781 2780
2783 2784 2785
2784 2786 2785
2787 2784 2783
2788 2217 2789
2217 2220 2789
2788 2790 2217
2790 2219 2217
2788 2791 2790
2789 2791 2788
2231 2229 2792
2792 2229 2230
2230 2227 2793
2218 2793 2227
2480 2481 2794
2794 2481 2490
2795 2796 2797
2376 2795 2797
2360 2376 2797
2376 2360 2372
2210 2369 2205
2363 2369 2210
2363 2210 2212
2204 2205 2369
2368 2201 2204
2798 2359 2348
2348 2799 2798
2800 2583 2588
2583 2800 2584
2374 2389 2380
2801 2802 2803
2803 2802 2804
2803 2804 2805
2806 2804 2802
2805 2804 2806
2805 2806 2807
2808 2809 2810
2809 2811 2810
2809 2812 2811
2813 2811 2812
2814 2815 2816
2815 2814 2817
2818 2815 2817
2819 2815 2818
2820 2819 2818
2820 2818 2821
2815 2819 2822
2819 2823 2822
2823 2824 2822
2822 2824 2825
2826 2823 2819
2827 2828 2829
2830 2831 2832
2831 2830 2833
2830 2834 2833
2832 2835 2830
2835 2834 2830
2833 2834 2836
2834 2837 2836
2838 2836 2837
2834 2839 2837
2839 2834 2840
2834 2835 2840
2839 2840 2841
2842 2839 2841
2843 2839 2842
2837 2839 2843
2841 2840 2844
2840 2845 2844
2846 2844 2845
2847 2848 2849
2850 2849 2848
2851 2850 2848
2852 2853 2854
2853 2855 2854
2856 2855 2853
2857 2856 2853
2858 2856 2857
2855 2859 2854
2859 2860 2854
2856 2861 2855
2861 2859 2855
2858 2861 2856
2862 2860 2859
2863 2862 2859
2863 2859 2864
2865 2863 2864
2866 2865 2864
2867 2868 2869
2870 2871 2872
2873 2870 2872
2870 2873 2874
2871 2870 2875
2875 2876 2871
2875 2877 2876
2878 2879 2880
2881 2878 2880
2881 2880 2882
2883 2884 2885
2886 2884 2883
2887 2888 2889
2887 2889 2890
2891 2887 2890
2891 2890 2892
2890 2893 2892
2894 2892 2893
2895 2894 2893
2890 2896 2893
2888 2897 2889
2896 2890 2897
2890 2889 2897
2898 2899 2900
2901 2899 2898
2902 2901 2898
2903 2901 2902
2904 2905 2906
2905 2904 2907
2905 2907 2908
2904 2909 2907
2910 2911 2912
2912 2911 2913
2914 2915 2916
2914 2916 2917
2918 2914 2917
2919 2918 2917
2919 2920 2918
2921 2922 2923
2922 2924 2923
2921 2923 2925
2926 2921 2925
2926 2925 2927
2928 2926 2927
2928 2927 2929
2930 2928 2929
2930 2929 2931
2932 2930 2931
2925 2923 2933
2923 2924 2934
2924 2935 2934
2922 2936 2924
2924 2936 2935
2925 2937 2927
2925 2933 2937
2931 2938 2932
2931 2939 2938
2939 2940 2938
2941 2940 2939
2942 2943 2944
2945 2946 2947
2947 2946 2948
2946 2949 2948
2948 2949 2950
2949 2951 2950
2950 2951 2952
2951 2953 2952
2954 2955 2956
2957 2307 2309
2958 2959 2960
2355 2961 2354
1612 2962 1615
2963 2964 2965
1611 2966 1606
2966 1610 1606
2967 2968 2969
2754 2745 2742
2430 2439 2428
843 2970 847
937 2970 843
845 936 843
936 845 846
846 851 2971
846 2971 935
2972 2973 2974
2973 2975 2974
855 853 2976
2977 701 669
750 777 2978
2502 2519 2746
2979 2980 2981
2979 2981 2982
2983 2982 2981
2983 2984 2982
2980 2979 2985
2980 2985 2986
2987 2986 2985
2987 2988 2986
2989 2988 2987
2990 2984 2983
2991 2992 2993
2991 2993 2994
2992 2995 2993
2992 2996 2995
2995 2996 2997
2998 2991 2994
2998 2994 2999
2999 3000 2998
2999 3001 3000
3002 3000 3001
3003 3004 3005
3006 3004 3003
3006 3007 3004
3006 3008 3007
3007 3008 3009
3010 3007 3009
3011 3012 3013
3014 3011 3013
3014 3013 3015
3015 3016 3014
3017 3018 3019
3019 3018 3020
3021 3017 3019
3017 3021 3022
3017 3022 3023
3022 3024 3023
3025 3023 3024
3026 3027 3028
3026 3028 3029
3028 3030 3029
3031 3032 3033
3034 3035 3036
3034 3036 3037
3038 3037 3036
3038 3036 3039
3039 3040 3038
3039 3041 3040
3040 3041 3042
3041 3039 3043
3041 3043 3044
3045 3042 3041
3045 3046 3042
3046 3045 3047
3045 3048 3047
3049 3048 3035
3049 3035 3034
3049 3047 3048
3050 3051 3052
3050 3052 3053
3054 3050 3053
3054 3053 3055
3052 3056 3053
3053 3056 3055
3057 3056 3052
3051 3057 3052
3058 3056 3057
3059 3056 3058
3055 3056 3059
3060 3059 3058
3060 3058 3061
3057 3061 3058
3051 3062 3057
3057 3062 3061
3063 3064 3065
3063 3065 3066
3064 3063 3067
3067 3063 3068
3067 3068 3069
3064 3067 3070
3071 3064 3070
3071 3070 3072
3063 3066 3073
3063 3073 3068
3074 3068 3073
3074 3069 3068
3074 3073 3075
3076 3074 3075
3076 3075 3077
3076 3077 3078
3076 3078 3079
3080 3071 3072
3080 3081 3071
3071 3081 3082
3080 3083 3081
3083 3080 3079
3080 3084 3079
3080 3085 3084
3080 3072 3085
3074 3076 3086
3086 3076 3079
3086 3079 3084
3074 3086 3087
3074 3087 3069
3079 3078 3088
3079 3088 3083
3082 3089 3090
3090 3091 3082
3090 3092 3091
3090 3093 3092
3091 3092 3094
3091 3094 3095
3096 3095 3094
3096 3094 3097
3095 3065 3091
3095 3066 3065
3098 3090 3089
3093 3090 3098
3098 3089 3099
3093 3098 3100
3098 3101 3100
3098 3102 3101
3102 3098 3099
3103 3096 3097
3103 3104 3096
3095 3096 3104
3095 3104 3066
3103 3105 3104
3106 3105 3103
3106 3107 3105
3103 3097 3108
3109 3101 3102
3109 3102 3106
3109 3106 3103
3109 3103 3108
3109 3110 3101
3109 3111 3110
3111 3112 3110
3113 3110 3112
3113 3114 3110
3111 3115 3112
3115 3111 3116
3115 3116 3117
3113 3112 3118
3115 3117 3118
3112 3115 3118
3117 3119 3118
3119 3120 3118
3120 3113 3118
3120 3114 3113
3120 3121 3114
3122 3123 3124
3122 3124 3125
3125 3126 3122
3125 3127 3126
3126 3127 3128
3129 3128 3127
3130 3128 3129
3129 3131 3130
3129 3132 3131
3133 3131 3132
3134 3133 3132
3134 3135 3133
3136 3132 3129
3136 3137 3132
3129 3127 3138
3129 3138 3136
3139 3140 3141
3139 3141 3142
3102 3143 3144
3099 3143 3102
3082 3064 3071
3082 3065 3064
3082 3091 3065
3145 3146 3147
3066 3148 3073
3104 3148 3066
