byte offset: 0
first index: 0
index count: 19080
topology: trianglelist
format: DXGI_FORMAT_R16_UINT

0 1 2
2 1 3
2 3 4
5 4 3
4 5 6
4 7 2
6 7 4
7 6 8
6 5 9
8 6 10
6 9 10
11 2 7
11 12 2
0 2 12
12 11 13
11 14 13
14 11 15
15 11 7
15 16 14
16 15 17
7 18 15
15 18 17
7 8 18
17 18 19
16 17 20
21 18 8
18 21 19
8 10 21
10 22 21
23 22 10
9 23 10
24 22 23
22 24 25
26 25 24
25 26 27
28 25 27
25 28 29
29 19 21
22 25 29
22 29 21
30 27 26
27 30 31
27 31 32
31 33 32
31 34 33
34 35 33
36 31 30
31 36 34
37 34 36
34 37 38
34 38 35
39 38 37
38 39 40
39 41 40
41 39 42
42 43 41
43 42 44
45 43 44
46 38 40
47 46 40
46 47 48
49 46 48
48 50 49
50 48 51
51 52 50
52 51 53
46 49 54
55 46 54
46 55 56
57 56 55
58 57 55
56 57 35
58 59 57
59 35 57
59 58 60
61 60 58
61 58 55
60 61 62
63 53 51
53 63 64
65 53 64
65 52 53
48 63 51
63 48 47
35 59 33
38 56 35
38 46 56
66 59 60
67 66 60
67 60 62
66 68 59
33 59 68
33 68 32
68 69 32
70 69 68
70 68 66
71 70 66
71 66 67
69 27 32
28 27 69
28 69 72
69 70 72
72 70 73
70 71 73
73 71 74
71 75 74
28 72 76
76 72 77
72 73 77
76 77 78
77 79 78
17 78 79
79 77 80
77 81 80
77 73 81
73 74 81
19 76 78
17 19 78
19 29 76
29 28 76
75 82 74
75 83 82
83 84 82
82 84 74
84 85 74
74 85 81
85 86 81
81 86 80
86 87 80
80 87 79
87 20 79
17 79 20
88 89 90
89 88 91
92 90 89
90 92 93
94 93 92
93 94 95
96 95 94
95 96 97
98 97 96
97 98 99
100 99 98
99 100 101
102 101 100
101 102 103
102 45 103
30 90 93
90 30 26
36 93 95
93 36 30
37 95 97
95 37 36
39 97 99
97 39 37
42 99 101
99 42 39
44 101 103
101 44 42
45 44 103
24 90 26
90 24 88
88 24 23
23 9 88
9 91 88
91 9 104
9 5 104
12 105 0
105 106 0
106 105 107
107 108 106
109 106 108
106 109 110
108 107 111
1 106 110
1 0 106
112 113 114
113 115 114
116 113 112
117 113 116
116 118 117
119 117 118
117 119 120
121 120 119
120 121 122
117 123 113
120 123 117
123 120 124
120 122 124
125 113 123
113 125 115
125 126 115
126 125 127
123 127 125
127 123 128
123 124 128
127 129 126
128 130 127
127 130 129
124 131 128
128 131 130
130 131 132
133 130 132
133 129 130
132 134 133
134 132 135
135 136 134
136 135 137
138 137 135
135 139 138
132 139 135
132 131 139
137 140 136
140 137 141
137 142 141
141 142 143
141 143 144
144 143 145
146 141 144
141 146 140
144 147 146
147 144 148
144 145 148
148 149 147
149 148 150
151 149 150
149 151 152
153 152 151
152 153 154
155 154 153
148 156 150
156 157 150
157 156 158
156 159 158
160 158 159
158 160 161
162 161 160
161 162 163
159 156 164
156 165 164
165 156 166
166 167 165
168 165 167
167 166 145
169 168 167
145 169 167
168 169 170
170 171 168
171 165 168
171 170 172
173 172 170
174 170 169
173 170 174
175 173 174
163 176 161
176 163 177
176 158 161
158 176 157
169 145 143
143 178 169
174 169 178
175 174 179
179 174 178
180 175 179
179 178 181
182 179 181
182 180 179
183 180 182
183 184 180
180 184 185
180 185 175
185 184 186
178 142 181
143 142 178
181 142 137
138 181 137
138 182 181
185 186 187
188 185 187
185 188 189
189 188 190
190 188 187
175 185 189
184 191 186
184 192 191
183 192 184
193 192 183
193 183 194
139 194 138
139 195 194
195 193 194
122 193 195
122 196 193
193 196 192
197 196 122
192 196 198
192 198 191
196 197 198
195 139 131
131 124 195
122 195 124
121 197 122
194 182 138
194 183 182
199 200 201
200 199 202
202 203 200
203 202 204
204 205 203
205 204 206
206 207 205
207 206 208
208 209 207
209 208 210
210 211 209
211 210 212
212 213 211
213 212 214
213 214 155
202 140 204
140 202 136
204 146 206
146 204 140
206 147 208
147 206 146
208 149 210
149 208 147
210 152 212
152 210 149
212 154 214
154 212 152
155 214 154
134 136 202
202 199 134
199 133 134
129 133 199
201 129 199
129 201 215
129 215 126
216 177 163
216 163 162
156 148 166
148 145 166
217 218 219
218 217 220
219 221 217
221 219 222
223 217 221
217 223 112
112 223 116
114 220 217
114 217 112
224 225 226
225 224 227
224 228 227
228 224 229
225 227 230
227 228 230
231 225 230
225 231 226
226 231 232
233 231 230
233 234 231
231 234 232
234 233 235
234 235 236
234 236 237
232 234 237
235 238 236
238 239 236
237 236 239
239 238 240
240 241 239
241 240 242
243 239 241
239 243 244
237 239 244
245 244 243
244 245 246
246 237 244
232 237 246
242 247 241
247 242 248
247 248 249
250 241 247
241 250 243
250 247 251
247 249 251
252 251 249
251 252 253
254 251 253
254 253 255
251 254 256
250 251 256
257 250 256
257 243 250
243 257 245
258 257 256
258 245 257
259 245 258
259 246 245
260 246 259
261 260 259
261 259 262
262 259 258
262 258 263
258 256 263
263 256 254
263 254 264
265 264 254
254 255 265
264 265 266
266 267 264
267 263 264
267 266 268
265 255 269
266 265 270
266 270 271
268 266 271
268 271 272
273 271 270
270 274 273
275 273 274
274 276 275
274 269 276
273 275 277
277 278 273
271 273 278
272 271 278
278 277 279
280 278 279
272 278 280
277 275 281
282 277 281
279 277 282
283 279 282
275 284 281
269 285 276
274 270 286
286 269 274
275 287 284
275 276 287
276 288 287
288 276 289
276 285 289
290 287 288
287 290 284
291 279 283
280 279 291
292 282 281
293 282 292
283 282 293
265 269 286
265 286 270
294 284 290
284 294 295
281 284 295
292 281 295
292 296 293
294 296 295
296 292 295
269 297 285
255 297 269
298 297 255
298 255 253
253 299 298
253 252 299
300 301 261
301 300 302
229 301 302
301 229 224
300 261 303
303 261 262
303 262 304
262 263 304
263 267 304
301 260 261
301 226 260
224 226 301
226 232 260
260 232 246
305 306 307
306 305 308
305 307 309
310 306 308
306 310 311
305 312 308
309 312 305
308 312 310
313 312 309
313 309 314
314 315 313
314 316 315
314 317 316
315 316 318
319 318 316
317 319 316
318 319 320
321 320 319
320 321 322
319 323 321
323 319 324
317 324 319
324 325 323
325 324 326
326 324 317
326 327 325
328 322 321
322 328 329
328 330 329
321 331 328
331 321 323
331 332 328
328 332 330
332 333 330
333 332 334
323 335 331
335 323 325
327 335 325
335 336 331
331 336 332
336 334 332
336 337 334
337 338 334
339 337 336
340 336 335
340 339 336
327 340 335
341 339 340
342 340 327
342 341 340
343 342 327
343 344 342
344 343 345
343 311 345
311 343 306
343 307 306
307 343 346
343 327 346
307 346 347
342 348 341
348 342 344
348 349 341
341 349 339
350 339 349
339 350 351
350 352 351
352 337 351
337 352 353
352 350 354
352 355 353
352 356 355
354 356 352
354 357 356
356 358 355
357 359 356
356 359 358
359 360 358
353 355 361
355 362 361
363 361 362
362 364 363
365 363 364
363 365 366
364 362 367
368 367 362
362 355 368
355 358 368
367 368 369
358 369 368
369 358 370
358 360 370
369 371 367
372 371 369
370 372 369
373 372 370
360 373 370
367 371 374
367 374 364
375 364 374
364 375 365
361 363 376
376 363 377
377 363 366
378 371 372
379 378 372
373 379 372
374 380 375
380 374 381
371 381 374
378 381 371
378 379 382
380 381 382
382 381 378
376 377 383
338 376 383
353 376 338
353 361 376
337 353 338
383 384 338
334 338 384
334 384 385
334 385 333
339 351 337
347 317 314
309 347 314
347 326 317
347 346 326
346 327 326
309 307 347
386 387 388
389 386 388
389 390 386
390 387 386
391 390 389
392 391 389
392 389 388
391 392 393
393 394 391
394 393 395
396 394 395
394 396 397
398 397 396
397 398 399
390 391 400
394 400 391
400 394 401
397 401 394
401 397 402
399 402 397
402 399 403
399 398 404
405 399 404
403 399 405
406 405 404
407 403 405
408 407 405
406 408 405
408 406 409
409 406 410
408 409 411
409 412 411
412 409 413
413 414 412
414 413 415
416 414 415
414 416 417
416 418 417
418 416 419
420 419 416
419 421 418
421 422 418
418 422 423
418 423 417
423 424 417
424 414 417
421 425 422
425 421 426
425 426 427
428 425 427
429 428 427
430 425 428
425 430 431
422 425 431
432 431 430
431 432 433
433 422 431
434 433 432
433 434 435
434 436 435
437 429 427
438 429 437
427 439 437
440 437 439
437 440 441
441 440 442
439 443 440
443 439 444
444 419 443
440 443 445
443 446 445
446 443 420
419 420 443
420 447 446
447 420 448
448 449 447
449 448 450
451 449 450
452 449 451
442 440 453
453 440 445
451 454 452
454 451 455
455 451 456
451 450 456
449 452 457
457 447 449
457 458 447
455 459 454
454 459 460
461 460 459
459 455 461
460 461 462
456 463 455
463 464 455
455 464 461
464 462 461
410 464 463
463 409 410
462 464 465
464 410 465
458 457 466
467 458 466
467 466 468
469 468 466
457 469 466
468 469 470
471 470 469
471 472 470
472 471 473
472 473 474
474 473 475
460 475 473
475 460 476
475 476 477
477 476 478
476 465 478
477 478 479
479 478 480
480 481 479
481 480 482
483 481 482
481 483 484
483 485 484
486 475 477
475 486 474
487 477 479
477 487 486
479 488 487
488 479 481
489 481 484
481 489 488
485 489 484
480 478 410
410 478 465
406 480 410
480 406 490
406 404 490
398 490 404
465 476 462
460 462 476
454 460 473
471 454 473
471 452 454
452 471 469
457 452 469
491 436 492
436 491 435
491 493 435
493 491 494
494 491 495
491 496 495
491 492 496
495 496 497
496 498 497
496 492 498
493 494 499
500 493 499
495 497 501
501 497 502
501 502 503
502 504 503
503 504 505
503 505 506
507 506 505
506 507 508
509 508 507
508 509 510
509 511 510
511 509 512
512 513 511
513 512 514
514 515 513
515 514 516
516 517 515
506 518 503
518 501 503
501 518 411
411 495 501
495 411 412
412 494 495
494 412 414
519 510 511
510 519 520
520 508 510
508 520 521
521 506 508
518 506 407
506 521 407
511 522 519
522 511 513
513 523 522
523 513 515
517 523 515
494 414 424
494 424 499
424 423 499
422 499 423
422 500 499
422 433 500
493 500 433
435 493 433
408 518 407
411 518 408
524 525 526
526 527 524
526 525 528
525 438 528
528 438 437
529 528 437
526 528 530
526 530 527
530 528 529
529 531 530
529 437 441
532 531 529
532 529 441
533 532 441
441 442 533
439 427 534
444 439 534
426 534 427
426 444 534
421 444 426
444 421 419
450 416 415
416 450 448
415 456 450
456 415 413
413 463 456
413 409 463
420 416 448
535 536 445
453 445 536
535 445 446
537 535 446
537 446 447
447 538 537
538 447 458
539 540 541
540 542 541
541 542 543
541 543 544
543 545 544
542 546 543
547 546 542
540 547 542
543 548 545
546 548 543
549 548 546
548 549 550
548 550 551
548 551 545
545 551 552
553 545 552
545 553 544
554 553 552
555 554 552
554 555 556
556 555 557
557 558 556
557 559 558
557 555 560
555 561 560
561 555 552
561 552 562
551 562 552
562 563 561
564 551 550
562 551 564
564 565 562
566 562 565
566 563 562
565 567 566
567 565 568
566 567 569
566 569 570
570 569 571
572 571 569
573 572 569
571 572 574
571 574 575
575 574 576
575 576 577
578 575 577
579 578 577
580 579 577
579 580 581
581 582 579
581 583 582
583 581 584
584 585 583
585 584 586
586 587 585
587 586 588
577 589 580
576 589 577
590 580 589
589 576 591
591 592 589
592 593 589
590 589 593
592 591 594
594 595 592
595 596 592
592 596 593
595 597 596
586 598 588
584 598 586
584 599 598
581 599 584
581 600 599
600 581 601
580 601 581
590 602 580
603 580 602
580 603 601
601 603 604
601 604 600
602 605 603
597 595 606
595 594 607
595 607 606
608 606 607
608 609 606
609 608 610
611 609 610
612 611 610
610 608 613
610 613 614
612 610 614
614 613 573
569 614 573
611 615 609
614 569 567
606 609 616
609 615 616
616 617 606
617 618 606
618 597 606
619 616 615
616 619 620
620 617 616
621 620 619
620 621 622
617 620 623
622 623 620
623 622 624
614 567 625
626 622 621
622 626 627
627 624 622
628 627 626
627 628 629
630 629 628
629 630 631
632 631 630
631 632 633
634 633 632
633 634 635
636 635 634
635 636 637
638 637 636
637 638 639
640 639 638
639 640 641
642 641 640
641 642 643
631 644 629
645 629 644
629 645 627
635 646 633
647 633 646
644 631 647
633 647 631
639 648 637
649 637 648
646 635 649
637 649 635
643 650 641
651 641 650
648 639 651
641 651 639
624 627 645
650 643 652
653 652 643
642 653 643
654 655 546
655 656 546
546 656 549
657 654 546
658 657 546
656 659 549
660 549 659
549 660 550
547 658 546
564 550 660
660 661 564
564 661 662
662 663 564
565 564 663
663 568 565
663 662 664
664 665 663
665 666 663
666 568 663
662 667 664
662 668 667
669 664 667
670 664 669
670 665 664
669 667 671
669 671 672
671 673 672
673 674 672
674 673 675
674 675 676
676 675 668
674 677 672
672 677 678
679 677 674
677 679 680
674 681 679
681 674 682
682 674 676
683 680 679
680 683 684
679 685 683
685 679 681
672 678 686
678 612 686
612 678 611
661 682 676
687 683 685
683 687 688
688 684 683
689 688 687
688 689 690
690 691 688
684 688 691
691 690 692
690 693 692
689 693 690
694 686 612
694 670 686
670 669 686
669 672 686
695 694 612
695 612 614
695 614 625
661 676 662
676 668 662
625 567 568
696 697 698
698 697 699
697 700 699
697 701 700
700 701 702
699 700 703
704 699 703
698 699 704
700 702 705
703 700 705
706 703 705
705 707 706
705 708 707
705 702 708
702 709 708
710 709 702
702 701 710
711 709 710
712 709 711
711 713 712
713 714 712
714 713 715
714 715 716
714 717 712
712 718 709
718 712 717
718 719 709
708 709 719
719 718 720
721 708 719
721 707 708
722 707 721
722 706 707
706 722 723
724 706 723
703 706 724
725 703 724
726 703 725
727 703 726
728 703 727
704 703 728
729 719 720
730 719 729
719 730 721
729 731 730
732 730 731
729 733 731
729 734 733
734 735 733
736 733 735
737 733 736
735 738 736
735 739 738
739 740 738
739 741 740
742 741 739
743 741 742
744 741 743
743 745 744
745 743 746
745 746 747
747 748 745
748 747 749
749 750 748
750 749 751
751 752 750
741 744 753
740 741 753
753 754 740
754 753 755
755 753 756
755 757 754
757 755 758
758 755 759
755 756 759
758 759 760
750 752 761
748 750 761
748 761 762
745 748 762
745 762 763
764 745 763
744 745 764
756 753 765
753 744 765
765 766 756
744 767 765
767 744 768
764 768 744
769 768 764
763 769 764
768 770 767
767 771 765
766 765 771
771 767 772
772 773 771
773 772 774
775 771 773
775 766 771
776 773 774
777 775 773
776 778 773
777 773 778
768 779 770
780 779 768
769 780 768
780 781 779
781 782 779
779 782 770
782 781 783
781 784 783
784 781 785
785 781 786
780 786 781
787 784 785
785 788 787
789 787 788
788 790 789
790 788 791
791 788 785
785 786 791
791 792 790
789 790 793
790 794 793
794 790 792
794 792 795
796 794 795
795 797 796
721 798 722
799 798 721
798 799 800
721 801 799
730 801 721
801 730 732
801 802 799
802 801 803
803 801 804
801 732 804
799 802 805
799 805 806
800 799 806
800 806 807
808 800 807
808 807 809
809 810 808
808 810 811
810 812 811
811 813 808
813 811 814
815 808 813
808 815 816
814 817 813
817 814 818
819 813 817
813 819 815
810 820 812
820 821 812
821 820 822
822 823 821
821 823 824
824 823 825
823 826 825
823 827 826
822 827 823
827 737 826
733 737 827
825 828 824
825 829 828
758 828 829
760 828 758
758 829 757
830 828 760
831 828 830
832 828 831
828 832 824
827 731 733
833 731 827
831 834 832
835 832 834
834 836 835
836 834 837
832 835 838
834 831 839
839 837 834
837 839 840
824 832 838
821 824 838
837 841 836
841 837 842
840 842 837
842 843 841
843 842 844
844 845 843
845 844 846
846 847 845
847 846 848
848 849 847
849 848 850
850 851 849
851 850 852
852 853 851
853 852 854
854 855 853
855 854 856
856 857 855
857 856 858
859 846 844
844 860 859
846 859 861
861 848 846
848 861 862
862 850 848
850 862 863
863 852 850
852 863 864
864 854 852
854 864 865
865 856 854
856 865 866
866 858 856
858 866 867
858 868 857
868 858 867
860 844 842
842 840 860
869 870 871
870 869 872
869 873 872
873 869 874
869 875 874
875 869 876
876 869 871
877 870 872
872 873 878
876 605 875
878 879 872
872 879 877
879 878 880
880 881 879
877 879 881
881 882 877
603 876 871
876 603 605
603 871 604
881 880 883
881 883 884
882 881 884
885 882 884
886 885 884
886 887 885
888 889 890
889 888 891
888 892 891
892 888 893
894 893 888
602 891 892
891 602 590
895 891 590
895 889 891
593 895 590
888 890 896
894 888 896
897 898 899
900 898 897
900 897 901
901 897 899
901 902 900
902 903 900
903 898 900
903 902 904
905 904 902
904 905 906
905 907 906
907 905 908
908 909 907
909 908 910
902 901 911
911 905 902
905 911 912
912 908 905
908 912 913
913 910 908
910 913 914
910 915 909
916 915 910
914 916 910
917 915 916
918 916 914
919 916 918
917 916 919
919 920 917
920 921 917
919 922 920
923 920 922
920 923 924
925 924 923
924 925 926
927 926 925
925 928 927
929 927 928
927 929 930
931 927 930
930 929 932
932 929 933
929 934 933
929 928 934
934 928 935
935 928 925
932 933 936
936 937 932
936 938 937
939 938 936
940 938 939
936 941 939
941 936 942
933 942 936
942 943 941
943 942 944
933 944 942
944 945 943
945 944 946
945 946 947
948 938 940
949 948 940
938 948 950
948 951 950
951 948 952
952 953 951
954 950 951
950 954 955
955 954 930
951 956 954
957 954 956
954 957 931
954 931 930
958 931 957
931 958 959
960 959 958
959 960 961
962 961 960
963 962 960
953 964 951
964 956 951
964 965 956
958 957 966
967 962 963
962 967 968
968 969 962
962 969 961
960 970 963
958 970 960
958 971 970
968 967 972
967 973 972
974 972 973
972 974 968
973 975 974
969 968 976
976 968 977
968 974 977
975 977 974
921 976 977
976 921 920
977 975 978
977 978 921
971 979 970
980 979 971
980 981 979
981 982 979
970 979 982
982 981 983
984 982 983
984 983 985
985 986 984
985 987 986
987 988 986
973 986 988
988 989 973
988 990 989
990 991 989
978 989 991
990 992 991
992 993 991
993 992 994
994 995 993
994 996 995
996 994 997
996 997 998
988 999 990
999 988 987
990 1000 992
1000 990 999
1001 992 1000
992 1001 994
994 1002 997
1002 994 1001
998 997 1002
993 921 991
921 978 991
917 921 993
993 1003 917
917 1003 915
909 915 1003
989 978 975
973 989 975
967 986 973
984 986 967
984 967 963
963 982 984
970 982 963
1004 1005 947
947 946 1004
1004 946 1006
1006 1007 1004
1007 1008 1004
1004 1008 1009
1004 1009 1005
1008 1010 1009
1009 1010 1011
1009 1011 1005
1006 1012 1007
1013 1012 1006
1008 1014 1010
1014 1015 1010
1014 1016 1015
1015 1016 1017
1016 1018 1017
1016 1019 1018
1019 1020 1018
1020 1019 1021
1021 1022 1020
1022 1021 1023
1024 1022 1023
1022 1024 1025
1026 1025 1024
1025 1026 1027
1028 1027 1026
1027 1028 1029
1029 1028 1030
1031 1019 1016
1014 1031 1016
1031 1014 922
1008 922 1014
922 1008 923
1007 923 1008
923 1007 925
1023 1032 1024
1024 1033 1026
1033 1024 1032
1026 1034 1028
1030 1028 1034
1034 1026 1033
922 919 1031
919 918 1031
1019 1031 918
1035 1019 918
1019 1035 1021
1036 1021 1035
1021 1036 1023
1032 1023 1036
1007 935 925
1007 1012 935
935 1012 934
933 934 1012
933 1012 1013
944 933 1013
1006 944 1013
946 944 1006
1037 1038 1039
1038 1037 1040
1038 1041 1039
1039 1041 949
1041 948 949
1042 948 1041
1038 1043 1041
1038 1040 1043
1043 1042 1041
1042 1043 1044
1042 952 948
1045 1042 1044
1045 952 1042
1046 952 1045
952 1046 953
950 1047 938
955 1047 950
937 938 1047
937 1047 955
932 937 955
955 930 932
961 927 959
927 961 926
969 926 961
926 969 924
924 969 976
924 976 920
931 959 927
1048 1049 802
1048 820 1049
1049 820 810
1049 810 1050
1050 810 809
1049 1050 805
1049 805 802
1048 802 803
820 1048 1051
822 820 1051
1052 822 1051
1052 827 822
1052 833 827
833 732 731
1053 1054 1055
1054 1053 1056
1057 1056 1053
1056 1057 1058
1053 1055 1059
1057 1053 1059
1058 817 1056
817 1058 819
1056 818 1054
818 1056 817
816 800 808
798 800 816
1060 1061 1062
1061 1060 1063
1062 1064 1060
1062 1065 1064
1066 1065 1062
1066 1062 1061
1065 1066 1067
1067 1068 1065
1069 1067 1066
1066 1070 1069
1071 1070 1066
1071 1066 1061
1061 1072 1071
1067 1069 1073
1067 1073 1074
1067 1074 1068
1074 1075 1068
1075 1074 1076
1076 1077 1075
1077 1076 1078
1078 1079 1077
1079 1078 1080
1081 1079 1080
1079 1081 1082
1081 1083 1082
1074 1084 1076
1084 1074 1085
1074 1073 1085
1076 1086 1078
1086 1076 1084
1078 1087 1080
1087 1078 1086
1088 1080 1087
1080 1088 1081
1088 1083 1081
1085 1073 1089
1069 1089 1073
1089 1069 1090
1090 1069 1091
1092 1090 1091
1093 1092 1091
1093 1091 1094
1095 1094 1091
1096 1094 1095
1093 1094 1096
1093 1096 1097
1071 1097 1096
1098 1097 1071
1099 1097 1098
1100 1097 1099
1093 1097 1100
1093 1100 1101
1102 1101 1100
1101 1103 1093
1093 1103 1092
1103 1101 1104
1104 1101 1105
1102 1105 1101
1104 1105 1106
1106 1105 1107
1099 1098 1108
1099 1108 1109
1110 1099 1109
1109 1111 1110
1111 1109 1112
1108 1112 1109
1113 1112 1108
1113 1108 1098
1114 1113 1098
1115 1111 1112
1111 1115 1116
1117 1116 1115
1106 1118 1104
1107 1118 1106
1104 1118 1103
1119 1116 1117
1120 1116 1119
1116 1120 1111
1120 1119 1121
1122 1121 1119
1119 1123 1122
1119 1117 1123
1121 1122 1124
1125 1124 1122
1126 1122 1123
1122 1126 1125
1126 1123 1117
1127 1125 1126
1127 1126 1128
1129 1128 1126
1117 1129 1126
1115 1129 1117
1128 1129 1130
1125 1131 1124
1121 1124 1132
1124 1131 1132
1120 1121 1133
1134 1120 1133
1121 1135 1133
1135 1121 1136
1121 1132 1136
1134 1133 1137
1099 1134 1137
1137 1133 1138
1133 1135 1138
1134 1099 1110
1111 1134 1110
1134 1111 1120
1100 1099 1137
1100 1137 1139
1137 1138 1139
1139 1140 1100
1100 1140 1102
1136 1132 1141
1138 1142 1139
1142 1140 1139
1138 1143 1142
1143 1144 1142
1145 1142 1144
1144 1146 1145
1146 1144 1147
1148 1147 1144
1144 1143 1148
1147 1148 1149
1142 1145 1150
1150 1140 1142
1149 1151 1147
1151 1149 1152
1152 1153 1151
1153 1154 1151
1147 1154 1146
1154 1147 1151
1154 1153 1155
1153 1152 1156
1156 1157 1153
1157 1155 1153
1157 1156 1158
1155 1157 1159
1160 1159 1157
1160 1157 1161
1157 1158 1161
1161 1158 1162
1158 1163 1162
1164 1162 1163
1162 1164 1165
1163 1158 1166
1162 1165 1167
1167 1168 1162
1168 1161 1162
1159 1160 1169
1170 1159 1169
1166 1171 1163
1171 1164 1163
1171 1166 1172
1172 1173 1171
1173 1174 1171
1164 1171 1174
1174 1173 1131
1173 1172 1175
1175 1141 1173
1132 1131 1173
1141 1132 1173
1176 1177 1178
1179 1176 1178
1176 1179 1180
1181 1180 1179
1180 1181 1182
1181 1183 1182
1183 1181 1184
1184 1185 1183
1185 1184 1186
1187 1184 1181
1179 1187 1181
1184 1187 1188
1188 1186 1184
1189 1188 1187
1188 1189 1190
1191 1188 1190
1188 1191 1192
1186 1188 1192
1192 1107 1186
1107 1185 1186
1107 1192 1193
1192 1194 1193
1194 1192 1191
1195 1193 1194
1193 1195 1196
1197 1196 1195
1196 1197 1198
1198 1197 1199
1187 1200 1189
1200 1187 1201
1201 1202 1200
1202 1201 1203
1203 1177 1202
1204 1194 1191
1194 1205 1195
1205 1194 1206
1206 1194 1204
1207 1195 1205
1195 1207 1197
1199 1197 1207
1178 1177 1203
1201 1178 1203
1178 1201 1179
1187 1179 1201
1202 1177 1208
1208 1200 1202
1200 1208 1209
1209 1189 1200
1189 1209 1210
1211 1189 1210
1211 1190 1189
1212 1190 1211
1212 1191 1190
1204 1191 1212
1213 1214 1215
1214 1213 1216
1214 1217 1215
1218 1216 1213
1216 1218 1219
1215 1217 1220
1221 1215 1220
1215 1221 1213
1221 1218 1213
1218 1221 1222
1223 1219 1218
1223 1218 1224
1224 1218 1222
1224 1222 1225
1225 1226 1224
1223 1224 1226
1227 1223 1226
1227 1226 1103
1226 1225 1090
1103 1226 1092
1226 1090 1092
1228 1223 1227
1228 1219 1223
1228 1227 1229
1118 1229 1227
1118 1227 1103
1229 1118 1230
1118 1193 1230
1193 1118 1107
1107 1105 1185
1072 1231 1114
1231 1072 1232
1233 1114 1231
1114 1233 1234
1113 1114 1234
1235 1113 1234
1113 1235 1112
1236 1112 1235
1237 1236 1235
1234 1237 1235
1237 1234 1233
1236 1237 1238
1129 1236 1238
1129 1115 1236
1112 1236 1115
1061 1232 1072
1232 1061 1063
1072 1114 1098
1238 1130 1129
1072 1098 1071
1071 1096 1070
1239 1070 1096
1095 1239 1096
1095 1091 1239
1239 1091 1069
1069 1070 1239
1240 1241 1242
1241 1240 1243
1243 1240 1244
1243 1244 1245
1245 1246 1243
1246 1241 1243
1246 1245 1247
1247 1245 1248
1247 1249 1246
1246 1249 1250
1251 1246 1250
1251 1241 1246
1241 1251 1252
1249 1247 1253
1247 1254 1253
1247 1248 1254
1255 1254 1248
1254 1255 1256
1257 1256 1255
1256 1257 1258
1259 1258 1257
1258 1259 1260
1259 1261 1260
1261 1259 1262
1261 1262 1263
1264 1254 1256
1254 1264 1265
1254 1265 1253
1266 1256 1258
1256 1266 1264
1267 1258 1260
1258 1267 1266
1260 1268 1267
1268 1260 1261
1268 1261 1263
1265 1269 1253
1269 1249 1253
1249 1269 1270
1270 1271 1249
1272 1271 1270
1272 1270 1273
1274 1273 1270
1273 1274 1275
1275 1276 1273
1276 1275 1277
1277 1275 1278
1275 1274 1279
1275 1279 1278
1280 1278 1279
1278 1280 1281
1282 1278 1281
1281 1283 1282
1283 1281 1284
1280 1284 1281
1283 1284 1285
1278 1282 1286
1277 1278 1286
1284 1287 1285
1284 1280 1287
1288 1277 1286
1288 1276 1277
1288 1289 1276
1290 1276 1289
1290 1291 1276
1292 1290 1289
1293 1291 1290
1291 1293 1294
1294 1295 1291
1293 1296 1294
1293 1297 1296
1297 1293 1290
1297 1298 1296
1298 1297 1290
1295 1294 1299
1300 1299 1294
1300 1294 1296
1295 1272 1291
1290 1301 1298
1301 1290 1292
1302 1298 1301
1298 1302 1303
1304 1302 1301
1301 1305 1304
1305 1301 1306
1306 1307 1305
1307 1306 1308
1308 1309 1307
1302 1304 1310
1310 1311 1302
1311 1303 1302
1311 1310 1312
1313 1311 1312
1311 1313 1314
1315 1314 1313
1314 1315 1316
1317 1316 1315
1316 1317 1318
1318 1317 1319
1314 1320 1311
1320 1314 1321
1321 1322 1320
1322 1321 1323
1324 1320 1322
1320 1324 1303
1303 1311 1320
1321 1325 1323
1325 1321 1326
1326 1314 1316
1314 1326 1321
1326 1327 1325
1327 1328 1319
1327 1326 1328
1328 1318 1319
1328 1316 1318
1316 1328 1326
1298 1303 1324
1317 1329 1319
1315 1329 1317
1329 1315 1330
1313 1330 1315
1330 1313 1331
1332 1331 1313
1332 1313 1312
1333 1332 1312
1333 1312 1310
1334 1333 1310
1334 1310 1304
1335 1334 1304
1304 1336 1335
1336 1304 1305
1305 1337 1336
1337 1305 1307
1309 1337 1307
1338 1252 1339
1252 1338 1340
1339 1341 1338
1341 1339 1342
1343 1342 1339
1339 1344 1343
1252 1344 1339
1343 1345 1342
1345 1343 1346
1343 1347 1346
1343 1344 1347
1347 1348 1346
1348 1349 1346
1349 1348 1350
1350 1348 1351
1351 1348 1347
1351 1347 1344
1349 1352 1346
1352 1349 1353
1354 1352 1353
1351 1344 1355
1299 1351 1355
1344 1251 1355
1251 1356 1355
1295 1355 1356
1295 1299 1355
1357 1354 1353
1353 1358 1357
1358 1353 1349
1358 1359 1357
1359 1360 1357
1357 1360 1361
1357 1361 1354
1360 1359 1362
1363 1360 1362
1360 1364 1361
1364 1360 1363
1364 1354 1361
1365 1364 1363
1365 1366 1364
1366 1367 1364
1367 1366 1368
1363 1362 1369
1359 1370 1362
1362 1370 1369
1354 1364 1367
1367 1352 1354
1352 1367 1371
1367 1372 1371
1372 1367 1368
1371 1372 1373
1373 1345 1371
1371 1346 1352
1346 1371 1345
1373 1342 1345
1342 1373 1341
1370 1374 1369
1375 1369 1374
1369 1375 1376
1377 1375 1374
1375 1377 1378
1379 1375 1378
1375 1379 1380
1380 1376 1375
1381 1380 1379
1380 1381 1382
1382 1383 1380
1376 1380 1383
1383 1382 1384
1385 1382 1381
1382 1386 1384
1387 1385 1381
1388 1387 1381
1387 1388 1389
1390 1389 1388
1389 1390 1391
1392 1389 1391
1389 1392 1393
1393 1387 1389
1387 1393 1394
1395 1387 1394
1395 1385 1387
1386 1382 1396
1396 1382 1385
1394 1397 1395
1398 1397 1394
1399 1391 1390
1391 1399 1400
1401 1400 1399
1400 1401 1402
1402 1403 1400
1403 1391 1400
1391 1403 1392
1403 1402 1404
1405 1404 1402
1404 1405 1406
1402 1407 1405
1407 1402 1401
1408 1405 1407
1406 1405 1409
1408 1410 1405
1405 1410 1409
1411 1410 1408
1299 1410 1411
1410 1299 1409
1411 1408 1412
1413 1411 1412
1413 1412 1358
1351 1411 1413
1299 1411 1351
1349 1413 1358
1413 1349 1350
1413 1350 1351
1358 1412 1359
1414 1359 1412
1412 1408 1414
1359 1414 1415
1299 1300 1409
1359 1415 1370
1415 1416 1370
1416 1374 1370
1377 1374 1416
1356 1417 1418
1417 1356 1419
1417 1419 1271
1417 1271 1418
1295 1418 1271
1295 1356 1418
1295 1271 1272
1419 1356 1250
1251 1250 1356
1419 1249 1271
1249 1419 1250
1252 1251 1344
1340 1241 1252
1241 1340 1242
1291 1272 1273
1291 1273 1276
1420 1421 1422
1421 1423 1422
1421 1424 1423
1423 1425 1422
1425 1423 1426
1424 1426 1423
1426 1424 1427
1428 1420 1422
1420 1428 1429
1429 1430 1420
1430 1431 1420
1420 1431 1421
1431 1430 1432
1433 1432 1430
1433 1434 1432
1433 1435 1434
1436 1432 1434
1432 1436 1431
1431 1436 1421
1436 1437 1421
1424 1421 1437
1435 1433 1438
1439 1435 1438
1435 1439 1440
1434 1435 1440
1434 1440 1436
1440 1441 1436
1436 1441 1437
1441 1442 1437
1441 1443 1442
1443 1441 1444
1440 1444 1441
1442 1445 1437
1445 1442 1446
1446 1447 1445
1447 1446 1448
1448 1449 1447
1449 1448 1450
1450 1451 1449
1451 1450 1452
1448 1453 1450
1451 1452 1454
1455 1448 1446
1448 1455 1456
1448 1456 1453
1442 1457 1446
1457 1455 1446
1442 1443 1457
1449 1451 1458
1449 1458 1459
1449 1459 1447
1447 1459 1460
1447 1460 1445
1460 1424 1445
1461 1458 1451
1462 1461 1451
1462 1451 1454
1462 1454 1463
1454 1464 1463
1459 1458 1465
1466 1465 1458
1466 1458 1461
1465 1466 1467
1465 1468 1459
1460 1459 1468
1469 1468 1465
1465 1467 1469
1460 1468 1470
1471 1460 1470
1460 1471 1427
1460 1427 1424
1471 1426 1427
1472 1426 1471
1472 1471 1473
1473 1471 1470
1473 1470 1474
1474 1475 1473
1475 1472 1473
1475 1474 1476
1474 1477 1476
1477 1474 1478
1479 1477 1478
1477 1479 1480
1472 1475 1481
1481 1425 1472
1426 1472 1425
1425 1481 1422
1482 1478 1474
1482 1479 1478
1482 1474 1483
1483 1474 1470
1468 1483 1470
1469 1482 1483
1469 1483 1468
1482 1469 1467
1484 1479 1482
1467 1484 1482
1485 1479 1484
1466 1485 1484
1467 1466 1484
1485 1466 1486
1486 1487 1485
1487 1486 1488
1488 1489 1487
1489 1488 1490
1491 1487 1489
1487 1491 1492
1492 1485 1487
1485 1492 1493
1466 1494 1486
1494 1488 1486
1488 1494 1495
1495 1490 1488
1495 1494 1496
1496 1497 1495
1490 1495 1497
1497 1496 1498
1496 1494 1499
1500 1496 1499
1498 1496 1500
1499 1501 1500
1501 1499 1502
1502 1503 1501
1503 1502 1504
1502 1505 1504
1503 1504 1506
1504 1507 1506
1505 1507 1504
1507 1508 1506
1508 1507 1509
1509 1507 1510
1508 1511 1506
1503 1506 1511
1511 1508 1512
1462 1502 1499
1502 1462 1513
1502 1513 1505
1513 1514 1505
1509 1515 1508
1515 1512 1508
1512 1515 1516
1517 1516 1515
1516 1517 1518
1517 1519 1518
1507 1505 1520
1507 1520 1510
1515 1521 1517
1515 1509 1521
1509 1522 1521
1521 1522 1523
1521 1523 1524
1524 1517 1521
1525 1517 1524
1517 1525 1526
1526 1519 1517
1527 1519 1526
1519 1527 1528
1528 1527 1529
1529 1527 1530
1531 1527 1526
1527 1531 1530
1532 1523 1522
1522 1533 1532
1533 1522 1534
1509 1534 1522
1509 1510 1534
1534 1510 1533
1523 1532 1535
1535 1524 1523
1524 1535 1536
1536 1525 1524
1525 1536 1537
1537 1526 1525
1526 1537 1531
1528 1529 1538
1529 1530 1538
1538 1519 1528
1519 1538 1539
1540 1538 1530
1538 1540 1539
1541 1539 1540
1539 1541 1542
1543 1539 1542
1539 1543 1519
1543 1518 1519
1543 1516 1518
1516 1543 1544
1544 1512 1516
1512 1544 1545
1545 1511 1512
1511 1545 1546
1545 1547 1546
1547 1545 1548
1548 1545 1544
1548 1549 1547
1550 1546 1547
1503 1546 1550
1503 1511 1546
1551 1503 1550
1551 1550 1552
1547 1552 1550
1503 1551 1501
1553 1501 1551
1551 1554 1553
1554 1551 1555
1551 1552 1555
1555 1552 1556
1501 1553 1500
1553 1554 1557
1558 1553 1557
1500 1553 1558
1559 1558 1557
1497 1558 1559
1558 1497 1498
1498 1500 1558
1557 1560 1559
1560 1557 1561
1561 1562 1560
1489 1560 1562
1560 1489 1490
1559 1490 1497
1490 1559 1560
1562 1561 1563
1564 1563 1561
1564 1561 1557
1563 1564 1565
1562 1491 1489
1491 1562 1566
1563 1566 1562
1566 1563 1567
1567 1563 1568
1563 1565 1568
1565 1569 1568
1569 1570 1568
1571 1568 1570
1572 1571 1570
1569 1572 1570
1571 1572 1573
1572 1574 1573
1574 1572 1575
1575 1572 1576
1568 1571 1577
1567 1568 1577
1578 1574 1575
1578 1575 1579
1575 1576 1579
1578 1579 1580
1574 1578 1581
1582 1581 1578
1580 1582 1578
1583 1582 1580
1582 1583 1584
1581 1582 1584
1585 1584 1583
1586 1584 1585
1585 1583 1587
1580 1587 1583
1587 1580 1588
1579 1588 1580
1589 1588 1579
1579 1576 1589
1589 1587 1588
1586 1590 1584
1581 1584 1590
1590 1586 1591
1592 1591 1586
1593 1592 1586
1586 1585 1593
1593 1585 1594
1594 1595 1593
1592 1593 1595
1596 1592 1595
1596 1595 1597
1595 1594 1597
1596 1597 1598
1597 1594 1599
1597 1599 1598
1598 1599 1439
1598 1438 1596
1439 1438 1598
1591 1592 1600
1596 1600 1592
1596 1601 1600
1438 1601 1596
1438 1433 1601
1599 1602 1439
1440 1439 1602
1444 1440 1602
1599 1444 1602
1444 1599 1603
1594 1603 1599
1594 1604 1603
1603 1443 1444
1443 1603 1605
1604 1605 1603
1606 1605 1604
1605 1606 1607
1608 1607 1606
1607 1608 1609
1610 1609 1608
1609 1610 1611
1612 1611 1610
1611 1612 1613
1609 1611 1614
1612 1615 1613
1616 1613 1615
1613 1616 1617
1613 1617 1611
1609 1618 1607
1618 1609 1619
1609 1614 1619
1607 1618 1620
1605 1607 1620
1610 1621 1612
1610 1622 1621
1610 1608 1622
1608 1589 1622
1623 1612 1621
1554 1612 1623
1554 1615 1612
1554 1624 1615
1615 1624 1625
1622 1626 1621
1564 1621 1626
1564 1623 1621
1626 1627 1564
1622 1628 1626
1589 1628 1622
1626 1628 1629
1626 1629 1627
1589 1576 1628
1628 1576 1630
1628 1630 1629
1630 1576 1572
1569 1630 1572
1629 1569 1627
1569 1629 1630
1627 1565 1564
1627 1569 1565
1625 1624 1631
1625 1631 1632
1625 1632 1633
1615 1625 1633
1634 1633 1632
1632 1635 1634
1632 1631 1635
1634 1635 1636
1635 1637 1636
1638 1636 1637
1637 1635 1639
1640 1637 1639
1640 1639 1641
1641 1642 1640
1642 1643 1640
1642 1644 1643
1643 1644 1645
1646 1645 1644
1647 1646 1644
1644 1648 1647
1649 1647 1648
1647 1649 1650
1648 1644 1549
1642 1549 1644
1651 1650 1649
1650 1651 1652
1653 1652 1651
1653 1654 1652
1652 1655 1650
1650 1655 1656
1656 1647 1650
1657 1655 1652
1654 1657 1652
1647 1656 1658
1646 1647 1658
1649 1659 1651
1659 1649 1660
1661 1654 1653
1661 1651 1659
1651 1661 1653
1654 1661 1662
1657 1663 1655
1663 1657 1664
1665 1655 1663
1655 1665 1656
1665 1658 1656
1657 1666 1664
1666 1657 1654
1658 1665 1667
1668 1658 1667
1658 1668 1646
1668 1645 1646
1645 1668 1669
1669 1643 1645
1643 1669 1670
1671 1643 1670
1643 1671 1640
1671 1672 1640
1672 1637 1640
1672 1638 1637
1638 1673 1674
1673 1675 1674
1675 1673 1676
1677 1676 1673
1677 1678 1676
1678 1677 1679
1679 1677 1680
1681 1674 1675
1682 1681 1675
1679 1680 1683
1680 1684 1683
1685 1683 1684
1685 1686 1683
1687 1683 1686
1686 1688 1687
1688 1686 1689
1683 1687 1510
1679 1683 1510
1689 1690 1688
1690 1689 1691
1692 1690 1691
1692 1691 1693
1691 1689 1694
1689 1695 1694
1686 1695 1689
1696 1691 1694
1693 1691 1696
1695 1686 1697
1686 1685 1697
1698 1688 1690
1688 1698 1699
1693 1700 1692
1700 1690 1692
1690 1700 1698
1700 1693 1701
1702 1696 1694
1696 1702 1703
1704 1694 1695
1694 1704 1702
1697 1704 1695
1705 1696 1703
1696 1705 1693
1704 1697 1706
1697 1707 1706
1707 1697 1685
1684 1707 1685
1707 1684 1708
1680 1708 1684
1708 1680 1709
1680 1710 1709
1710 1680 1677
1710 1677 1711
1711 1677 1673
1711 1673 1638
1674 1712 1638
1636 1638 1712
1713 1636 1712
1713 1634 1636
1634 1713 1633
1633 1713 1714
1674 1715 1712
1714 1715 1716
1715 1681 1716
1674 1681 1715
1681 1682 1716
1464 1716 1682
1464 1682 1717
1464 1717 1463
1454 1716 1464
1717 1514 1463
1513 1463 1514
1717 1675 1514
1682 1675 1717
1676 1514 1675
1514 1676 1505
1462 1463 1513
1678 1505 1676
1678 1520 1505
1678 1679 1520
1679 1510 1520
1499 1494 1462
1494 1461 1462
1466 1461 1494
1510 1687 1718
1688 1718 1687
1718 1688 1699
1433 1430 1719
1430 1429 1719
1433 1719 1601
1493 1479 1485
1493 1480 1479
1720 1721 1722
1721 1723 1722
1723 1724 1722
1725 1722 1724
1725 1724 1726
1726 1727 1725
1727 1728 1725
1727 1729 1728
1729 1730 1728
1731 1728 1730
1728 1731 1732
1732 1731 1733
1733 1734 1732
1734 1735 1732
1720 1722 1736
1737 1732 1735
1736 1722 1738
1728 1732 1739
1740 1732 1737
1732 1740 1739
1739 1741 1728
1742 1728 1741
1743 1728 1742
1743 1725 1728
1744 1725 1743
1725 1744 1745
1738 1722 1745
1725 1745 1722
1481 1428 1422
1424 1437 1445
1746 1747 1748
1746 1748 1749
1548 1746 1749
1548 1749 1750
1544 1746 1548
1544 1543 1746
1747 1746 1543
1542 1747 1543
1548 1750 1549
1749 1751 1750
1750 1751 1549
1751 1749 1752
1748 1752 1749
1752 1748 1753
1747 1753 1748
1753 1747 1754
1542 1754 1747
1754 1542 1541
1547 1549 1755
1552 1547 1755
1641 1552 1755
1642 1755 1549
1641 1755 1642
1641 1639 1552
1639 1556 1552
1556 1639 1635
1631 1556 1635
1631 1624 1556
1555 1556 1624
1554 1555 1624
1557 1554 1623
1564 1557 1623
1589 1606 1587
1608 1606 1589
1587 1606 1604
1587 1604 1585
1585 1604 1594
1649 1756 1660
1756 1649 1648
1549 1756 1648
1605 1620 1443
1611 1757 1614
1617 1757 1611
1453 1757 1450
1757 1758 1450
1758 1452 1450
1759 1452 1758
1452 1759 1454
1454 1759 1716
1759 1760 1716
1760 1714 1716
1714 1760 1633
1760 1616 1633
1616 1615 1633
1761 1762 1763
1762 1761 1764
1765 1763 1762
1763 1765 1766
1767 1764 1761
1764 1767 1768
1769 1768 1767
1768 1769 1770
1765 1771 1766
1765 1772 1771
1772 1773 1771
1772 1774 1773
1774 1775 1773
1775 1774 1776
1775 1776 1777
1777 1778 1775
1777 1779 1778
1780 1778 1779
1778 1780 1781
1782 1781 1780
1781 1782 1783
1784 1783 1782
1783 1784 1785
1786 1785 1784
1785 1786 1787
1788 1787 1786
1787 1788 1789
1790 1789 1788
1789 1790 1791
1790 1792 1791
1792 1793 1791
1794 1795 1796
1796 1795 1797
1796 1797 1798
1799 1795 1794
1795 1799 1800
1795 1800 1797
1801 1799 1794
1800 1799 1769
1799 1770 1769
1770 1799 1801
1770 1801 1802
1802 1803 1770
1803 1802 1804
1804 1805 1803
1805 1804 1806
1806 1807 1805
1807 1806 1808
1808 1809 1807
1809 1808 1810
1811 1809 1810
1809 1811 1812
1813 1812 1811
1812 1813 1814
1815 1814 1813
1814 1815 1816
1815 1817 1816
1817 1815 1818
1818 1819 1817
1819 1818 1820
1821 1819 1820
1819 1821 1822
1823 1822 1821
1822 1823 1824
1823 1825 1824
1825 1823 1826
1826 1827 1825
1827 1826 1828
1828 1829 1827
1829 1828 1830
1830 1831 1829
1831 1830 1832
1832 1833 1831
1834 1835 1836
1837 1834 1836
1834 1837 1838
1839 1838 1837
1838 1839 1840
1839 1841 1840
1841 1839 1842
1842 1843 1841
1843 1842 1844
1844 1845 1843
1845 1844 1846
1846 1847 1845
1847 1846 1848
1848 1849 1847
1849 1848 1850
1850 1851 1849
1851 1850 1852
1853 1851 1852
1851 1853 1854
1855 1854 1853
1854 1855 1856
1857 1856 1855
1856 1857 1858
1859 1858 1857
1858 1859 1860
1861 1860 1859
1860 1861 1862
1863 1862 1861
1862 1863 1864
1865 1864 1863
1864 1865 1866
1867 1868 1869
1870 1868 1867
1868 1870 1871
1870 1872 1871
1872 1870 1873
1873 1874 1872
1874 1873 1875
1876 1874 1875
1874 1876 1877
1878 1877 1876
1878 1876 1879
1878 1880 1877
1881 1880 1878
1880 1881 1882
1883 1882 1881
1882 1883 1884
1885 1884 1883
1884 1885 1886
1887 1886 1885
1887 1888 1886
1888 1887 1889
1889 1890 1888
1890 1889 1891
1891 1892 1890
1892 1891 1893
1892 1893 1894
1895 1896 1897
1896 1895 1898
1898 1899 1896
1899 1898 1900
1900 1901 1899
1901 1900 1902
1903 1901 1902
1901 1903 1904
1905 1904 1903
1904 1905 1906
1907 1906 1905
1906 1907 1908
1909 1908 1907
1910 1895 1897
1895 1910 1911
1910 1912 1911
1912 1910 1913
1913 1914 1912
1914 1913 1915
1915 1916 1914
1916 1915 1917
1917 1918 1916
1918 1917 1919
1920 1918 1919
1918 1920 1921
1922 1921 1920
1921 1922 1923
1924 1923 1922
1923 1924 1925
1926 1925 1924
1925 1926 1927
1928 1927 1926
1927 1928 1929
1930 1929 1928
1929 1930 1931
1932 1933 1934
1933 1932 1935
1936 1932 1934
1932 1936 1937
1938 1937 1936
1937 1938 1939
1940 1939 1938
1939 1940 1941
1942 1941 1940
1941 1942 1943
1944 1943 1942
1943 1944 1945
1946 1945 1944
1945 1946 1947
1948 1947 1946
1947 1948 1949
1950 1949 1948
1949 1950 1951
1952 1951 1950
1951 1952 1953
1954 1953 1952
1953 1954 1955
1956 1955 1954
1955 1956 1957
1956 1958 1957
1959 1955 1957
1959 1957 1958
1955 1959 1960
1960 1953 1955
1953 1960 1961
1961 1962 1953
1962 1961 1963
1963 1964 1962
1964 1963 1965
1965 1966 1964
1966 1965 1967
1967 1968 1966
1968 1967 1969
1969 1970 1968
1970 1969 1971
1971 1972 1970
1972 1971 1973
1973 1974 1972
1974 1973 1975
1975 1976 1974
1976 1975 1977
1977 1978 1976
1978 1977 1979
1980 1978 1979
1978 1980 1981
1982 1983 1984
1985 1986 1987
1986 1985 1988
1989 1987 1986
1987 1989 1990
1991 1992 1993
1992 1991 1994
1992 1995 1993
1995 1992 1996
1996 1997 1995
1997 1996 1998
1999 1997 1998
1997 1999 2000
2001 2000 1999
2000 2001 2002
2003 2002 2001
2002 2003 2004
2005 2004 2003
2004 2005 2006
2007 2006 2005
2006 2007 2008
2009 2008 2007
2008 2009 2010
2009 2011 2010
2010 2011 2012
2013 2014 2015
2014 2013 2016
2017 2014 2016
2014 2017 2018
2019 2018 2017
2020 2021 2022
2021 2020 2023
2022 2024 2020
2024 2022 2025
2026 2021 2023
2021 2026 2027
2028 2027 2026
2027 2028 2029
2029 2028 2030
2031 2032 2033
2032 2031 2034
2035 2031 2033
2031 2035 2036
2037 2036 2035
2036 2037 2038
2039 2038 2037
2040 2041 2042
2041 2043 2042
2041 2044 2043
2045 2043 2044
2045 2044 2046
2046 2047 2045
1994 2040 2042
2040 1994 1991
2048 2049 2050
2051 2050 2049
2050 2051 2052
2053 2052 2051
2052 2053 2054
2055 2054 2053
2054 2055 2056
2057 2056 2055
2056 2057 2058
2059 2058 2057
2058 2059 2060
2059 2061 2060
2061 2059 2062
2063 2061 2062
2061 2063 2064
2063 2065 2064
2065 2063 2066
2066 2067 2065
2067 2066 2068
2068 2069 2067
2069 2068 2070
2070 2071 2069
2071 2070 2072
2073 2074 2075
2074 2073 2076
2074 2077 2075
2077 2074 2078
2079 2076 2073
2076 2079 2080
2081 2080 2079
2078 2082 2077
2082 2078 2083
2083 2084 2082
2084 2083 2085
2085 2086 2084
2087 2086 2085
2088 2086 2087
2087 2089 2088
2090 2088 2089
2088 2090 2091
2092 2091 2090
2091 2092 2093
2092 2094 2093
2094 2095 2093
2096 2095 2094
2086 2088 2097
2098 2099 2100
2099 2098 2101
2101 2102 2099
2102 2101 2103
2103 2104 2102
2104 2103 2105
2106 2104 2105
2100 2107 2098
2107 2100 2108
2109 2107 2108
2107 2109 2110
2109 2111 2110
2110 2111 2112
2112 2111 2113
2113 2114 2112
2112 2114 2115
2116 2117 2118
2117 2116 2119
2119 2116 2120
2121 2122 2123
2122 2124 2123
2122 2125 2124
2125 2126 2124
2125 2127 2126
2127 2128 2126
2129 2128 2127
2129 2130 2128
2129 2131 2130
2131 2129 2132
2132 2133 2131
2133 2132 2134
2134 2135 2133
2135 2134 2136
2137 2135 2136
2135 2137 2138
2139 2138 2137
2138 2139 2140
2141 2140 2139
2140 2141 2142
2128 2143 2144
2144 2143 2145
2146 2145 2143
2145 2146 2147
2148 2147 2146
2147 2148 2149
2150 2149 2148
2149 2150 2151
2152 2151 2150
2151 2152 2153
2154 2153 2152
2153 2154 2155
2156 2155 2154
2155 2156 2157
2158 2157 2156
2157 2158 2159
2160 2159 2158
2159 2160 2161
2162 2161 2160
2161 2162 2163
2164 2163 2162
2163 2164 2165
2166 2165 2164
2165 2166 2167
2168 2167 2166
2167 2168 2169
2170 2169 2168
2169 2170 2171
2172 2171 2170
2171 2172 2173
2174 2173 2172
2173 2174 2175
2176 2175 2174
2175 2176 2177
2178 2177 2176
2179 2180 2181
2180 2179 2182
2181 2183 2179
2183 2181 2184
2182 2185 2180
2185 2182 2186
2186 2187 2185
2187 2186 2188
2183 2184 2189
2183 2189 2190
2190 2189 2191
2190 2191 2192
2192 2191 2193
2193 2194 2192
2193 2195 2194
2195 2193 2196
2195 2196 2197
2196 2198 2197
2198 2196 2199
2199 2200 2198
2200 2199 2201
2201 2202 2200
2202 2201 2203
2203 2204 2202
2204 2203 2205
2205 2206 2204
2206 2205 2207
2207 2208 2206
2208 2207 2209
2208 2209 2210
2209 2211 2210
2212 2213 2214
2212 2214 2215
2213 2216 2214
2214 2216 2217
2214 2217 2215
2213 2218 2216
2217 2187 2215
2219 2212 2215
2188 2219 2215
2187 2188 2215
2188 2220 2219
2221 2220 2188
2220 2221 2222
2223 2222 2221
2222 2223 2224
2225 2224 2223
2224 2225 2226
2227 2226 2225
2226 2227 2228
2227 2229 2228
2229 2227 2230
2230 2231 2229
2231 2230 2232
2232 2233 2231
2233 2232 2234
2235 2233 2234
2233 2235 2236
2237 2236 2235
2236 2237 2238
2237 2239 2238
2239 2237 2240
2240 2241 2239
2241 2240 2242
2243 2241 2242
2241 2243 2244
2245 2244 2243
2244 2245 2246
2247 2246 2245
2246 2247 2248
2249 2248 2247
2248 2249 2250
2250 2249 2251
2252 2253 2254
2252 2255 2253
2255 2252 2256
2256 2257 2255
2257 2256 2258
2259 2257 2258
2257 2259 2260
2261 2260 2259
2260 2261 2262
2263 2262 2261
2262 2263 2264
2265 2264 2263
2264 2265 2266
2267 2266 2265
2266 2267 2268
2269 2268 2267
2268 2269 2270
2269 2271 2270
2271 2269 2272
2272 2273 2271
2273 2272 2274
2274 2275 2273
2275 2274 2276
2276 2277 2275
2277 2276 2278
2278 2279 2277
2279 2278 2280
2280 2281 2279
2281 2280 2282
2282 2283 2281
2283 2282 2284
2285 2286 2287
2287 2288 2285
2288 2287 2289
2290 2288 2289
2288 2290 2291
2292 2291 2290
2291 2292 2293
2292 2294 2293
2294 2292 2295
2296 2294 2295
2296 2297 2294
2296 2295 2298
2298 2299 2296
2299 2298 2300
2300 2301 2299
2301 2300 2302
2302 2303 2301
2303 2302 2304
2305 2303 2304
2306 2305 2304
2305 2306 2307
2308 2307 2306
2307 2308 2309
2310 2309 2308
2309 2310 2311
2310 2312 2311
2313 2314 2315
2314 2313 2316
2317 2315 2314
2315 2317 2318
2319 2318 2317
2318 2319 2320
2319 2321 2320
2321 2319 2322
2322 2323 2321
2323 2322 2324
2324 2325 2323
2325 2324 2326
2327 2325 2326
2313 2328 2316
2328 2313 2329
2330 2328 2329
2328 2330 2331
2332 2331 2330
2331 2332 2333
2334 2333 2332
2333 2334 2335
2336 2335 2334
2335 2336 2337
2336 2338 2337
2338 2336 2339
2339 2340 2338
2340 2339 2341
2341 2342 2340
2342 2341 2343
2343 2344 2342
2344 2343 2345
2345 2346 2344
2346 2345 2347
2347 2348 2346
2348 2347 2349
2350 2351 2352
2353 2354 2355
2354 2353 2356
2355 2357 2353
2357 2355 2358
2359 2360 2361
2360 2359 2362
2363 2360 2362
2360 2363 2364
2365 2364 2363
2364 2365 2366
2365 2367 2366
2367 2365 2368
2368 2369 2367
2369 2368 2370
2370 2371 2369
2371 2370 2372
2372 2373 2371
2373 2372 2374
2374 2375 2373
2375 2374 2376
2376 2377 2375
2377 2376 2378
2377 2378 2379
2378 2380 2379
2381 2382 2383
2382 2381 2384
2382 2385 2383
2385 2382 2386
2387 2385 2386
2388 2389 2390
2389 2388 2391
2392 2391 2388
2391 2392 2393
2389 2394 2390
2394 2389 2395
2395 2396 2394
2396 2395 2397
2397 2398 2396
2399 2400 2401
2400 2399 2402
2400 2403 2401
2403 2400 2404
2404 2405 2403
2405 2404 2406
2407 2405 2406
2408 2409 2410
2410 2409 2411
2410 2411 2412
2413 2412 2411
2413 2414 2412
2414 2413 2415
2408 2361 2409
2361 2408 2359
2416 2417 2418
2419 2418 2417
2418 2419 2420
2421 2422 2423
2424 2421 2423
2421 2424 2425
2426 2427 2428
2427 2429 2428
2429 2427 2430
2430 2431 2429
2431 2430 2432
2432 2433 2431
2433 2432 2434
2434 2435 2433
2435 2434 2436
2436 2437 2435
2437 2436 2438
2439 2437 2438
2437 2439 2440
2439 2441 2440
2441 2439 2442
2443 2441 2442
2441 2443 2444
2445 2444 2443
2444 2445 2446
2447 2446 2445
2446 2447 2448
2449 2448 2447
2448 2449 2450
2451 2452 2453
2452 2451 2454
2455 2451 2453
2451 2455 2456
2454 2457 2452
2457 2454 2458
2459 2457 2458
2460 2456 2455
2456 2460 2461
2462 2461 2460
2461 2462 2463
2463 2462 2464
2465 2463 2464
2466 2465 2464
2465 2466 2467
2466 2468 2467
2468 2466 2469
2469 2470 2468
2470 2469 2471
2470 2471 2472
2472 2471 2473
2474 2472 2473
2464 2475 2466
2476 2477 2478
2477 2476 2479
2480 2478 2477
2478 2480 2481
2482 2481 2480
2481 2482 2483
2484 2483 2482
2485 2479 2476
2479 2485 2486
2485 2487 2486
2487 2485 2488
2487 2488 2489
2488 2490 2489
2490 2491 2489
2491 2490 2492
2490 2493 2492
2494 2495 2496
2495 2494 2497
2496 2498 2494
2499 2500 2501
2501 2500 2502
2501 2502 2503
2503 2502 2504
2503 2504 2505
2505 2504 2506
2507 2505 2506
2507 2506 2508
2509 2507 2508
2507 2509 2510
2511 2510 2509
2510 2511 2512
2513 2512 2511
2512 2513 2514
2513 2515 2514
2515 2513 2516
2516 2517 2515
2517 2516 2518
2518 2519 2517
2519 2518 2520
2506 2521 2522
2521 2523 2522
2523 2524 2522
2524 2523 2525
2525 2526 2524
2526 2525 2527
2527 2528 2526
2528 2527 2529
2529 2530 2528
2530 2529 2531
2531 2532 2530
2532 2531 2533
2533 2534 2532
2534 2533 2535
2535 2536 2534
2536 2535 2537
2537 2538 2536
2538 2537 2539
2539 2540 2538
2540 2539 2541
2541 2542 2540
2542 2541 2543
2543 2544 2542
2544 2543 2545
2545 2546 2544
2546 2545 2547
2547 2548 2546
2548 2547 2549
2549 2550 2548
2550 2549 2551
2551 2552 2550
2552 2551 2553
2553 2554 2552
2554 2553 2555
2556 2554 2555
2557 2558 2559
2560 2558 2557
2561 2559 2558
2559 2561 2562
2562 2561 2563
2563 2564 2562
2561 2565 2563
2566 2560 2557
2561 2567 2565
2560 2566 2568
2569 2568 2566
2570 2568 2569
2571 2570 2569
2570 2571 2572
2564 2563 2573
2564 2573 2574
2574 2573 2575
2565 2576 2563
2576 2573 2563
2573 2576 2577
2573 2577 2575
2575 2577 2578
2575 2578 2579
2575 2579 2580
2581 2579 2578
2579 2581 2580
2578 2582 2581
2582 2583 2581
2584 2575 2580
2574 2575 2584
2583 2582 2585
2585 2586 2583
2587 2586 2585
2586 2587 2588
2588 2587 2589
2586 2590 2583
2583 2590 2591
2592 2591 2590
2593 2591 2592
2594 2593 2592
2594 2595 2593
2595 2594 2596
2596 2597 2595
2597 2596 2598
2598 2599 2597
2599 2598 2600
2600 2601 2599
2601 2600 2602
2602 2603 2601
2603 2602 2604
2605 2603 2604
2603 2605 2606
2607 2606 2605
2606 2607 2608
2609 2608 2607
2608 2609 2610
2611 2610 2609
2610 2611 2612
2612 2611 2613
2614 2615 2616
2616 2615 2617
2615 2618 2617
2616 2617 2619
2616 2619 2620
2619 2617 2621
2617 2622 2621
2617 2618 2622
2623 2619 2621
2623 2624 2619
2624 2620 2619
2623 2625 2624
2626 2625 2623
2627 2626 2623
2627 2623 2621
2628 2627 2621
2622 2628 2621
2628 2629 2627
2629 2628 2630
2631 2627 2629
2631 2626 2627
2632 2616 2620
2633 2616 2632
2633 2614 2616
2634 2614 2633
2635 2634 2633
2636 2634 2635
2637 2636 2635
2637 2638 2636
2638 2639 2636
2640 2639 2638
2639 2640 2641
2642 2641 2640
2641 2642 2643
2642 2644 2643
2635 2633 2645
2637 2635 2645
2645 2633 2632
2646 2647 2648
2647 2646 2649
2650 2648 2647
2648 2650 2651
2652 2649 2646
2649 2652 2653
2654 2653 2652
2653 2654 2655
2656 2655 2654
2655 2656 2657
2658 2657 2656
2657 2658 2659
2659 2658 2660
2658 2661 2660
2662 2660 2661
2663 2662 2661
2662 2663 2664
2662 2664 2665
2664 2666 2665
2665 2666 2630
2666 2667 2630
2666 2668 2667
2668 2629 2667
2629 2630 2667
2668 2631 2629
2669 2670 2671
2670 2669 2672
2672 2673 2670
2673 2672 2674
2674 2675 2673
2675 2674 2676
2676 2677 2675
2677 2676 2678
2679 2677 2678
2677 2679 2680
2681 2680 2679
2680 2681 2682
2681 2683 2682
2683 2681 2684
2685 2669 2671
2669 2685 2686
2687 2686 2685
2686 2687 2688
2689 2688 2687
2688 2689 2690
2691 2690 2689
2690 2691 2692
2693 2692 2691
2692 2693 2694
2695 2694 2693
2694 2695 2696
2695 2697 2696
2697 2695 2698
2698 2699 2697
2699 2698 2700
2700 2701 2699
2701 2700 2702
2703 2704 2705
2704 2703 2706
2707 2708 2709
2708 2707 2710
2709 2684 2707
2684 2709 2683
2710 2711 2708
2711 2710 2712
2713 2711 2712
2711 2713 2714
2715 2714 2713
2716 2717 2718
2719 2716 2718
2720 2718 2717
2717 2721 2720
2721 2722 2720
2722 2721 2723
2720 2722 2565
2724 2716 2719
2720 2565 2567
2719 2725 2724
2726 2724 2725
2727 2726 2725
2728 2726 2727
2727 2729 2728
2723 2730 2722
2723 2731 2730
2731 2732 2730
2565 2722 2576
2576 2722 2730
2730 2577 2576
2730 2732 2577
2732 2578 2577
2732 2733 2578
2732 2734 2733
2735 2578 2733
2733 2734 2735
2578 2735 2582
2582 2735 2736
2737 2734 2732
2731 2737 2732
2736 2585 2582
2585 2736 2738
2738 2587 2585
2587 2738 2739
2739 2589 2587
2738 2736 2740
2736 2741 2740
2742 2740 2741
2743 2742 2741
2744 2742 2743
2745 2744 2743
2744 2745 2746
2747 2746 2745
2746 2747 2748
2749 2748 2747
2748 2749 2750
2751 2750 2749
2750 2751 2752
2753 2752 2751
2752 2753 2754
2753 2755 2754
2755 2753 2756
2756 2757 2755
2757 2756 2758
2758 2759 2757
2759 2758 2760
2760 2761 2759
2761 2760 2762
2762 2763 2761
2764 2765 2766
2765 2767 2766
2766 2767 2768
2765 2769 2767
2765 2770 2769
2769 2771 2767
2767 2771 2772
2767 2772 2768
2773 2771 2769
2773 2769 2774
2774 2769 2770
2773 2774 2775
2776 2773 2775
2777 2773 2776
2777 2771 2773
2778 2771 2777
2772 2771 2778
2778 2777 2779
2779 2780 2778
2781 2779 2777
2781 2777 2776
2779 2782 2780
2783 2780 2782
2784 2780 2783
2785 2784 2783
2786 2784 2785
2786 2785 2787
2787 2788 2786
2786 2788 2789
2790 2789 2788
2791 2789 2790
2790 2792 2791
2792 2790 2793
2793 2794 2792
2794 2793 2795
2795 2796 2794
2796 2795 2797
2797 2798 2796
2798 2797 2799
2799 2800 2798
2800 2799 2801
2801 2802 2800
2802 2801 2803
2804 2805 2806
2804 2807 2805
2807 2804 2808
2808 2809 2807
2809 2808 2810
2810 2811 2809
2812 2811 2810
2812 2813 2811
2811 2813 2814
2813 2815 2814
2814 2815 2764
2813 2816 2815
2812 2816 2813
2815 2765 2764
2815 2817 2765
2816 2817 2815
2817 2770 2765
2818 2819 2820
2819 2818 2821
2822 2821 2818
2821 2822 2823
2824 2823 2822
2823 2824 2825
2826 2825 2824
2825 2826 2827
2826 2828 2827
2828 2826 2829
2829 2830 2828
2830 2829 2831
2832 2830 2831
2830 2832 2833
2819 2834 2820
2834 2819 2835
2835 2836 2834
2836 2835 2837
2837 2838 2836
2838 2837 2839
2839 2840 2838
2840 2839 2841
2841 2842 2840
2842 2841 2843
2843 2844 2842
2844 2843 2845
2846 2844 2845
2844 2846 2847
2848 2847 2846
2847 2848 2849
2850 2849 2848
2849 2850 2851
2852 2853 2854
2853 2852 2855
2856 2857 2858
2857 2856 2859
2833 2858 2857
2858 2833 2832
2860 2859 2856
2859 2860 2861
2860 2862 2861
2862 2860 2863
2864 2862 2863
2865 2782 2779
2783 2782 2865
2865 2779 2781
2866 2867 2868
2867 2866 2869
2868 2870 2866
2870 2868 2871
2871 2872 2870
2872 2871 2873
2874 2867 2869
2867 2874 2875
2876 2875 2874
2875 2876 2877
2876 2878 2877
2878 2879 2877
2880 2874 2869
2881 2879 2878
2882 2879 2881
2882 2883 2879
2884 2883 2882
2885 2883 2884
2886 2885 2884
2887 2874 2880
2874 2887 2888
2889 2888 2887
2885 2886 2890
2891 2888 2889
2891 2892 2888
2893 2892 2891
2894 2895 2896
2894 2897 2895
2898 2897 2894
2899 2900 2901
2902 2900 2899
2900 2902 2903
2904 2903 2902
2902 2905 2904
2905 2906 2904
2906 2905 2907
2904 2908 2903
2904 2909 2908
2908 2909 2873
2910 2906 2907
2906 2910 2911
2873 2909 2872
2910 2912 2911
2913 2912 2910
2912 2913 2914
2914 2913 2915
2915 2916 2914
2914 2916 2917
2914 2917 2918
2917 2919 2918
2920 2918 2919
2920 2921 2918
2920 2922 2921
2922 2920 2923
2924 2922 2923
2925 2920 2919
2925 2919 2926
2925 2926 2927
2927 2926 2928
2928 2929 2927
2929 2928 2930
2929 2930 2931
2932 2933 2934
2934 2935 2932
2934 2936 2935
2936 2934 2937
2937 2938 2936
2938 2937 2939
2939 2940 2938
2940 2939 2941
2940 2941 2942
2943 2942 2941
2943 2944 2942
2945 2944 2943
2942 2944 2946
2944 2947 2946
2944 2945 2947
2948 2947 2945
2948 2949 2947
2949 2946 2947
2950 2946 2949
2951 2946 2950
2942 2946 2951
2951 2950 2952
2951 2952 2953
2954 2951 2953
2955 2951 2954
2956 2942 2951
2955 2956 2951
2957 2958 2959
2960 2957 2959
2957 2960 2961
2962 2961 2960
2961 2962 2963
2964 2963 2962
2963 2964 2965
2966 2965 2964
2965 2966 2967
2968 2967 2966
2967 2968 2969
2970 2969 2968
2969 2970 2971
2972 2971 2970
2971 2972 2973
2974 2973 2972
2973 2974 2975
2974 2976 2975
2976 2974 2977
2977 2978 2976
2978 2977 2979
2980 2978 2979
2978 2980 2981
2982 2981 2980
2983 2984 2985
2985 2986 2983
2986 2985 2987
2984 2988 2985
2989 2988 2984
2988 2989 2990
2991 2990 2989
2990 2991 2992
2993 2992 2991
2993 2994 2992
2993 2995 2994
2994 2996 2992
2997 2998 2999
2998 2997 3000
3001 2999 2998
2999 3001 3002
3003 3002 3001
2997 3004 3000
3004 2997 3005
3002 3003 3006
3007 3006 3003
3004 3005 3008
3005 3009 3008
3009 3010 3008
3011 3012 3013
3012 3014 3013
3014 3012 3015
3016 3014 3015
3014 3016 3017
3017 3016 3018
3016 3019 3018
3016 3020 3019
3021 3022 3023
3022 3024 3023
3022 3025 3024
3025 3022 3026
3022 3027 3026
3027 3028 3026
3028 3027 3029
3028 3029 3030
3030 3029 3031
3030 3031 3032
3032 3031 3033
3034 3032 3033
3034 3035 3032
3035 3034 3036
3036 3037 3035
3037 3036 3038
3037 3038 3039
3040 3041 3042
3041 3040 3043
3042 3044 3040
3043 3045 3041
3045 3043 3046
3046 3047 3045
3047 3046 3048
3048 3049 3047
3049 3048 3050
3050 3051 3049
3051 3050 3052
3053 3051 3052
3054 3051 3053
3055 3056 3057
3056 3055 3058
3057 3059 3055
3059 3057 3060
3059 3060 3061
3062 3063 3064
3063 3062 3065
3064 3066 3062
3066 3064 3067
3068 3069 3070
3069 3068 3071
3072 3069 3071
3068 3070 3073
3073 3070 3074
3074 3075 3073
3075 3074 3076
3076 3077 3075
3077 3076 3078
3078 3079 3077
3079 3078 3080
3080 3081 3079
3082 3077 3079
3082 3079 3083
3083 3079 3084
3084 3079 3085
3085 3079 3086
3079 3087 3086
3079 3081 3087
3086 3087 3088
3089 3088 3087
3089 3087 3081
3088 3089 3090
3089 3091 3090
3091 3089 3092
3093 3091 3092
3081 3094 3089
3089 3094 3095
3094 3096 3095
3095 3096 3097
3096 3098 3097
3097 3098 3099
3097 3099 3100
3101 3102 3103
3102 3101 3104
3104 3105 3102
3105 3104 3106
3107 3108 3109
3108 3110 3109
3110 3108 3111
3111 3112 3110
3112 3111 3113
3113 3114 3112
3114 3113 3115
3115 3116 3114
3116 3115 3117
3117 3118 3116
3118 3117 3119
3119 3120 3118
3119 3121 3120
3122 3121 3119
3123 3120 3121
3121 3124 3123
3124 3125 3123
3124 3126 3125
3126 3127 3125
3127 3126 3128
3128 3129 3127
3129 3128 3130
3130 3131 3129
3131 3130 3132
3132 3133 3131
3133 3132 3134
3134 3135 3133
3136 3137 3138
3137 3136 3139
3138 3140 3136
3136 3140 3141
3141 3140 3142
3141 3142 3143
3143 3142 3144
3143 3144 3145
3145 3146 3143
3145 3147 3146
3146 3147 3148
3148 3147 3149
3150 3148 3149
3149 3151 3150
3152 3151 3149
3151 3152 3153
3154 3153 3152
3153 3154 3155
3154 3156 3155
3156 3154 3157
3157 3158 3156
3157 3159 3158
3160 3161 3162
3161 3160 3163
3163 3164 3161
3164 3163 3165
3165 3166 3164
3166 3165 3167
3166 3167 3168
3168 3167 3169
3170 3168 3169
3168 3170 3171
3172 3171 3170
3171 3172 3173
3174 3173 3172
3173 3174 3175
3176 3175 3174
3175 3176 3177
3169 3167 3178
3179 3177 3176
3177 3179 3180
3181 3180 3179
3182 3183 3184
3185 3184 3183
3186 3182 3184
3186 3187 3182
3187 3186 3188
3189 3187 3188
3190 3185 3183
3190 3191 3185
3191 3192 3185
3191 3193 3192
3193 3194 3192
3195 3194 3193
3195 3196 3194
3197 3196 3195
3196 3197 3198
3197 3199 3198
3199 3197 3200
3200 3201 3199
3201 3200 3202
3202 3203 3201
3203 3202 3204
3205 3203 3204
3203 3205 3206
3207 3206 3205
3206 3207 3208
3207 3209 3208
3209 3207 3210
3211 3212 3213
3212 3211 3214
3215 3214 3211
3214 3215 3216
3215 3217 3216
3217 3215 3218
3219 3213 3212
3213 3219 3220
3221 3220 3219
3220 3221 3222
3160 3222 3221
3222 3160 3162
3223 3224 3225
3224 3223 3226
3227 3226 3223
3227 3228 3226
3227 3229 3228
3230 3229 3227
3225 3224 3231
3231 3139 3225
3139 3231 3232
3233 3139 3232
3234 3139 3233
3233 3235 3234
3235 3233 3236
3236 3237 3235
3237 3236 3238
3139 3234 3137
3239 3230 3227
3230 3239 3240
3239 3241 3240
3242 3240 3241
3243 3242 3241
3244 3242 3243
3243 3241 3245
3241 3246 3245
3247 3248 3249
3248 3247 3250
3251 3250 3247
3252 3249 3248
3249 3252 3253
3254 3253 3252
3253 3254 3255
3256 3257 3258
3257 3256 3259
3257 3260 3258
3260 3257 3261
3261 3262 3260
3263 3259 3256
3259 3263 3264
3265 3264 3263
3264 3265 3266
3267 3268 3269
3268 3267 3270
3269 3271 3267
3271 3269 3272
3272 3273 3271
3273 3272 3274
3274 3275 3273
3275 3274 3276
3276 3277 3275
3277 3276 3278
3278 3279 3277
3279 3278 3280
3280 3281 3279
3281 3280 3282
3282 3283 3281
3284 3285 3286
3285 3284 3287
3288 3289 3290
3289 3288 3291
3289 3292 3290
3292 3289 3293
3294 3295 3296
3295 3294 3297
3296 3298 3294
3298 3296 3299
3300 3298 3299
3297 3301 3295
3301 3297 3302
3302 3303 3301
3303 3302 3304
3304 3305 3303
3305 3304 3306
3306 3307 3305
3307 3306 3308
3308 3309 3307
3309 3308 3310
3310 3311 3309
3311 3310 3312
3312 3313 3311
3313 3312 3314
3315 3313 3314
3313 3315 3316
3315 3317 3316
3318 3317 3315
3317 3318 3319
3320 3319 3318
3319 3320 3321
3322 3321 3320
3321 3322 3323
3322 3324 3323
3325 3326 3327
3326 3325 3328
3329 3328 3325
3330 3327 3326
3327 3330 3331
3331 3330 3332
3332 3333 3331
3332 3334 3333
3334 3332 3335
3336 3335 3332
3336 3337 3335
3337 3336 3338
3337 3338 3339
3338 3340 3339
3339 3340 3341
3340 3342 3341
3343 3344 3345
3346 3343 3345
3346 3345 3347
3347 3348 3346
3348 3347 3349
3349 3350 3348
3350 3349 3351
3351 3352 3350
3352 3351 3353
3354 3352 3353
3352 3354 3355
3356 3355 3354
3355 3356 3357
3358 3357 3356
3357 3358 3359
3358 3360 3359
3360 3358 3361
3361 3362 3360
3362 3361 3363
3363 3364 3362
3364 3363 3365
3364 3365 3366
3367 3368 3344
3344 3368 3369
3368 3370 3369
3371 3369 3370
3343 3367 3344
3372 3373 3374
3374 3375 3372
3375 3374 3376
3376 3377 3375
3377 3376 3378
3379 3377 3378
3379 3378 3380
3381 3379 3380
3382 3379 3381
3382 3381 3383
3382 3383 3384
3385 3382 3384
3386 3382 3385
3387 3382 3386
3388 3382 3387
3388 3389 3382
3389 3388 3390
3388 3391 3390
3390 3391 3392
3391 3393 3392
3392 3393 3394
3395 3394 3393
3395 3396 3394
3395 3397 3396
3396 3397 3398
3397 3399 3398
3399 3397 3400
3400 3401 3399
3401 3400 3402
3402 3403 3401
3403 3402 3404
3405 3406 3407
3406 3408 3407
3408 3406 3409
3409 3410 3408
3410 3409 3411
3411 3412 3410
3412 3411 3413
3414 3415 3416
3415 3414 3417
3415 3417 3418
3419 3415 3418
3420 3419 3418
3417 3421 3418
3420 3422 3419
3423 3422 3420
3424 3422 3423
3425 3424 3423
3426 3424 3425
3424 3426 3427
3428 3427 3426
3427 3428 3429
3430 3429 3428
3431 3432 3416
3432 3431 3433
3414 3416 3432
3434 3435 3436
3435 3434 3437
3438 3437 3434
3437 3438 3439
3440 3439 3438
3439 3440 3441
3442 3441 3440
3441 3442 3443
3444 3443 3442
3443 3444 3445
3446 3436 3435
3446 3447 3436
3448 3447 3446
3449 3447 3448
3450 3449 3448
3444 3451 3445
3452 3453 3454
3453 3452 3455
3456 3077 3082
3456 3075 3077
3075 3456 3457
3457 3073 3075
3073 3457 3458
3068 3073 3458
3459 3460 3461
3460 3459 3462
3463 3461 3460
3461 3463 3464
3463 3465 3464
3465 3463 3466
3466 3467 3465
3467 3466 3468
3468 3469 3467
3469 3468 3470
3471 3469 3470
3469 3471 3472
3473 3472 3471
3474 3475 3476
3475 3474 3477
3478 3476 3475
3476 3478 3479
3480 3479 3478
3479 3480 3481
3482 3477 3474
3474 3483 3482
3483 3484 3482
3484 3483 3485
3484 3485 3486
3486 3485 3487
3488 3477 3482
3489 3486 3487
3490 3489 3487
3490 3487 3491
3492 3490 3491
3493 3492 3491
3494 3492 3493
3482 3495 3488
3495 3482 3496
3497 3495 3496
3493 3498 3494
3499 3497 3496
3499 3496 3500
3501 3499 3500
3502 3503 3504
3502 3504 3505
3506 3502 3505
3507 3508 3509
3509 3510 3507
3510 3509 3511
3512 3510 3511
3510 3512 3513
3514 3513 3512
3513 3514 3515
3512 3511 3516
3512 3516 3517
3516 3481 3517
3514 3518 3515
3518 3514 3519
3481 3480 3517
3518 3519 3520
3521 3518 3520
3520 3522 3521
3522 3523 3521
3523 3522 3524
3522 3525 3524
3522 3526 3525
3525 3526 3527
3528 3527 3526
3528 3526 3529
3528 3529 3530
3530 3531 3528
3532 3531 3530
3533 3527 3528
3533 3534 3527
3533 3535 3534
3535 3536 3534
3537 3536 3535
3536 3537 3538
3537 3539 3538
3540 3541 3542
3541 3540 3543
3544 3541 3543
3541 3544 3545
3546 3545 3544
3545 3546 3547
3548 3547 3546
3547 3548 3549
3548 3550 3549
3551 3549 3550
3551 3550 3552
3553 3551 3552
3550 3554 3552
3552 3554 3555
3552 3555 3553
3556 3553 3555
3556 3555 3557
3557 3555 3554
3558 3557 3554
3559 3558 3554
3550 3559 3554
3559 3560 3558
3559 3561 3560
3562 3561 3559
3563 3562 3559
3564 3559 3550
3563 3559 3564
3565 2959 2958
3565 3566 2959
3566 3565 3567
3567 3568 3566
3568 3567 3569
3569 3570 3568
3570 3569 3571
3571 3572 3570
3572 3571 3573
3573 3574 3572
3574 3573 3575
3575 3576 3574
3576 3575 3577
3577 3578 3576
3578 3577 3579
3579 3580 3578
3580 3579 3581
3582 3580 3581
3580 3582 3583
3584 3583 3582
3583 3584 3585
3584 3586 3585
3586 3584 3587
3588 3586 3587
3589 3590 3591
3592 3590 3589
3590 3592 3593
3591 3590 3594
3594 3595 3591
3595 3594 3596
3596 3597 3595
3597 3596 3598
3599 3597 3598
3599 3598 3600
3599 3600 3601
3600 3598 3602
3603 3604 3605
3604 3603 3606
3605 3607 3603
3607 3605 3608
3609 3607 3608
3610 3604 3606
3604 3610 3611
3608 3612 3609
3613 3609 3612
3610 3614 3611
3611 3614 3615
3615 3614 3616
3617 3618 3619
3620 3619 3618
3619 3620 3621
3620 3622 3621
3622 3620 3623
3623 3624 3622
3622 3624 3625
3622 3625 3626
3627 3628 3629
3629 3628 3630
3629 3630 3631
3631 3632 3629
3629 3632 3633
3633 3632 3634
3634 3635 3633
3634 3636 3635
3636 3637 3635
3636 3638 3637
3638 3639 3637
3640 3639 3638
3641 3640 3638
3640 3641 3642
3643 3642 3641
3642 3643 3644
3643 3645 3644
3646 3647 3648
3647 3646 3649
3649 3646 3650
3651 3648 3647
3648 3651 3652
3653 3652 3651
3652 3653 3654
3655 3654 3653
3654 3655 3656
3657 3656 3655
3656 3657 3658
3659 3658 3657
3660 3659 3657
3661 3662 3663
3662 3661 3664
3665 3663 3662
3663 3665 3666
3665 3667 3666
3668 3669 3670
3669 3668 3671
3672 3670 3669
3670 3672 3673
3674 3675 3676
3675 3674 3677
3678 3677 3674
3675 3679 3676
3679 3680 3676
3681 3680 3679
3680 3681 3682
3683 3682 3681
3682 3683 3684
3685 3684 3683
3684 3685 3686
3686 3685 3687
3688 3685 3683
3688 3689 3685
3689 3690 3685
3690 3691 3685
3691 3692 3685
3685 3692 3693
3685 3693 3687
3692 3694 3693
3695 3693 3694
3695 3687 3693
3694 3696 3695
3697 3695 3696
3695 3697 3698
3699 3698 3697
3687 3695 3700
3695 3701 3700
3700 3701 3702
3701 3703 3702
3702 3703 3704
3703 3705 3704
3703 3706 3705
3707 3708 3709
3708 3707 3710
3711 3710 3707
3710 3711 3712
3713 3714 3715
3716 3715 3714
3715 3716 3717
3718 3717 3716
3717 3718 3719
3720 3719 3718
3719 3720 3721
3722 3721 3720
3721 3722 3723
3724 3723 3722
3723 3724 3725
3725 3724 3726
3725 3726 3727
3728 3725 3727
3729 3727 3726
3727 3729 3730
3730 3729 3731
3730 3731 3732
3733 3732 3731
3732 3733 3734
3735 3734 3733
3734 3735 3736
3737 3736 3735
3736 3737 3738
3739 3738 3737
3738 3739 3740
3740 3739 3741
3742 3743 3744
3743 3742 3745
3745 3742 3746
3742 3747 3746
3747 3748 3746
3747 3749 3748
3749 3750 3748
3749 3751 3750
3751 3749 3752
3751 3752 3753
3752 3754 3753
3754 3755 3753
3756 3755 3754
3755 3756 3757
3757 3758 3755
3758 3757 3759
3759 3760 3758
3760 3759 3761
3762 3760 3761
3760 3762 3763
3763 3762 3764
3763 3764 3765
3766 3767 3768
3767 3766 3769
3770 3768 3767
3768 3770 3771
3772 3771 3770
3771 3772 3773
3772 3774 3773
3774 3775 3773
3774 3776 3775
3776 3774 3777
3777 3778 3776
3778 3777 3779
3779 3780 3778
3780 3779 3781
3781 3782 3780
3782 3781 3783
3775 3784 3773
3783 3785 3782
3785 3783 3786
3787 3785 3786
3788 3789 3790
3791 3788 3790
3788 3791 3792
3793 3792 3791
3789 3794 3790
3794 3789 3795
3796 3794 3795
3796 3795 3797
3795 3798 3797
3797 3798 3799
3798 3800 3799
3801 3799 3800
3801 3800 3802
3802 3803 3801
3803 3802 3804
3805 3803 3804
3803 3805 3806
3807 3806 3805
3806 3807 3808
3809 3808 3807
3808 3809 3810
3809 3811 3810
3811 3809 3812
3812 3813 3811
3813 3812 3814
3815 3813 3814
3813 3815 3816
3817 3818 3819
3818 3817 3820
3819 3821 3817
3821 3819 3822
3823 3821 3822
3821 3823 3824
3820 3825 3818
3825 3820 3826
3826 3827 3825
3827 3826 3828
3828 3766 3827
3766 3828 3769
3829 3830 3831
3831 3832 3829
3833 3829 3832
3833 3832 3834
3833 3834 3835
3830 3836 3831
3744 3836 3830
3836 3744 3837
3838 3837 3744
3839 3838 3744
3840 3838 3839
3838 3840 3841
3842 3841 3840
3841 3842 3843
3744 3743 3839
3833 3835 3844
3845 3833 3844
3844 3846 3845
3846 3847 3845
3847 3846 3848
3849 3847 3848
3850 3849 3848
3849 3851 3847
3847 3851 3852
3853 3854 3855
3854 3853 3856
3857 3854 3856
3855 3858 3853
3858 3855 3859
3859 3860 3858
3860 3859 3861
3862 3863 3864
3863 3862 3865
3866 3862 3864
3862 3866 3867
3867 3866 3868
3865 3869 3863
3869 3865 3870
3870 3871 3869
3871 3870 3872
3873 3874 3875
3874 3873 3876
3877 3876 3873
3876 3877 3878
3879 3878 3877
3878 3879 3880
3881 3880 3879
3880 3881 3882
3883 3882 3881
3882 3883 3884
3885 3884 3883
3884 3885 3886
3887 3886 3885
3886 3887 3888
3888 3887 3889
3890 3891 3892
3891 3890 3893
3894 3895 3896
3895 3894 3897
3898 3894 3896
3894 3898 3899
3900 3901 3902
3901 3900 3903
3904 3902 3901
3902 3904 3905
3906 3905 3904
3907 3903 3900
3903 3907 3908
3909 3908 3907
3908 3909 3910
3911 3910 3909
3910 3911 3912
3913 3912 3911
3912 3913 3914
3915 3914 3913
3914 3915 3916
3917 3916 3915
3916 3917 3918
3919 3918 3917
3918 3919 3920
3919 3921 3920
3921 3919 3922
3921 3922 3923
3923 3924 3921
3924 3923 3925
3925 3926 3924
3926 3925 3927
3927 3928 3926
3928 3927 3929
3928 3929 3930
3931 3932 3933
3932 3931 3934
3935 3931 3933
3934 3936 3932
3936 3934 3937
3937 3938 3936
3938 3937 3939
3938 3939 3940
3940 3941 3938
3942 3938 3941
3942 3941 3943
3943 3944 3942
3943 3945 3944
3945 3946 3944
3945 3947 3946
3947 3948 3946
3949 3950 3951
3951 3950 3952
3950 3953 3952
3952 3953 3954
3955 3954 3953
3949 3956 3950
3957 3956 3949
3957 3958 3956
3959 3958 3957
3958 3959 3960
3961 3960 3959
3960 3961 3962
3963 3962 3961
3962 3963 3964
3963 3965 3964
3965 3963 3966
3966 3967 3965
3967 3966 3968
3968 3969 3967
3969 3968 3970
3971 3969 3970
3969 3971 3972
3973 3972 3971
3972 3973 3974
3975 3974 3973
3974 3975 3976
3975 3977 3976
3978 3979 3980
3981 3979 3978
3979 3981 3982
3983 3982 3981
3982 3983 3984
3985 3984 3983
3985 3986 3984
3987 3986 3985
3988 3987 3985
3988 3989 3987
3988 3990 3989
3991 3990 3988
3992 3991 3988
3993 3992 3988
3994 3993 3988
3994 3988 3995
3995 3996 3994
3994 3996 3997
3996 3998 3997
3997 3998 3999
3998 4000 3999
4001 3999 4000
4001 4000 4002
4001 4002 4003
4002 4004 4003
4005 4003 4004
4003 4005 4006
4007 4006 4005
4006 4007 4008
4009 4008 4007
4008 4009 4010
4011 4012 4013
4014 4013 4012
4013 4014 4015
4016 4015 4014
4015 4016 4017
4018 4017 4016
4017 4018 4019
4020 4021 4022
4022 4023 4020
4022 4024 4023
4025 4024 4022
4026 4024 4025
4023 4024 4027
4026 4025 4028
4029 4026 4028
4030 4029 4028
4031 4029 4030
4030 4032 4031
4032 4030 4033
4033 4034 4032
4034 4033 4035
4036 4034 4035
4037 4038 4021
4038 4037 4039
4020 4037 4021
4040 4041 4042
4041 4040 4043
4042 4044 4040
4044 4042 4045
4045 4046 4044
4046 4045 4047
4047 4048 4046
4048 4047 4049
4049 4050 4048
4050 4049 4051
4052 4041 4043
4052 4043 4053
4054 4052 4053
4055 4054 4053
4056 4054 4055
4050 4051 4057
4058 4059 4060
4059 4058 4061
4062 3688 3683
3681 4062 3683
4062 3681 4063
3679 4063 3681
4063 3679 4064
3675 4064 3679
4065 4066 4067
4066 4065 4068
4067 4069 4065
4069 4067 4070
4071 4069 4070
4069 4071 4072
4073 4072 4071
4072 4073 4074
4075 4074 4073
4074 4075 4076
4075 4077 4076
4077 4075 4078
4079 4077 4078
4080 4081 4082
4083 4081 4080
4081 4083 4084
4085 4084 4083
4084 4085 4086
4087 4086 4085
4086 4087 4088
4088 4089 4086
4089 4088 4090
4091 4090 4088
4091 4088 4087
4087 4092 4091
4093 4091 4092
4094 4093 4092
4094 4095 4093
4096 4095 4094
4096 4094 4097
4098 4095 4096
4095 4098 4099
4100 4095 4099
4095 4100 4093
4091 4093 4100
4099 4101 4100
4099 4098 4101
4098 4102 4101
4098 4103 4102
4096 4103 4098
4102 4103 4104
4104 4105 4102
4104 4106 4105
4104 4107 4106
4107 4108 4097
4104 4103 4108
4104 4108 4107
4103 4096 4108
4097 4108 4096
4107 4097 4109
4094 4109 4097
4110 4105 4106
4110 4106 4107
4111 4105 4110
4112 4111 4110
4111 4112 4113
4114 4112 4110
4114 4110 4107
4115 4114 4107
4114 4116 4112
4112 4116 4113
4117 4113 4116
4116 4114 4118
4118 4119 4116
4116 4119 4117
4119 4118 4120
4121 4120 4118
4120 4121 4122
4120 4123 4119
4123 4120 4124
4120 4122 4124
4123 4124 4125
4124 4126 4125
4124 4122 4126
4127 4114 4115
4127 4118 4114
4127 4121 4118
4113 4117 4128
4129 4128 4117
4119 4123 4129
4129 4117 4119
4128 4129 4130
4131 4130 4129
4131 4129 4123
4130 4131 4132
4133 4125 4126
4133 4126 4134
4134 4135 4133
4136 4135 4134
4136 4137 4135
4138 4137 4136
4138 4139 4137
4137 4139 4135
4139 4138 4140
4140 4141 4139
4141 4140 4142
4143 4142 4140
4142 4143 4144
4145 4144 4143
4144 4145 4146
4147 4146 4145
4146 4147 4148
4149 4148 4147
4148 4149 4150
4151 4150 4149
4152 4139 4141
4139 4152 4153
4154 4153 4152
4153 4154 4155
4156 4155 4154
4155 4156 4157
4158 4157 4156
4157 4158 4159
4160 4159 4158
4156 4160 4158
4159 4160 4161
4150 4151 4162
4162 4151 4163
4163 4151 4164
4151 4149 4164
4165 4161 4160
4160 4156 4165
4161 4165 4166
4155 4133 4153
4153 4133 4135
4153 4135 4139
4155 4125 4133
4157 4125 4155
4123 4125 4157
4157 4159 4123
4165 4167 4166
4167 4165 4168
4169 4167 4168
4167 4169 4170
4170 4166 4167
4166 4170 4161
4132 4170 4169
4170 4132 4131
4161 4170 4131
4161 4131 4159
4159 4131 4123
4168 4165 4156
4171 4169 4168
4172 4171 4168
4172 4168 4154
4154 4168 4156
4152 4172 4154
4173 4169 4171
4169 4173 4132
4171 4174 4173
4174 4175 4173
4176 4173 4175
4173 4176 4177
4178 4177 4176
4178 4179 4177
4179 4180 4177
4180 4179 4181
4182 4180 4181
4180 4182 4183
4182 4184 4183
4184 4182 4185
4185 4186 4184
4180 4130 4177
4130 4173 4177
4130 4180 4128
4183 4128 4180
4173 4130 4132
4187 4128 4188
4187 4113 4128
4187 4111 4113
4111 4187 4189
4190 4111 4189
4111 4190 4105
4191 4105 4190
4105 4191 4102
4192 4102 4191
4102 4192 4101
4100 4101 4192
4193 4100 4192
4193 4091 4100
4090 4091 4193
4086 4194 4084
4194 4086 4089
4195 4084 4194
4084 4195 4081
4195 4082 4081
4082 4195 4196
4197 4082 4196
4080 4082 4197
4198 4149 4147
4149 4198 4164
4147 4199 4198
4199 4147 4145
4143 4199 4145
4199 4143 4200
4140 4200 4143
4200 4140 4138
4201 4202 4203
4202 4204 4203
4205 4203 4204
4203 4205 4206
4201 4203 4206
4206 4207 4201
4207 4206 4208
4205 4208 4206
4208 4209 4207
4209 4208 4210
4210 4211 4209
4211 4210 4212
4213 4212 4210
4212 4213 4214
4214 4215 4212
4211 4212 4215
4211 4215 4216
4217 4216 4215
4216 4217 4218
4218 4217 4219
4220 4218 4219
4220 4221 4218
4219 4222 4220
4222 4219 4223
4224 4219 4217
4219 4224 4223
4215 4224 4217
4223 4224 4225
4223 4225 4222
4222 4225 4226
4222 4226 4227
4227 4220 4222
4226 4228 4227
4228 4226 4229
4228 4229 4230
4228 4230 4231
4221 4232 4231
4228 4232 4227
4228 4231 4232
4220 4227 4232
4221 4220 4232
4233 4230 4229
4233 4231 4230
4234 4233 4229
4235 4233 4234
4234 4236 4235
4237 4233 4235
4237 4231 4233
4238 4237 4235
4235 4236 4238
4239 4238 4236
4237 4238 4240
4241 4240 4238
4238 4239 4241
4240 4241 4242
4243 4240 4242
4242 4244 4243
4245 4242 4241
4242 4245 4246
4242 4246 4244
4245 4247 4246
4246 4247 4248
4246 4248 4244
4249 4237 4240
4249 4240 4243
4236 4250 4239
4251 4239 4250
4239 4251 4252
4241 4252 4245
4252 4241 4239
4251 4253 4252
4253 4245 4252
4253 4251 4254
4255 4248 4247
4255 4256 4248
4256 4255 4257
4258 4256 4257
4258 4257 4259
4260 4258 4259
4261 4260 4259
4259 4257 4261
4260 4261 4262
4263 4262 4261
4262 4263 4264
4264 4265 4262
4265 4264 4266
4266 4267 4265
4267 4266 4268
4268 4269 4267
4269 4268 4270
4270 4271 4269
4271 4270 4272
4273 4271 4272
4261 4274 4263
4274 4261 4275
4275 4276 4274
4276 4275 4277
4277 4278 4276
4278 4277 4279
4279 4280 4278
4280 4279 4281
4281 4282 4280
4282 4278 4280
4282 4281 4283
4272 4284 4273
4284 4285 4273
4285 4286 4273
4273 4286 4271
4283 4287 4282
4278 4282 4287
4287 4283 4288
4277 4275 4255
4275 4257 4255
4275 4261 4257
4277 4255 4247
4279 4277 4247
4245 4279 4247
4279 4245 4281
4289 4287 4288
4287 4289 4290
4289 4291 4290
4291 4289 4292
4292 4289 4288
4288 4283 4292
4292 4254 4291
4254 4292 4253
4283 4253 4292
4283 4281 4253
4281 4245 4253
4290 4278 4287
4293 4290 4291
4294 4290 4293
4294 4276 4290
4276 4278 4290
4274 4276 4294
4295 4293 4291
4291 4254 4295
4293 4295 4296
4296 4295 4297
4298 4297 4295
4295 4299 4298
4300 4298 4299
4300 4299 4301
4302 4301 4299
4301 4302 4303
4302 4304 4303
4304 4302 4305
4306 4304 4305
4304 4306 4307
4307 4306 4308
4251 4302 4299
4295 4251 4299
4302 4251 4250
4305 4302 4250
4251 4295 4254
4309 4310 4250
4309 4250 4236
4234 4309 4236
4309 4234 4311
4234 4312 4311
4312 4234 4229
4229 4313 4312
4313 4229 4226
4226 4314 4313
4314 4226 4225
4314 4225 4224
4315 4314 4224
4315 4224 4215
4215 4214 4315
4316 4231 4317
4231 4316 4318
4316 4317 4249
4317 4237 4249
4231 4237 4317
4318 4221 4231
4218 4221 4318
4318 4319 4218
4319 4320 4218
4320 4216 4218
4320 4211 4216
4210 4321 4213
4321 4210 4208
4208 4205 4321
4271 4322 4269
4322 4271 4286
4323 4269 4322
4269 4323 4267
4323 4265 4267
4265 4323 4324
4324 4262 4265
4262 4324 4260
4109 4325 4107
4325 4115 4107
4325 4127 4115
4094 4326 4109
4326 4094 4327
4094 4092 4327
4087 4327 4092
4148 4328 4329
4329 4146 4148
4146 4329 4330
4330 4144 4146
4144 4330 4331
4148 4150 4328
4332 4144 4331
4331 4333 4332
4332 4333 4334
4334 4335 4332
4335 4334 4336
4144 4332 4142
4142 4332 4335
4142 4335 4141
4141 4335 4337
4335 4336 4337
4337 4336 4338
4141 4337 4339
4141 4339 4152
4339 4172 4152
4340 4172 4339
4340 4341 4172
4172 4341 4342
4172 4342 4171
4343 4171 4342
4171 4343 4174
4343 4344 4174
4345 4344 4343
4345 4343 4346
4342 4341 4346
4343 4342 4346
4341 4347 4346
4347 4345 4346
4348 4347 4341
4341 4340 4348
4348 4340 4349
4350 4349 4340
4349 4350 4351
4351 4352 4349
4352 4351 4353
4354 4349 4352
4349 4354 4348
4355 4354 4352
4353 4355 4352
4350 4340 4356
4339 4356 4340
4338 4350 4356
4339 4337 4356
4337 4338 4356
4357 4358 4359
4358 4360 4359
4360 4358 4361
4360 4361 4362
4270 4363 4364
4268 4363 4270
4363 4268 4365
4266 4365 4268
4365 4266 4366
4270 4364 4272
4266 4367 4366
4366 4367 4368
4367 4369 4368
4369 4367 4370
4370 4371 4369
4367 4266 4264
4264 4370 4367
4264 4263 4370
4263 4372 4370
4370 4372 4371
4372 4373 4371
4263 4374 4372
4263 4274 4374
4374 4274 4294
4375 4374 4294
4375 4294 4376
4294 4377 4376
4294 4293 4377
4293 4378 4377
4378 4293 4296
4378 4296 4379
4380 4378 4379
4380 4381 4378
4377 4381 4376
4378 4381 4377
4376 4381 4382
4382 4381 4380
4383 4376 4382
4376 4383 4375
4383 4384 4375
4384 4385 4375
4385 4384 4386
4387 4386 4384
4386 4387 4388
4389 4384 4383
4384 4389 4387
4390 4387 4389
4388 4387 4390
4385 4391 4375
4374 4375 4391
4373 4391 4385
4374 4391 4372
4372 4391 4373
4392 4393 4394
4395 4396 4397
4398 4399 4400
4400 4401 4398
4401 4400 4402
4402 4403 4401
4403 4402 4404
4404 4405 4403
4405 4404 4406
4407 4406 4404
4406 4407 4408
4408 4409 4406
4409 4405 4406
4405 4409 4410
4411 4410 4409
4412 4410 4411
4412 4411 4413
4414 4412 4413
4414 4415 4412
4413 4416 4414
4416 4413 4417
4418 4413 4411
4413 4418 4417
4409 4418 4411
4417 4418 4419
4417 4419 4416
4416 4419 4420
4416 4420 4421
4421 4414 4416
4420 4422 4421
4422 4420 4423
4422 4423 4424
4422 4424 4425
4425 4415 4426
4422 4426 4421
4422 4425 4426
4414 4421 4426
4415 4414 4426
4425 4427 4415
4412 4415 4427
4428 4424 4423
4428 4425 4424
4429 4428 4423
4430 4428 4429
4429 4431 4430
4432 4428 4430
4432 4425 4428
4433 4425 4432
4434 4432 4430
4430 4431 4434
4435 4434 4431
4432 4434 4436
4437 4436 4434
4434 4435 4437
4436 4437 4438
4439 4436 4438
4438 4440 4439
4441 4438 4437
4438 4441 4442
4438 4442 4440
4441 4443 4442
4442 4443 4444
4442 4444 4440
4445 4433 4432
4445 4432 4436
4445 4436 4439
4431 4446 4435
4446 4447 4435
4437 4447 4441
4447 4437 4435
4447 4446 4448
4448 4449 4447
4449 4441 4447
4449 4448 4450
4451 4444 4443
4451 4452 4444
4452 4451 4453
4454 4452 4453
4454 4453 4455
4456 4454 4455
4457 4456 4455
4455 4453 4457
4456 4457 4458
4459 4458 4457
4458 4459 4460
4460 4461 4458
4461 4460 4462
4462 4463 4461
4463 4462 4464
4464 4465 4463
4465 4464 4466
4466 4467 4465
4467 4466 4468
4469 4467 4468
4457 4470 4459
4470 4457 4471
4471 4472 4470
4472 4471 4473
4473 4474 4472
4474 4473 4475
4475 4476 4474
4476 4475 4477
4477 4478 4476
4478 4474 4476
4478 4477 4479
4468 4480 4469
4480 4481 4469
4481 4482 4469
4469 4482 4467
4479 4483 4478
4474 4478 4483
4483 4479 4484
4473 4471 4451
4471 4453 4451
4471 4457 4453
4473 4451 4443
4475 4473 4443
4441 4475 4443
4475 4441 4477
4485 4483 4484
4483 4485 4486
4485 4487 4486
4487 4485 4488
4488 4485 4484
4484 4479 4488
4488 4450 4487
4450 4488 4449
4479 4449 4488
4479 4477 4449
4477 4441 4449
4486 4474 4483
4489 4486 4487
4490 4486 4489
4490 4472 4486
4472 4474 4486
4470 4472 4490
4491 4489 4487
4487 4450 4491
4489 4491 4492
4492 4491 4493
4494 4493 4491
4491 4495 4494
4496 4494 4495
4496 4495 4497
4498 4497 4495
4497 4498 4499
4498 4500 4499
4500 4498 4501
4502 4500 4501
4500 4502 4503
4503 4502 4504
4448 4498 4495
4491 4448 4495
4498 4448 4446
4501 4498 4446
4448 4491 4450
4505 4506 4446
4505 4446 4431
4429 4505 4431
4505 4429 4507
4429 4508 4507
4508 4429 4423
4423 4509 4508
4509 4423 4420
4420 4510 4509
4510 4420 4419
4418 4510 4419
4511 4510 4418
4511 4418 4409
4409 4408 4511
4404 4512 4407
4512 4404 4402
4402 4513 4512
4513 4402 4400
4399 4513 4400
4513 4399 4514
4515 4514 4399
4398 4515 4399
4467 4516 4465
4516 4467 4482
4517 4465 4516
4465 4517 4463
4517 4461 4463
4461 4517 4518
4518 4458 4461
4458 4518 4456
4519 4520 4521
4521 4520 4522
4520 4523 4522
4523 4520 4524
4519 4524 4520
4525 4524 4519
4524 4525 4526
4526 4523 4524
4527 4526 4525
4526 4527 4528
4529 4528 4527
4528 4529 4530
4530 4531 4528
4531 4530 4532
4533 4532 4530
4529 4533 4530
4529 4534 4533
4535 4533 4534
4534 4536 4535
4536 4537 4535
4538 4537 4536
4538 4536 4539
4540 4537 4538
4537 4540 4541
4542 4537 4541
4537 4542 4535
4533 4535 4542
4541 4543 4542
4541 4540 4543
4540 4544 4543
4540 4545 4544
4538 4545 4540
4544 4545 4546
4546 4547 4544
4546 4548 4547
4546 4549 4548
4539 4549 4550
4546 4545 4550
4546 4550 4549
4545 4538 4550
4539 4550 4538
4551 4547 4548
4551 4548 4549
4552 4547 4551
4553 4552 4551
4552 4553 4554
4555 4553 4551
4555 4551 4549
4555 4556 4553
4553 4556 4554
4557 4554 4556
4556 4555 4558
4558 4559 4556
4556 4559 4557
4559 4558 4560
4561 4560 4558
4560 4561 4562
4560 4563 4559
4563 4560 4564
4560 4562 4564
4563 4564 4565
4564 4566 4565
4564 4562 4566
4567 4558 4555
4567 4561 4558
4554 4557 4568
4557 4569 4568
4569 4557 4570
4559 4563 4570
4570 4557 4559
4571 4569 4570
4571 4570 4563
4569 4571 4572
4573 4565 4566
4573 4566 4574
4574 4575 4573
4576 4575 4574
4576 4577 4575
4578 4577 4576
4578 4579 4577
4577 4579 4575
4579 4578 4580
4580 4581 4579
4581 4580 4582
4583 4582 4580
4582 4583 4584
4585 4584 4583
4584 4585 4586
4587 4586 4585
4586 4587 4588
4589 4588 4587
4588 4589 4590
4591 4590 4589
4592 4579 4581
4579 4592 4593
4594 4593 4592
4593 4594 4595
4596 4595 4594
4595 4596 4597
4598 4597 4596
4597 4598 4599
4600 4599 4598
4596 4600 4598
4599 4600 4601
4590 4591 4602
4602 4591 4603
4603 4591 4604
4591 4589 4604
4605 4601 4600
4600 4596 4605
4601 4605 4606
4595 4573 4593
4593 4573 4575
4593 4575 4579
4595 4565 4573
4597 4565 4595
4563 4565 4597
4597 4599 4563
4605 4607 4606
4607 4605 4608
4609 4607 4608
4607 4609 4610
4610 4606 4607
4606 4610 4601
4572 4610 4609
4610 4572 4571
4601 4610 4571
4601 4571 4599
4599 4571 4563
4608 4605 4596
4611 4609 4608
4612 4611 4608
4612 4608 4594
4594 4608 4596
4592 4612 4594
4613 4609 4611
4609 4613 4572
4611 4614 4613
4614 4615 4613
4616 4613 4615
4613 4616 4617
4618 4617 4616
4618 4619 4617
4619 4620 4617
4620 4619 4621
4622 4620 4621
4620 4622 4623
4622 4624 4623
4624 4622 4625
4625 4626 4624
4620 4569 4617
4569 4613 4617
4569 4620 4568
4623 4568 4620
4613 4569 4572
4627 4568 4628
4627 4554 4568
4627 4552 4554
4552 4627 4629
4630 4552 4629
4552 4630 4547
4631 4547 4630
4547 4631 4544
4632 4544 4631
4544 4632 4543
4632 4542 4543
4633 4542 4632
4633 4533 4542
4532 4533 4633
4634 4635 4549
4549 4636 4634
4634 4567 4635
4635 4567 4555
4549 4635 4555
4636 4549 4539
4536 4636 4539
4636 4536 4637
4637 4536 4638
4638 4536 4534
4638 4534 4529
4528 4639 4526
4639 4528 4531
4523 4526 4639
4640 4589 4587
4589 4640 4604
4587 4641 4640
4641 4587 4585
4583 4641 4585
4641 4583 4642
4580 4642 4583
4642 4580 4578
4427 4425 4643
4643 4425 4433
4643 4433 4445
4412 4427 4644
4644 4645 4412
4412 4645 4410
4405 4410 4645
4466 4646 4647
4464 4646 4466
4646 4464 4648
4462 4648 4464
4648 4462 4649
4466 4647 4468
4462 4650 4649
4649 4650 4651
4650 4652 4651
4652 4650 4653
4653 4654 4652
4650 4462 4460
4460 4653 4650
4460 4459 4653
4459 4655 4653
4653 4655 4654
4655 4656 4654
4459 4657 4655
4459 4470 4657
4657 4470 4490
4658 4657 4490
4658 4490 4659
4490 4660 4659
4490 4489 4660
4489 4661 4660
4661 4489 4492
4661 4492 4662
4663 4661 4662
4663 4664 4661
4660 4664 4659
4661 4664 4660
4659 4664 4665
4665 4664 4663
4666 4659 4665
4659 4666 4658
4666 4667 4658
4667 4668 4658
4668 4667 4669
4670 4669 4667
4669 4670 4671
4672 4667 4666
4667 4672 4670
4673 4670 4672
4671 4670 4673
4668 4674 4658
4657 4658 4674
4656 4674 4668
4657 4674 4655
4655 4674 4656
4675 4676 4677
4678 4677 4676
4677 4678 4679
4678 4680 4679
4588 4681 4682
4682 4586 4588
4586 4682 4683
4683 4584 4586
4584 4683 4684
4588 4590 4681
4685 4584 4684
4684 4686 4685
4685 4686 4687
4687 4688 4685
4688 4687 4689
4584 4685 4582
4582 4685 4688
4582 4688 4581
4581 4688 4690
4688 4689 4690
4690 4689 4691
4581 4690 4692
4581 4692 4592
4692 4612 4592
4693 4612 4692
4693 4694 4612
4612 4694 4695
4612 4695 4611
4696 4611 4695
4611 4696 4614
4696 4697 4614
4698 4697 4696
4698 4696 4699
4695 4694 4699
4696 4695 4699
4694 4700 4699
4700 4698 4699
4701 4700 4694
4694 4693 4701
4701 4693 4702
4703 4702 4693
4702 4703 4704
4704 4705 4702
4705 4704 4706
4707 4702 4705
4702 4707 4701
4708 4707 4705
4706 4708 4705
4703 4693 4709
4692 4709 4693
4691 4703 4709
4692 4690 4709
4690 4691 4709
4710 4711 4712
4713 4714 4715
4716 4717 4718
4717 4716 4719
4720 4717 4719
4721 4720 4719
4720 4721 4722
4723 4722 4721
4722 4723 4724
4725 4723 4721
4723 4725 4726
4726 4725 4727
4725 4728 4727
4728 4725 4721
4719 4728 4721
4728 4729 4727
4728 4730 4729
4730 4728 4719
4716 4730 4719
4729 4730 4731
4730 4732 4731
4732 4733 4731
4732 4734 4733
4733 4734 4735
4733 4735 4736
4735 4737 4736
4737 4735 4738
4738 4739 4737
4739 4738 4740
4740 4741 4739
4741 4740 4742
4741 4742 4743
4744 4729 4731
4745 4731 4733
4744 4731 4745
4733 4736 4746
4745 4733 4746
4747 4736 4737
4736 4747 4748
4748 4746 4736
4749 4737 4739
4737 4749 4747
4750 4739 4741
4739 4750 4749
4750 4741 4743
4751 4745 4746
4745 4751 4752
4744 4745 4752
4753 4744 4752
4754 4744 4753
4744 4754 4755
4756 4755 4754
4756 4757 4755
4756 4726 4757
4757 4758 4755
4758 4744 4755
4759 4726 4756
4759 4760 4726
4760 4759 4761
4760 4761 4762
4761 4763 4762
4764 4762 4763
4762 4764 4765
4765 4764 4766
4767 4764 4763
4759 4767 4761
4767 4763 4761
4768 4764 4767
4764 4768 4766
4766 4768 4769
4766 4769 4770
4767 4771 4768
4768 4771 4772
4765 4773 4762
4773 4774 4762
4775 4773 4765
4774 4776 4762
4776 4774 4724
4777 4775 4765
4778 4777 4765
4778 4766 4770
4778 4765 4766
4779 4775 4777
4778 4780 4777
4780 4781 4777
4779 4777 4781
4772 4771 4782
4772 4783 4768
4782 4784 4772
4784 4782 4785
4786 4784 4785
4785 4787 4786
4787 4785 4788
4789 4788 4785
4790 4789 4785
4782 4790 4785
4791 4790 4782
4787 4788 4792
4792 4793 4787
4787 4793 4786
4793 4792 4794
4793 4794 4795
4795 4796 4793
4786 4793 4796
4795 4794 4797
4794 4798 4797
4794 4792 4798
4796 4795 4799
4795 4800 4799
4801 4799 4800
4799 4801 4802
4802 4803 4799
4803 4802 4804
4805 4803 4804
4801 4800 4806
4806 4800 4807
4800 4808 4807
4795 4797 4808
4808 4800 4795
4807 4808 4809
4809 4808 4797
4798 4809 4797
4809 4810 4807
4809 4811 4810
4810 4811 4812
4811 4813 4812
4814 4807 4810
4807 4814 4806
4815 4810 4812
4810 4815 4814
4812 4816 4815
4816 4812 4817
4817 4818 4816
4818 4817 4819
4817 4820 4819
4820 4821 4819
4821 4818 4819
4820 4817 4822
4812 4822 4817
4822 4812 4813
4811 4809 4823
4823 4809 4798
4824 4823 4798
4825 4811 4823
4751 4825 4823
4824 4751 4823
4826 4825 4751
4746 4826 4751
4826 4746 4827
4825 4826 4828
4828 4829 4825
4828 4830 4829
4830 4828 4831
4831 4832 4830
4832 4831 4833
4831 4834 4833
4834 4831 4835
4828 4835 4831
4835 4828 4836
4828 4826 4836
4826 4827 4836
4837 4825 4829
4811 4825 4837
4833 4838 4832
4838 4833 4839
4838 4839 4840
4839 4841 4840
4833 4841 4839
4841 4833 4834
4767 4842 4791
4767 4759 4842
4759 4756 4842
4767 4791 4771
4842 4790 4791
4790 4842 4754
4842 4756 4754
4790 4754 4789
4789 4754 4753
4753 4788 4789
4753 4752 4788
4788 4752 4824
4824 4792 4788
4792 4824 4798
4752 4751 4824
4791 4782 4771
4796 4843 4844
4799 4843 4796
4799 4845 4843
4845 4799 4803
4846 4845 4803
4845 4846 4847
4843 4845 4847
4847 4844 4843
4805 4846 4803
4796 4844 4786
4726 4727 4757
4758 4757 4727
4729 4758 4727
4729 4744 4758
4726 4760 4723
4760 4776 4723
4776 4760 4762
4776 4724 4723
4716 4718 4732
4732 4730 4716
4768 4783 4769
4848 4849 4850
4850 4851 4848
4852 4851 4850
4852 4853 4851
4853 4852 4854
4854 4855 4853
4855 4854 4856
4855 4857 4853
4857 4855 4858
4858 4859 4857
4857 4859 4860
4860 4853 4857
4851 4853 4860
4860 4859 4861
4860 4861 4862
4862 4851 4860
4848 4851 4862
4861 4863 4862
4862 4863 4864
4864 4863 4865
4864 4865 4866
4865 4867 4866
4865 4868 4867
4869 4867 4868
4867 4869 4870
4871 4870 4869
4870 4871 4872
4873 4872 4871
4872 4873 4874
4873 4875 4874
4876 4863 4861
4877 4865 4863
4876 4877 4863
4865 4878 4868
4877 4878 4865
4868 4879 4869
4879 4868 4880
4880 4868 4878
4869 4881 4871
4881 4869 4879
4871 4882 4873
4882 4871 4881
4882 4875 4873
4883 4878 4877
4877 4884 4883
4876 4884 4877
4885 4884 4876
4886 4885 4876
4876 4887 4886
4888 4886 4887
4888 4887 4889
4888 4889 4858
4889 4887 4890
4890 4887 4876
4891 4888 4858
4891 4858 4892
4892 4893 4891
4892 4894 4893
4893 4894 4895
4896 4895 4894
4894 4897 4896
4897 4898 4896
4899 4895 4896
4891 4893 4899
4899 4893 4895
4900 4899 4896
4896 4898 4900
4898 4901 4900
4898 4902 4901
4897 4894 4903
4903 4894 4904
4905 4897 4903
4904 4894 4906
4906 4894 4892
4906 4856 4904
4907 4897 4905
4908 4897 4907
4908 4902 4898
4908 4898 4897
4909 4907 4905
4908 4907 4910
4910 4907 4911
4909 4911 4907
4912 4899 4900
4912 4913 4899
4899 4913 4914
4915 4912 4900
4900 4916 4915
4917 4912 4915
4913 4912 4917
4913 4917 4918
4914 4913 4918
4918 4886 4914
4915 4919 4917
4919 4920 4917
4917 4920 4918
4920 4921 4918
4918 4921 4886
4921 4920 4922
4920 4923 4922
4923 4920 4919
4922 4924 4921
4922 4925 4924
4925 4922 4926
4922 4923 4926
4926 4927 4925
4926 4928 4927
4928 4926 4929
4929 4926 4923
4928 4930 4927
4927 4930 4931
4927 4931 4925
4885 4886 4921
4921 4924 4885
4885 4924 4884
4924 4925 4932
4932 4884 4924
4925 4931 4932
4932 4931 4933
4933 4931 4934
4931 4930 4934
4935 4933 4934
4934 4936 4935
4936 4937 4935
4934 4938 4936
4938 4934 4939
4928 4939 4930
4934 4930 4939
4940 4938 4939
4939 4928 4940
4935 4937 4941
4942 4938 4940
4943 4942 4940
4943 4940 4944
4944 4945 4943
4946 4945 4944
4945 4946 4947
4948 4947 4946
4938 4949 4936
4949 4938 4942
4936 4950 4937
4950 4936 4949
4951 4937 4950
4937 4951 4952
4953 4952 4951
4952 4953 4954
4955 4952 4954
4955 4954 4956
4956 4954 4953
4952 4955 4957
4948 4946 4958
4958 4946 4959
4959 4946 4944
4959 4960 4958
4957 4937 4952
4937 4957 4941
4960 4959 4961
4944 4961 4959
4929 4961 4944
4929 4962 4961
4961 4962 4960
4944 4928 4929
4928 4944 4940
4923 4962 4929
4883 4933 4963
4963 4933 4935
4964 4883 4963
4878 4883 4964
4964 4965 4878
4963 4966 4964
4935 4967 4963
4966 4963 4968
4967 4968 4963
4969 4966 4968
4966 4969 4970
4971 4970 4969
4970 4971 4972
4973 4970 4972
4970 4973 4974
4974 4966 4970
4966 4974 4975
4966 4975 4964
4964 4975 4965
4976 4972 4971
4972 4976 4977
4976 4978 4977
4977 4978 4979
4979 4972 4977
4972 4979 4973
4891 4914 4888
4899 4914 4891
4914 4886 4888
4858 4889 4859
4890 4859 4889
4861 4859 4890
4861 4890 4876
4858 4855 4892
4892 4855 4906
4906 4855 4856
4848 4864 4849
4864 4848 4862
4884 4932 4883
4932 4933 4883
4900 4901 4916
4980 4981 4982
4982 4983 4980
4984 4980 4983
4983 4985 4984
4986 4984 4985
4987 4984 4986
4982 4988 4983
4985 4983 4988
4988 4989 4985
4988 4982 4990
4990 4991 4988
4989 4988 4991
4990 4992 4991
4992 4993 4991
4992 4994 4993
4995 4993 4994
4994 4996 4995
4994 4997 4996
4997 4994 4998
4999 4997 4998
4997 4999 5000
5001 5000 4999
5000 5001 5002
4999 5003 5001
5003 4999 5004
5005 5004 4999
4994 5005 4998
5005 4994 4992
5005 4999 4998
4993 5006 4991
4995 5007 4993
5007 5008 4993
5008 5006 4993
5007 5009 5008
5009 5007 5010
5011 5009 5010
5009 5011 5012
5007 5013 5010
5013 5011 5010
5013 5007 4995
5011 5013 5014
5014 5015 5011
5015 5016 5011
5016 5012 5011
5015 5017 5016
5018 5016 5017
5012 5016 5018
5019 5018 5017
4991 5006 4989
5020 5021 5022
5023 5021 5020
5021 5023 5024
5025 5021 5024
5021 5025 5022
5024 5026 5025
5024 5023 5027
5028 5027 5023
5022 5029 5020
5030 5022 5025
5025 5031 5030
5031 5025 5026
5026 5032 5031
5033 5031 5032
5034 5031 5033
5031 5034 5030
5034 5033 5035
5035 5033 5036
5036 5037 5035
5037 5038 5035
5038 5034 5035
5038 5037 5039
5039 5040 5038
5040 5039 5041
5041 5042 5040
5042 5041 5043
5042 5044 5040
5044 5042 5045
5046 5038 5040
5034 5038 5046
5046 5040 5044
5033 5047 5036
5047 5033 5048
5049 5047 5048
5047 5049 5050
5051 5050 5049
5050 5051 5052
5053 5047 5050
5047 5053 5036
5054 5050 5052
5050 5054 5053
5054 5052 5055
5055 5052 5056
5051 5056 5052
5055 5056 5057
5058 5057 5056
5056 5051 5058
5059 5057 5058
5033 5032 5048
5060 966 957
956 5060 957
956 965 5060
966 5061 958
5061 971 958
1298 1324 1296
