byte offset: 0
first index: 0
index count: 19080
topology: trianglelist
format: DXGI_FORMAT_R16_UINT

0 1 2
2 1 3
2 3 4
5 4 3
4 5 6
4 7 2
6 7 4
7 6 8
6 5 9
8 6 10
6 9 10
11 2 7
11 12 2
0 2 12
12 11 13
11 14 13
14 11 15
15 11 7
15 16 14
16 15 17
7 18 15
15 18 17
7 8 18
17 18 19
16 17 20
21 18 8
18 21 19
8 10 21
10 22 21
23 22 10
9 23 10
24 22 23
22 24 25
26 25 24
25 26 27
28 25 27
25 28 29
29 19 21
22 25 29
22 29 21
30 27 26
27 30 31
27 31 32
31 33 32
31 34 33
34 35 33
36 31 30
31 36 34
37 34 36
34 37 38
34 38 35
39 38 37
38 39 40
39 41 40
41 39 42
42 43 41
43 42 44
45 43 44
46 38 40
47 46 40
46 47 48
49 46 48
48 50 49
50 48 51
51 52 50
52 51 53
46 49 54
55 46 54
46 55 56
57 56 55
58 57 55
56 57 35
58 59 57
59 35 57
59 58 60
61 60 58
61 58 55
60 61 62
63 53 51
53 63 64
65 53 64
65 52 53
48 63 51
63 48 47
35 59 33
38 56 35
38 46 56
61 66 62
67 62 66
67 60 62
67 68 60
66 61 69
65 64 70
63 70 64
69 71 66
71 69 72
69 55 72
73 72 55
72 73 74
74 71 72
55 75 73
75 55 54
49 75 54
75 49 76
50 76 49
76 50 77
77 52 70
52 77 50
61 55 69
70 63 77
63 76 77
76 63 47
47 75 76
75 47 40
75 78 73
78 75 40
78 74 73
79 78 40
78 79 80
80 81 78
81 74 78
81 82 74
83 82 81
83 84 82
85 84 83
86 85 83
85 86 87
87 88 85
89 85 88
88 90 89
88 87 91
91 92 88
92 90 88
92 91 93
93 94 92
94 95 92
92 95 90
96 83 81
83 96 86
81 80 96
90 97 89
90 98 97
98 90 95
95 99 98
99 95 100
100 95 94
100 94 101
101 102 100
102 99 100
102 103 99
102 101 104
5 104 101
104 5 3
104 105 102
105 104 3
101 106 5
107 102 105
103 102 107
107 105 12
12 13 107
14 107 13
107 14 103
16 103 14
103 16 108
103 108 99
106 109 5
9 5 109
110 9 109
106 110 109
9 110 111
112 111 110
111 112 113
114 113 112
113 114 115
116 115 114
115 116 117
118 117 116
117 118 119
120 119 118
119 120 121
122 121 120
121 122 123
124 123 122
123 124 125
124 45 125
30 113 115
113 30 26
36 115 117
115 36 30
37 117 119
117 37 36
39 119 121
119 39 37
42 121 123
121 42 39
44 123 125
123 44 42
45 44 125
126 120 118
118 127 126
127 118 116
116 128 127
128 116 114
114 129 128
129 114 112
112 130 129
130 112 110
129 86 128
86 129 87
128 96 127
96 128 86
127 80 126
80 127 96
79 126 80
126 79 131
120 126 131
131 122 120
122 131 132
132 124 122
124 132 133
124 133 45
131 134 132
134 131 79
79 41 134
41 79 40
43 134 41
134 43 135
45 135 43
132 135 133
135 132 134
45 133 135
17 136 137
138 137 136
137 138 139
138 140 139
141 138 136
141 142 138
19 141 136
17 19 136
28 142 141
28 143 142
19 29 141
29 28 141
28 27 143
143 27 32
144 143 32
145 143 144
143 145 142
142 145 146
142 146 138
138 146 140
33 144 32
145 147 146
146 147 148
146 148 140
147 149 148
147 145 68
145 144 68
68 144 59
33 59 144
147 68 67
147 67 150
68 59 60
149 151 148
149 152 151
152 153 151
151 153 148
153 154 148
149 155 152
152 155 153
156 155 149
155 156 153
156 154 153
147 156 149
156 157 154
158 157 156
158 156 147
159 157 158
159 158 160
157 161 154
154 161 140
157 162 161
159 162 157
163 162 159
163 159 97
97 159 160
148 154 140
140 161 139
161 164 139
162 164 161
162 165 164
163 165 162
108 165 163
108 163 98
98 163 97
20 165 108
165 20 164
164 20 137
139 164 137
16 20 108
17 137 20
108 98 99
97 160 89
89 160 166
160 167 166
167 168 166
89 166 85
166 84 85
168 84 166
167 150 168
147 150 167
158 147 167
160 158 167
150 71 168
150 66 71
82 168 71
82 84 168
71 74 82
67 66 150
23 9 111
111 24 23
113 24 111
24 113 26
12 169 0
169 170 0
170 169 171
171 172 170
173 170 172
170 173 174
172 171 175
1 170 174
1 0 170
173 176 174
169 176 171
1 174 176
176 173 177
171 177 175
177 171 176
178 169 12
176 169 178
1 176 178
178 105 1
12 105 178
105 3 1
172 175 179
172 179 180
180 173 172
181 180 179
181 182 180
182 183 180
180 183 173
183 182 184
182 181 185
186 182 185
186 187 182
187 184 182
187 188 184
189 186 185
190 189 185
187 191 188
191 187 192
186 192 187
192 193 191
193 192 194
194 195 193
195 194 196
197 194 192
192 186 197
189 197 186
194 197 198
199 198 197
197 189 199
190 199 189
198 199 200
201 195 196
202 201 196
202 196 203
203 194 198
200 203 198
203 196 194
202 204 201
204 202 205
204 205 206
205 207 206
207 208 206
207 209 208
209 207 210
207 205 210
210 205 211
211 202 203
205 202 211
211 203 200
209 212 208
208 212 206
212 209 213
210 211 214
214 211 200
214 200 215
216 214 215
217 210 214
217 213 209
217 214 216
209 210 217
218 217 216
217 218 219
213 217 219
216 215 220
221 216 220
218 216 221
221 220 222
220 223 222
223 224 222
224 223 225
226 224 225
225 227 226
227 225 181
223 181 225
224 226 228
226 227 229
226 229 230
228 226 230
228 230 231
232 230 229
229 233 232
234 232 233
233 235 234
232 234 236
236 237 232
230 232 237
231 230 237
237 236 238
239 237 238
231 237 239
236 234 240
241 236 240
238 236 241
242 238 241
234 243 240
233 229 244
244 245 233
233 245 235
245 246 235
234 247 243
234 235 247
235 248 247
248 235 249
235 246 249
250 247 248
247 250 243
251 238 242
239 238 251
252 241 240
253 241 252
242 241 253
227 245 244
227 179 245
227 244 229
254 243 250
243 254 255
240 243 255
252 240 255
252 256 253
254 256 255
256 252 255
257 248 249
248 257 258
258 250 248
259 258 257
258 259 260
261 260 259
260 261 262
263 262 261
262 263 264
262 265 260
266 265 262
264 266 262
242 266 264
260 265 267
260 267 258
250 258 267
257 268 259
268 257 269
269 257 246
259 270 261
270 259 268
270 263 261
271 263 270
272 271 270
272 270 273
273 270 268
273 268 269
274 272 273
272 274 275
224 272 275
272 224 228
228 271 272
273 269 276
274 273 276
274 276 277
228 231 271
231 239 271
278 274 277
279 274 278
279 224 275
279 275 274
224 279 222
280 279 278
280 278 281
281 278 282
283 279 280
283 222 279
221 222 283
284 281 282
282 285 284
286 284 285
285 193 286
195 286 193
286 195 287
193 285 191
284 286 288
288 289 284
281 284 289
289 288 290
290 291 289
291 281 289
291 280 281
201 287 195
292 287 201
292 293 287
293 288 286
290 288 293
293 286 287
292 201 204
204 294 292
204 206 294
294 206 295
295 296 294
295 297 296
297 295 298
295 206 298
212 297 298
298 206 212
297 212 213
299 296 297
213 299 297
299 300 291
299 218 300
218 299 219
299 213 219
296 299 301
296 301 302
294 296 302
221 300 218
300 221 283
294 302 292
302 293 292
302 290 293
302 301 290
300 283 280
300 280 291
301 291 290
299 291 301
65 70 52
93 106 94
106 93 130
130 93 91
129 130 91
91 87 129
101 94 106
110 106 130
220 190 223
190 185 223
220 215 190
215 199 190
215 200 199
223 185 181
181 179 227
179 175 245
245 175 246
269 246 175
276 269 175
175 177 276
277 276 177
277 177 173
277 173 183
183 303 277
303 183 184
304 303 184
304 184 188
282 303 304
191 304 188
304 191 285
285 282 304
282 278 303
278 277 303
246 257 249
239 251 263
271 239 263
263 251 264
251 242 264
242 253 266
253 305 266
305 265 266
305 253 256
305 306 265
256 306 305
265 306 267
254 267 306
254 306 256
267 254 250
307 308 309
310 307 309
310 311 307
311 308 307
312 311 310
313 312 310
313 310 309
312 313 314
314 315 312
315 314 316
317 315 316
315 317 318
319 318 317
318 319 320
311 312 321
315 321 312
321 315 322
318 322 315
322 318 323
320 323 318
323 320 324
320 319 325
326 320 325
324 320 326
327 326 325
328 324 326
329 328 326
327 329 326
329 327 330
330 327 331
329 330 332
330 333 332
333 330 334
334 335 333
335 334 336
337 335 336
335 337 338
337 339 338
339 337 340
341 340 337
340 342 339
342 343 339
339 343 344
339 344 338
344 345 338
345 335 338
342 346 343
346 342 347
346 347 348
349 346 348
350 349 348
351 346 349
346 351 352
343 346 352
353 352 351
352 353 354
354 343 352
355 354 353
354 355 356
355 357 356
358 350 348
359 350 358
348 360 358
361 358 360
358 361 362
362 361 363
360 364 361
364 360 365
365 340 364
361 364 366
364 367 366
367 364 341
340 341 364
341 368 367
368 341 369
369 370 368
370 369 371
372 370 371
373 370 372
363 361 374
374 361 366
372 375 373
375 372 376
376 372 377
372 371 377
370 373 378
378 368 370
378 379 368
376 380 375
375 380 381
382 381 380
380 376 382
381 382 383
377 384 376
384 385 376
376 385 382
385 383 382
331 385 384
384 330 331
383 385 386
385 331 386
379 378 387
388 379 387
388 387 389
390 389 387
378 390 387
389 390 391
392 391 390
392 393 391
393 392 394
393 394 395
395 394 396
381 396 394
396 381 397
396 397 398
398 397 399
397 386 399
398 399 400
400 399 401
401 402 400
402 401 403
404 402 403
402 404 405
404 406 405
407 396 398
396 407 395
408 398 400
398 408 407
400 409 408
409 400 402
410 402 405
402 410 409
406 410 405
401 399 331
331 399 386
327 401 331
401 327 411
327 325 411
319 411 325
404 412 406
406 412 410
404 413 412
413 404 403
413 410 412
410 413 409
413 403 401
401 414 413
409 414 408
414 409 413
414 401 415
416 414 415
416 408 414
408 416 407
416 415 417
418 416 417
418 417 419
419 420 418
395 418 420
393 395 420
393 420 421
421 391 393
418 407 416
407 418 395
422 420 419
421 420 422
422 419 423
424 423 419
419 425 424
419 417 425
426 422 423
423 424 426
427 422 426
426 428 427
422 427 429
421 422 429
429 427 430
427 431 430
427 428 431
432 430 431
430 432 433
434 433 432
433 434 435
436 435 434
435 436 437
438 437 436
436 439 438
440 438 439
441 440 439
438 440 442
442 363 438
439 436 443
443 436 444
436 434 444
434 445 444
431 445 432
434 432 445
363 374 438
374 437 438
374 446 437
433 435 447
439 448 441
443 448 439
440 441 350
350 441 349
359 440 350
349 441 449
449 351 349
351 449 450
450 353 351
353 450 451
451 355 353
355 451 452
355 452 357
453 450 449
453 451 450
454 453 449
454 455 453
455 456 453
449 457 454
449 441 457
457 441 448
454 457 443
457 448 443
444 455 454
443 444 454
445 455 444
455 445 458
455 458 456
456 458 459
460 458 445
459 458 460
445 461 460
462 460 461
460 462 463
464 463 462
463 464 465
463 466 460
466 459 460
466 467 459
468 467 466
469 467 468
468 466 470
466 471 470
466 463 471
465 471 463
470 471 472
471 473 472
472 473 474
475 474 473
476 475 473
477 475 476
475 478 474
477 478 475
472 474 478
470 472 478
477 357 478
470 478 357
479 477 476
480 477 479
480 479 481
482 480 481
476 473 483
483 473 484
483 484 485
484 486 485
485 486 487
485 487 488
489 488 487
488 489 490
491 490 489
490 491 492
491 493 492
493 491 494
494 495 493
495 494 496
496 497 495
497 496 498
498 499 497
488 500 485
500 483 485
483 500 332
332 476 483
476 332 333
333 479 476
479 333 335
501 492 493
492 501 502
502 490 492
490 502 503
503 488 490
500 488 328
488 503 328
493 504 501
504 493 495
495 505 504
505 495 497
499 505 497
479 335 345
479 345 481
345 344 481
343 481 344
343 482 481
343 354 482
480 482 354
356 480 354
477 480 356
357 477 356
505 506 504
507 504 506
506 494 507
494 506 496
508 496 506
496 508 498
498 508 499
491 507 494
507 491 509
491 510 509
510 491 489
489 511 510
511 489 487
512 511 487
512 487 486
484 512 486
513 512 484
513 484 473
471 513 473
471 465 513
513 514 512
514 513 465
514 511 512
511 514 328
503 511 328
511 503 510
510 502 509
502 510 503
501 509 502
509 501 507
504 507 501
515 328 514
465 515 514
515 516 328
328 516 324
515 465 464
515 464 517
517 516 515
464 518 517
517 519 516
516 519 520
324 516 520
520 323 324
323 520 521
319 521 520
520 519 319
521 319 317
317 522 521
522 317 316
314 522 316
522 314 523
313 523 314
523 313 524
311 523 524
524 525 311
523 311 321
321 522 523
522 321 322
322 521 522
521 322 323
313 309 524
524 309 525
525 309 308
311 525 308
319 519 411
517 411 519
401 411 517
517 518 401
401 518 415
518 526 415
527 526 518
518 528 527
528 426 527
428 426 528
426 424 527
528 518 464
527 425 526
425 527 424
462 528 464
462 428 528
461 428 462
428 461 431
445 431 461
417 526 425
526 417 415
529 530 531
531 532 529
531 530 533
530 359 533
533 359 358
534 533 358
531 533 535
531 535 532
535 533 534
534 536 535
534 358 362
537 536 534
537 534 362
538 537 362
539 536 537
538 539 537
539 540 536
540 539 541
539 542 541
542 539 543
538 543 539
544 542 543
538 544 543
536 540 544
542 544 545
540 545 544
546 541 542
545 546 542
541 546 547
547 546 548
547 548 549
550 549 548
548 551 550
551 548 552
552 553 551
552 554 553
554 552 555
555 556 554
556 555 557
557 558 556
558 557 559
551 560 550
560 561 550
561 562 550
562 549 550
561 563 562
564 563 561
549 562 565
557 566 559
555 566 557
555 567 566
552 567 555
552 568 567
564 569 563
569 564 570
571 569 570
572 570 564
573 570 572
573 574 570
575 574 573
574 575 576
573 577 575
578 575 577
573 579 577
577 579 580
580 581 577
580 582 581
582 580 583
584 582 583
585 582 584
584 586 585
584 587 586
588 582 585
582 588 581
588 589 581
589 590 581
590 591 581
591 577 581
577 591 578
592 591 590
592 593 591
578 591 593
592 594 593
594 592 595
596 592 590
595 592 596
596 590 597
590 589 597
598 596 597
599 595 596
598 599 596
600 595 599
595 601 594
602 601 595
603 602 595
604 599 598
604 600 599
605 604 598
606 603 595
607 606 595
600 607 595
594 608 593
608 594 609
601 609 594
605 610 604
603 611 602
607 611 606
602 611 601
606 611 603
600 611 607
600 612 611
604 610 612
604 612 600
612 613 611
610 613 612
610 614 613
613 614 615
613 615 616
611 613 616
617 611 616
617 608 609
616 618 617
608 617 618
616 619 618
616 615 619
615 620 619
621 620 615
615 614 621
622 620 621
623 620 622
622 624 623
624 625 623
625 624 626
625 626 627
625 628 623
623 629 620
629 623 628
629 630 620
619 620 630
630 629 631
632 619 630
632 618 619
608 618 632
633 630 631
634 630 633
630 634 632
633 635 634
576 634 635
633 636 635
633 637 636
637 638 636
569 636 638
571 636 569
638 563 569
638 639 563
639 562 563
639 640 562
641 640 639
642 640 641
643 640 642
642 644 643
644 642 645
644 645 646
646 647 644
647 646 648
648 649 647
649 648 650
650 559 649
640 643 651
562 640 651
651 565 562
565 651 652
652 651 653
652 654 565
655 565 654
655 653 549
565 655 549
654 656 655
656 657 655
655 657 653
652 653 657
656 658 657
659 652 657
654 652 659
659 657 658
649 559 566
647 649 566
647 566 567
644 647 567
644 567 568
660 644 568
643 644 660
547 549 653
653 661 547
660 662 643
546 643 662
663 662 660
568 663 660
643 546 664
664 661 653
662 665 546
546 665 666
666 548 546
667 666 663
548 666 667
667 663 568
568 552 667
548 667 552
653 651 664
651 643 664
661 541 547
546 545 664
661 664 545
540 661 545
661 540 541
666 668 663
663 668 662
668 669 662
662 669 665
668 670 669
670 671 669
669 671 665
671 670 672
673 671 672
673 674 668
668 674 670
671 673 675
675 673 668
666 675 668
676 673 672
670 676 672
673 676 677
674 673 677
678 674 677
679 670 674
676 670 679
679 674 678
677 676 680
680 676 679
675 665 671
680 681 677
677 681 678
681 680 374
374 680 682
679 682 680
678 682 679
682 683 374
683 682 678
678 684 683
685 684 678
374 685 681
678 681 685
675 666 665
685 374 686
374 366 686
687 686 366
685 686 687
684 685 687
374 683 446
683 688 446
688 683 684
437 446 688
437 688 435
688 447 435
447 688 689
689 684 687
688 684 689
689 690 447
691 690 689
691 689 687
691 687 367
687 366 367
691 367 368
368 690 691
447 690 433
690 379 433
690 368 379
433 379 692
379 693 692
388 693 379
388 389 693
389 694 693
692 693 694
694 389 391
421 694 391
429 694 421
692 694 429
430 692 429
433 692 430
360 348 695
365 360 695
347 695 348
347 365 695
342 365 347
365 342 340
375 381 394
392 375 394
392 373 375
373 392 390
378 373 390
381 383 397
386 397 383
371 337 336
337 371 369
336 377 371
377 336 334
334 384 377
334 330 384
341 337 369
329 500 328
332 500 329
608 696 578
578 593 608
632 696 608
697 696 632
696 697 698
632 699 697
634 699 632
699 634 576
699 700 697
700 699 701
701 699 702
699 576 702
697 700 703
697 703 704
698 697 704
698 704 705
706 698 705
706 705 707
707 708 706
706 708 709
708 710 709
709 711 706
711 709 712
713 706 711
706 713 714
712 715 711
715 712 716
717 711 715
711 717 713
708 718 710
718 719 710
719 718 720
720 721 719
719 721 722
722 721 723
721 724 723
721 725 724
720 725 721
725 571 724
636 571 725
723 726 722
723 727 726
659 726 727
658 726 659
659 727 654
728 726 658
729 726 728
730 726 729
726 730 722
725 635 636
731 635 725
729 732 730
733 730 732
732 734 733
734 732 735
730 733 736
732 729 737
737 735 732
735 737 738
722 730 736
719 722 736
729 728 739
728 658 739
658 656 739
656 727 739
656 654 727
723 739 727
723 740 739
719 736 740
719 740 741
740 723 741
742 719 741
741 723 724
741 724 743
742 741 743
743 724 571
570 743 571
743 570 574
739 740 744
744 729 739
745 729 744
744 733 745
734 745 733
745 734 746
733 744 736
740 736 744
729 745 737
746 737 745
737 746 738
747 742 743
747 743 731
743 574 731
747 731 725
747 725 720
748 746 734
746 748 749
749 738 746
750 749 748
751 750 748
750 751 752
752 753 750
753 752 754
754 755 753
755 754 756
756 757 755
757 756 758
758 759 757
759 758 760
760 761 759
761 760 762
762 763 761
763 762 764
764 765 763
765 764 766
767 752 751
768 756 754
754 769 768
752 767 769
769 754 752
770 760 758
758 771 770
756 768 771
771 758 756
772 764 762
762 773 772
760 770 773
773 762 760
767 774 769
774 767 749
749 750 774
753 774 750
774 753 775
775 769 774
755 775 753
775 755 776
757 776 755
776 757 777
777 771 776
759 777 757
777 759 778
761 778 759
778 761 779
779 773 778
763 779 761
779 763 780
765 780 763
780 765 781
776 768 775
769 775 768
768 776 771
771 777 770
778 770 777
770 778 773
773 779 772
780 772 779
772 780 782
781 782 780
764 772 782
782 766 764
766 782 783
782 781 783
765 784 781
766 784 765
784 766 783
784 783 781
611 617 601
601 617 609
538 785 544
536 544 785
538 442 785
785 786 536
785 442 786
786 535 536
786 442 440
786 440 787
535 786 787
787 440 359
530 787 359
788 787 530
788 535 787
529 788 530
788 529 532
788 532 535
442 538 363
362 363 538
453 467 469
453 456 467
451 453 469
468 451 469
452 451 468
470 452 468
357 452 470
459 467 456
506 505 508
499 508 505
789 790 700
789 718 790
790 718 708
790 708 791
791 708 707
790 791 703
790 703 700
789 700 701
791 707 792
707 793 792
793 707 705
793 705 794
793 709 792
792 709 710
795 709 793
709 795 712
793 713 795
713 793 714
714 793 794
796 712 795
712 796 716
795 717 796
717 795 713
792 710 797
710 742 797
742 710 719
794 705 704
696 714 794
798 796 717
796 798 799
799 716 796
800 799 798
801 800 798
800 801 802
803 802 801
801 716 803
716 799 803
802 803 804
802 804 805
800 802 805
803 806 804
806 803 799
799 800 806
806 805 804
800 805 806
798 715 801
715 798 717
716 801 715
807 797 742
807 789 797
789 808 797
789 809 808
808 792 797
808 791 792
808 703 791
808 809 703
810 703 809
811 810 809
810 704 703
810 811 578
575 578 811
811 576 575
578 696 810
809 701 811
789 701 809
701 702 811
702 576 811
696 794 810
794 704 810
696 698 714
714 698 706
731 574 576
731 576 635
720 718 807
718 789 807
747 720 807
747 807 742
735 748 734
748 735 751
738 751 735
751 738 767
738 749 767
812 813 814
813 812 815
814 816 812
814 817 816
818 817 814
818 814 813
817 818 819
819 820 817
821 819 818
818 822 821
823 822 818
823 818 813
813 824 823
819 821 825
819 825 826
819 826 820
826 827 820
827 826 828
828 829 827
829 828 830
830 831 829
831 830 832
833 831 832
831 833 834
833 835 834
826 836 828
836 826 837
826 825 837
828 838 830
838 828 836
830 839 832
839 830 838
840 832 839
832 840 833
840 835 833
837 825 841
842 831 834
842 834 835
840 842 835
831 842 843
843 840 839
840 843 842
831 844 829
844 831 843
839 844 843
844 839 838
845 829 844
838 845 844
845 838 836
829 845 827
846 827 845
836 846 845
846 836 837
827 846 820
846 837 847
837 841 847
848 846 847
848 820 846
848 817 820
849 817 848
817 849 850
850 816 817
841 851 847
848 851 849
851 848 847
851 841 852
850 812 816
853 812 850
849 853 850
812 853 815
849 851 854
855 849 854
855 853 849
853 855 856
852 857 851
858 857 852
858 852 859
860 859 852
861 860 852
860 861 862
862 863 860
862 864 863
865 864 862
865 862 861
866 865 861
866 861 867
864 868 863
868 864 869
864 870 869
871 869 870
869 871 872
872 868 869
871 873 872
870 864 874
865 874 864
872 873 875
868 872 875
867 861 876
877 867 876
878 867 877
867 878 879
879 878 880
879 880 881
881 880 882
877 883 878
884 878 883
884 880 878
881 885 879
882 885 881
879 885 867
886 885 882
882 887 886
887 882 888
887 889 886
890 886 889
886 890 891
892 891 890
891 892 893
893 892 894
889 887 895
896 895 887
888 896 887
895 896 897
896 898 897
898 896 899
899 900 898
900 899 901
901 902 900
902 901 903
903 904 902
905 899 896
899 905 906
907 906 905
906 907 908
905 909 907
909 905 888
896 888 905
910 906 908
906 910 911
899 911 901
911 899 906
912 911 910
912 904 913
911 912 913
913 904 903
913 901 911
901 913 903
882 909 888
902 904 914
914 900 902
900 914 915
915 898 900
898 915 916
917 898 916
917 897 898
918 897 917
918 895 897
919 895 918
919 889 895
920 889 919
921 889 920
889 921 890
922 890 921
890 922 892
894 892 922
917 916 923
915 923 916
918 917 924
917 923 924
923 925 924
925 923 926
925 927 924
918 924 927
919 918 927
927 925 928
928 929 927
919 927 929
929 921 920
920 919 929
929 928 886
886 930 929
921 929 930
930 922 921
930 886 891
891 931 930
922 930 931
894 922 931
931 891 893
893 894 931
928 932 886
932 928 933
925 933 928
934 926 923
926 934 935
936 935 934
935 936 937
937 936 904
932 933 909
938 909 933
909 938 907
939 907 938
907 939 908
939 910 908
910 939 940
940 912 910
912 941 904
912 940 941
941 937 904
941 935 937
935 941 940
938 926 939
940 926 935
926 940 939
926 938 925
933 925 938
936 914 904
934 914 936
914 934 915
923 915 934
824 942 943
942 824 944
945 943 942
943 945 946
947 943 946
943 947 948
824 943 948
949 947 946
947 949 950
947 950 951
947 951 948
951 950 952
953 952 950
952 953 954
954 955 952
955 951 952
955 948 951
956 953 950
953 956 957
958 957 956
955 959 948
883 959 955
948 959 823
823 959 960
877 960 959
877 959 883
961 957 958
962 957 961
957 962 953
962 961 963
964 963 961
961 965 964
961 958 965
963 964 966
967 966 964
968 964 965
964 968 967
968 965 958
969 967 968
969 968 970
971 970 968
970 971 972
967 973 966
963 966 974
966 973 974
958 971 968
956 971 958
971 956 975
971 975 976
976 972 971
975 977 976
977 975 949
950 975 956
975 950 949
946 977 949
977 946 945
974 973 978
979 978 973
978 979 980
981 978 980
978 981 982
980 983 981
983 980 984
984 985 983
985 984 986
987 986 984
980 987 984
987 980 979
986 987 988
989 985 986
986 988 990
991 985 989
991 992 985
992 991 993
993 994 992
994 993 995
993 996 995
996 993 997
991 997 993
997 991 998
999 998 991
999 991 989
990 1000 986
1000 989 986
998 999 1001
1002 998 1001
995 1003 994
1003 995 1004
996 1004 995
1004 1005 1003
1005 1004 1006
1007 1006 1004
1004 996 1007
1006 1007 1008
1008 1009 1006
1009 1008 1010
1006 1011 1005
1011 1006 1009
1012 1011 1009
1010 1013 1009
1012 1009 1014
1009 1013 1014
1015 1012 1014
883 1015 1014
1014 1013 883
1015 1016 1012
1017 1016 1015
1017 962 1016
955 1017 1015
883 955 1015
1017 953 962
953 1017 954
1017 955 954
962 963 1016
963 1018 1016
1016 1018 1012
1018 963 1019
883 1013 884
963 974 1019
1019 974 1020
1020 974 978
982 1020 978
1021 1018 1019
1018 1021 1022
1023 1022 1021
1024 1022 1023
1023 1021 1025
1021 1026 1025
1025 1026 1027
1026 1021 1028
967 1026 1028
1026 1029 1027
1029 1026 967
969 1029 967
969 970 1029
970 1030 1029
1030 970 972
967 1028 973
1021 1031 1028
1028 1031 973
1032 1023 1025
1025 1033 1032
1025 1027 1033
1029 1033 1027
1033 1029 1030
1033 1034 1032
1030 1034 1033
1034 1035 1032
1035 1034 1036
1037 1035 1036
1035 1037 1038
1038 1037 1039
1040 1037 1036
1039 1037 1040
1041 1040 1036
1039 1040 1042
1041 1042 1040
1043 1042 1041
1039 1042 1044
1045 1039 1044
1042 855 1044
855 1046 1044
1047 1044 1046
1047 1045 1044
1047 1048 1045
884 1045 1048
1048 1047 1049
1049 1050 1048
1050 880 1048
884 1048 880
1050 1051 880
1051 932 880
1047 858 1049
1051 1050 1052
932 1051 1052
1050 1049 1052
1052 1049 1053
1052 886 932
886 1052 1054
885 886 1054
1055 885 1054
1054 1052 1055
1052 1053 1055
885 1055 866
1056 1055 1053
1056 866 1055
1056 865 866
1056 874 865
1056 1057 874
1056 1053 1057
1053 1058 1057
1058 1053 859
1057 1058 1059
1057 1059 874
1059 870 874
870 1059 1060
1060 871 870
871 1060 1061
871 1061 873
1061 875 873
1061 868 875
868 1061 1060
1059 868 1060
868 1059 863
1058 863 1059
1058 860 863
859 860 1058
1049 859 1053
1049 858 859
1047 857 858
1047 1062 857
1063 857 1062
1046 1063 1062
1047 1046 1062
1063 1064 857
1063 1046 1064
1064 1046 854
855 854 1046
1064 851 857
851 1064 854
856 855 1042
856 1042 1043
942 856 1043
856 942 944
1043 945 942
945 1043 1065
1041 1065 1043
1041 1066 1065
1066 1041 1036
1036 1067 1066
977 1066 1067
977 1065 1066
1065 977 945
1067 976 977
1030 976 1067
1034 1030 1067
1067 1036 1034
944 853 856
853 944 815
944 813 815
813 944 824
976 1030 972
824 948 823
823 960 822
1068 822 960
1069 1068 960
960 1070 1069
1069 1071 1068
1069 1070 1071
877 1071 1070
877 1070 960
877 876 1071
876 852 1071
852 821 1071
1068 1071 821
821 822 1068
841 821 852
821 841 825
861 852 876
1039 1072 1024
1024 1038 1039
1024 1035 1038
1035 1024 1023
1023 1032 1035
1024 1072 1022
1072 1012 1022
1045 1072 1039
1045 1073 1072
1072 1073 1012
1022 1012 1018
1073 1045 1013
1045 884 1013
1012 1073 1074
1074 1073 1013
1012 1074 1011
1075 1011 1074
1074 1008 1075
1007 1075 1008
1075 1007 1076
1076 1005 1075
1011 1075 1005
1005 1076 1003
1008 1074 1010
1010 1074 1013
1077 1003 1076
1007 1077 1076
1003 1077 994
1078 994 1077
996 1078 1077
1077 1007 996
1078 996 997
994 1078 992
1079 992 1078
997 1079 1078
992 1079 985
1079 997 998
1080 1079 998
1080 1081 1079
1079 1081 985
1081 1082 985
1083 985 1082
1082 987 1083
987 1082 988
985 1083 983
1082 990 988
990 1082 1084
1084 1082 1081
998 1085 1080
1002 1085 998
1086 983 1083
983 1086 981
1086 982 981
982 1086 1087
1086 973 1087
973 1086 979
1083 979 1086
979 1083 987
982 1087 1020
1031 1087 973
1020 1087 1031
1019 1020 1031
1021 1019 1031
1088 1085 1002
1002 1089 1088
1089 1002 1090
1002 1091 1090
1091 1002 1092
1091 1092 1093
1092 1094 1093
1094 1092 1095
1095 1096 1094
1096 1095 1097
1097 1098 1096
1098 1097 1099
1099 1100 1098
1100 1099 1101
1097 1000 1099
1100 1101 1102
999 1097 1095
1097 999 989
1097 989 1000
1092 1001 1095
1001 999 1095
1098 1100 1103
1098 1103 1104
1098 1104 1096
1096 1104 1105
1096 1105 1094
1105 1106 1094
1107 1103 1100
1108 1107 1100
1108 1100 1102
1108 1102 1109
1102 1110 1109
1104 1103 1111
1112 1111 1103
1112 1103 1107
1111 1112 1113
1111 1114 1104
1105 1104 1114
1115 1114 1111
1111 1113 1115
1105 1114 1116
1117 1105 1116
1105 1117 1118
1105 1118 1106
1119 1106 1118
1117 1119 1118
1120 1119 1117
1120 1117 1121
1121 1117 1116
1121 1116 1122
1122 1123 1121
1123 1120 1121
1123 1122 1124
1122 1125 1124
1125 1122 1126
1127 1125 1126
1125 1127 1128
1120 1123 1129
1129 1130 1120
1119 1120 1130
1130 1131 1119
1131 1130 1132
1130 1129 1132
1133 1131 1132
1134 1133 1132
1133 1106 1131
1106 1119 1131
1135 1134 1132
1129 1135 1132
1134 1135 1136
1136 1137 1134
1137 1138 1134
1134 1138 1133
1138 1137 1139
1140 1139 1137
1140 1141 1139
1140 1142 1141
1143 1139 1141
1139 1143 1138
1138 1143 1133
1143 1093 1133
1106 1133 1093
1142 1140 1144
1145 1142 1144
1142 1145 1146
1141 1142 1146
1141 1146 1143
1146 1091 1143
1143 1091 1093
1146 1090 1091
1090 1146 1147
1146 1145 1147
1140 1137 1148
1137 1136 1148
1144 1140 1149
1140 1148 1149
1149 1148 1150
1148 1136 1150
1136 1135 1150
1151 1150 1135
1151 1135 1129
1129 1123 1151
1123 1152 1151
1123 1124 1152
1124 1125 1152
1128 1152 1125
1152 1128 1153
1153 1128 1154
1154 1155 1153
1156 1155 1154
1155 1156 1157
1158 1157 1156
1157 1158 1159
1159 1160 1157
1160 1159 1161
1156 1112 1158
1112 1156 1162
1163 1157 1160
1157 1163 1155
1155 1163 1153
1112 1164 1158
1164 1159 1158
1159 1164 1165
1165 1161 1159
1165 1164 1166
1166 1167 1165
1161 1165 1167
1167 1166 1168
1166 1164 1169
1170 1166 1169
1168 1166 1170
1169 1171 1170
1171 1169 1172
1172 1173 1171
1173 1172 1174
1172 1175 1174
1173 1174 1176
1174 1177 1176
1175 1177 1174
1177 1178 1176
1178 1177 1179
1179 1177 627
1178 1180 1176
1173 1176 1180
1180 1178 1181
1108 1172 1169
1172 1108 1182
1172 1182 1175
1182 1183 1175
1179 1184 1178
1184 1181 1178
1181 1184 1185
1186 1185 1184
1185 1186 1187
1186 1188 1187
1177 1175 1189
1177 1189 627
1184 1190 1186
1184 1179 1190
1179 1191 1190
1190 1191 1192
1190 1192 1193
1193 1186 1190
1194 1186 1193
1186 1194 1195
1195 1188 1186
1196 1188 1195
1188 1196 1197
1197 1196 1198
1198 1196 605
610 1196 1195
1196 610 605
624 1192 1191
1191 626 624
626 1191 1199
1179 1199 1191
1179 627 1199
1199 627 626
1192 624 622
622 1193 1192
1193 622 621
621 1194 1193
1194 621 614
614 1195 1194
1195 614 610
1197 1198 1200
1198 605 1200
1200 1188 1197
1188 1200 1201
598 1200 605
1200 598 1201
597 1201 598
1201 597 1202
1203 1201 1202
1201 1203 1188
1203 1187 1188
1203 1185 1187
1185 1203 1204
1204 1181 1185
1181 1204 1205
1205 1180 1181
1180 1205 1206
1205 1207 1206
1207 1205 1208
1208 1205 1204
1208 587 1207
1209 1206 1207
1173 1206 1209
1173 1180 1206
1210 1173 1209
1210 1209 1211
1207 1211 1209
1173 1210 1171
1212 1171 1210
1210 1213 1212
1213 1210 1214
1210 1211 1214
1214 1211 1215
1171 1212 1170
1212 1213 1216
1217 1212 1216
1170 1212 1217
1218 1217 1216
1167 1217 1218
1217 1167 1168
1168 1170 1217
1216 1219 1218
1219 1216 1220
1220 1221 1219
1160 1219 1221
1219 1160 1161
1218 1161 1167
1161 1218 1219
1221 1220 1222
1223 1222 1220
1223 1220 1216
1222 1223 1224
1221 1163 1160
1163 1221 1225
1222 1225 1221
1225 1222 1226
1226 1222 1227
1222 1224 1227
1224 1228 1227
1228 1229 1227
1230 1227 1229
1231 1230 1229
1228 1231 1229
1230 1231 1232
1231 1233 1232
1233 1231 1234
1234 1231 1235
1227 1230 1236
1226 1227 1236
1237 1233 1234
1237 1234 1238
1234 1235 1238
1237 1238 1239
1233 1237 1240
1241 1240 1237
1239 1241 1237
1242 1241 1239
1241 1242 1243
1240 1241 1243
1244 1243 1242
1245 1243 1244
1244 1242 1246
1239 1246 1242
1246 1239 1247
1238 1247 1239
1248 1247 1238
1238 1235 1248
1248 1246 1247
1245 1249 1243
1240 1243 1249
1249 1245 1250
1251 1250 1245
1252 1251 1245
1245 1244 1252
1252 1244 1253
1253 1254 1252
1251 1252 1254
1255 1251 1254
1255 1254 1256
1254 1253 1256
1255 1256 1257
1256 1253 1258
1256 1258 1257
1257 1258 1145
1257 1144 1255
1145 1144 1257
1250 1251 1259
1255 1259 1251
1255 1149 1259
1144 1149 1255
1258 1147 1145
1258 1090 1147
1090 1258 1089
1253 1089 1258
1253 1260 1089
1149 1150 1259
1259 1150 1250
1250 1150 1249
1151 1249 1150
1151 1240 1249
1240 1151 1233
1233 1151 1152
1233 1152 1232
1232 1152 1230
1236 1230 1152
1152 1153 1236
1153 1226 1236
1226 1153 1225
1225 1153 1163
1260 1088 1089
1088 1261 1262
1263 1262 1261
1262 1263 1264
1265 1264 1263
1264 1265 1266
1267 1266 1265
1266 1267 1268
1264 1266 1084
1267 1269 1268
1270 1268 1269
1268 1270 1271
1268 1271 1266
1264 1080 1262
1080 1264 1081
1264 1084 1081
1261 1088 1260
1262 1080 1085
1265 1272 1267
1265 1273 1272
1265 1263 1273
1263 1248 1273
1274 1267 1272
1213 1267 1274
1213 1269 1267
1213 1275 1269
1269 1275 1276
1273 1277 1272
1223 1272 1277
1223 1274 1272
1277 1278 1223
1273 1279 1277
1248 1279 1273
1277 1279 1280
1277 1280 1278
1248 1235 1279
1279 1235 1281
1279 1281 1280
1281 1235 1231
1228 1281 1231
1280 1228 1278
1228 1280 1281
1278 1224 1223
1278 1228 1224
1276 1275 1282
1276 1282 1283
1276 1283 1284
1269 1276 1284
1285 1284 1283
1283 1286 1285
1283 1282 1286
1285 1286 1287
1286 1288 1287
559 1287 1288
1288 1286 1289
1290 1288 1289
1290 1289 1291
1291 1292 1290
1292 1293 1290
1292 1294 1293
1293 1294 1295
1296 1295 1294
1297 1296 1294
1294 1298 1297
1299 1297 1298
1297 1299 1300
1298 1294 587
1292 587 1294
1301 1300 1299
1300 1301 1302
1303 1302 1301
1303 1304 1302
1302 1305 1300
1300 1305 1306
1306 1297 1300
1307 1305 1302
1304 1307 1302
1297 1306 1308
1296 1297 1308
1299 580 1301
580 1299 583
579 1304 1303
579 1301 580
1301 579 1303
1304 579 573
573 1307 1304
1307 564 1305
564 1307 572
1307 573 572
561 1305 564
1305 561 1306
561 1308 1306
1308 561 560
551 1308 560
1308 551 1296
551 1295 1296
1295 551 553
553 1293 1295
1293 553 554
556 1293 554
1293 556 1290
556 558 1290
558 1288 1290
558 559 1288
559 1309 1310
1309 1311 1310
1311 1309 1312
1313 1312 1309
1313 1314 1312
1314 1313 1315
1315 1313 1316
1317 1310 1311
1318 1317 1311
1315 1316 1319
1316 1320 1319
1321 1319 1320
1321 1322 1319
1323 1319 1322
1322 1324 1323
1324 1322 1325
1319 1323 627
1315 1319 627
1325 1326 1324
1326 1325 1327
1328 1326 1327
1328 1327 1329
1327 1325 1330
1325 1331 1330
1322 1331 1325
1332 1327 1330
1329 1327 1332
1331 1322 1333
1322 1321 1333
629 1324 1326
1324 629 628
1329 631 1328
631 1326 1328
1326 631 629
631 1329 633
1332 633 1329
638 1332 1330
1332 638 637
633 1332 637
639 1330 1331
1330 639 638
1333 639 1331
639 1333 641
1333 642 641
642 1333 1321
1320 642 1321
642 1320 645
1316 645 1320
645 1316 646
1316 648 646
648 1316 1313
648 1313 650
650 1313 1309
650 1309 559
1310 1334 559
1287 559 1334
1335 1287 1334
1335 1285 1287
1285 1335 1284
1284 1335 1336
1310 1337 1334
1336 1337 1338
1337 1317 1338
1310 1317 1337
1317 1318 1338
1110 1338 1318
1110 1318 1339
1110 1339 1109
1102 1338 1110
1339 1183 1109
1182 1109 1183
1339 1311 1183
1318 1311 1339
1312 1183 1311
1183 1312 1175
1108 1109 1182
1314 1175 1312
1314 1189 1175
1314 1315 1189
1315 627 1189
1169 1164 1108
1164 1107 1108
1112 1107 1164
1113 1112 1162
1113 1162 1340
1340 1115 1113
1115 1340 1341
1340 1122 1341
1340 1126 1122
1340 1127 1126
1162 1127 1340
1341 1122 1116
1114 1341 1116
1115 1341 1114
1156 1127 1162
1154 1127 1156
1154 1128 1127
625 1324 628
1324 625 1323
627 1323 625
1106 1093 1094
1342 1343 1344
1342 1344 1345
1208 1342 1345
1208 1345 1346
1204 1342 1208
1204 1203 1342
1343 1342 1203
1202 1343 1203
1208 1346 587
1345 586 1346
1346 586 587
586 1345 585
1344 585 1345
585 1344 588
1343 588 1344
588 1343 589
1202 589 1343
589 1202 597
1207 587 1347
1211 1207 1347
1291 1211 1347
1292 1347 587
1291 1347 1292
1291 1289 1211
1289 1215 1211
1215 1289 1286
1282 1215 1286
1282 1275 1215
1214 1215 1275
1213 1214 1275
1216 1213 1274
1223 1216 1274
1248 1261 1246
1263 1261 1248
1246 1261 1260
1246 1260 1244
1244 1260 1253
1299 584 583
584 1299 1298
587 584 1298
1088 1262 1085
1092 1002 1001
1266 990 1084
1271 990 1266
990 1271 1348
1348 1271 1349
1350 1349 1271
1271 1270 1350
1349 1350 1351
1351 1352 1349
1353 1351 1350
1353 1350 1270
1270 1354 1353
1354 1270 1284
1270 1269 1284
1336 1354 1284
1354 1336 1338
1355 1354 1338
1353 1354 1355
1102 1355 1338
1101 1355 1102
1355 1101 1356
1349 1356 1348
1356 1101 1099
990 1356 1099
1000 990 1099
1355 1357 1353
1356 1357 1355
1357 1356 1349
1358 1357 1349
1357 1358 1353
990 1348 1356
1349 1352 1358
1359 1358 1352
1358 1359 1360
1352 1361 1359
1362 1359 1361
1363 1359 1362
1359 1363 1360
1363 1362 1364
1364 1362 1365
1365 1366 1364
1367 1366 1365
1367 1368 1366
1368 1367 1369
1370 1368 1369
1368 1370 1371
1335 1371 1370
1371 1335 1334
1365 1372 1367
1363 1367 1372
1363 1372 1373
1372 1361 1373
1360 1363 1373
1360 1373 1351
1370 1336 1335
1336 1370 1374
1375 1374 1370
1367 1375 1369
1375 1370 1369
1375 1367 1363
1376 1366 1368
1363 1376 1375
1366 1376 1364
1376 1363 1364
1337 1371 1334
1374 1337 1336
1371 1337 1377
1337 1374 1377
1375 1376 1377
1375 1377 1374
1368 1377 1376
1377 1368 1371
1352 1351 1373
1373 1361 1352
1378 1361 1372
1379 1378 1372
1379 1380 1378
1380 1379 1381
1382 1380 1381
1380 1382 1383
1379 1384 1381
1384 1382 1381
1384 1379 1365
1382 1384 1385
1385 1386 1382
1386 1387 1382
1387 1383 1382
1386 1388 1387
1389 1388 1386
1386 1390 1389
1391 1390 1386
1392 1390 1391
1391 1393 1392
1392 1393 1394
1393 1395 1394
1395 1393 1396
1396 1393 1397
1393 1391 1397
1397 1391 1398
1397 1398 1399
1396 1400 1395
1400 1401 1395
1402 1400 1396
1401 1403 1395
1403 1401 1404
1405 1394 1395
1392 1394 1405
1406 1405 1395
1403 1406 1395
1406 1407 1405
1407 1392 1405
1407 1406 1408
1407 1408 1409
1409 1408 1410
1407 1409 1411
1409 1410 1412
1410 1413 1412
1409 1412 1414
1411 1409 1414
1415 1411 1414
1416 1414 1412
1413 1416 1412
1414 1416 1417
1417 1416 1418
1408 1419 1410
1413 1410 1419
1408 1420 1419
1420 1421 1419
1421 1422 1419
1422 1413 1419
1422 1416 1413
1421 1423 1422
1422 1423 1424
1416 1422 1424
1423 1425 1424
1425 1426 1424
1425 1427 1426
1426 1427 1428
1426 1428 1429
1428 1430 1429
1430 1428 1431
1431 1432 1430
1432 1431 1433
1433 1434 1432
1434 1433 1435
1434 1435 1436
1437 1424 1426
1426 1429 1438
1437 1426 1438
1439 1429 1430
1429 1439 1440
1440 1438 1429
1441 1430 1432
1430 1441 1439
1442 1432 1434
1432 1442 1441
1442 1434 1436
1443 1437 1438
1437 1443 1418
1438 1444 1443
1444 1438 1445
1444 1446 1443
1443 1446 1447
1446 1448 1447
1448 1449 1447
1449 1448 1450
1450 1448 1451
1449 1450 1452
1452 1453 1449
1454 1453 1452
1448 1455 1451
1456 1454 1452
1457 1454 1456
1457 1458 1454
1458 1457 1459
1459 1460 1458
1460 1459 1461
1462 1460 1461
1463 1452 1450
1452 1463 1456
1464 1450 1451
1450 1464 1463
1451 1465 1464
1465 1451 1466
1466 1467 1465
1467 1466 1468
1466 1469 1468
1469 1470 1468
1470 1467 1468
1469 1466 1471
1462 1472 1460
1472 1473 1460
1473 1458 1460
1473 1472 1474
1451 1471 1466
1471 1451 1455
1475 1473 1474
1458 1473 1475
1458 1475 1476
1476 1475 1477
1474 1477 1475
1476 1478 1458
1478 1476 1479
1479 1480 1478
1478 1480 1481
1479 1482 1480
1482 1479 1483
1483 1484 1482
1483 1485 1484
1485 1483 1486
1483 1479 1486
1486 1479 1476
1476 1477 1486
1487 1484 1485
1415 1487 1485
1486 1388 1485
1480 1488 1481
1480 1482 1488
1478 1454 1458
1417 1484 1487
1417 1418 1484
1484 1418 1489
1489 1482 1484
1482 1489 1488
1489 1447 1488
1447 1449 1488
1418 1443 1489
1489 1443 1447
1487 1414 1417
1415 1414 1487
1488 1449 1481
1449 1453 1481
1478 1481 1453
1453 1454 1478
1490 1415 1389
1388 1389 1485
1490 1389 1390
1392 1490 1390
1392 1411 1490
1392 1407 1411
1411 1415 1490
1389 1415 1485
885 866 867
1491 1492 1493
1492 1491 1494
1495 1493 1492
1493 1495 1496
1497 1494 1491
1494 1497 1498
1499 1498 1497
1498 1499 1500
1495 1501 1496
1498 1500 1502
1503 1502 1500
1502 1503 1504
1504 1505 1502
1505 1498 1502
1498 1505 1494
1505 1504 1506
1506 1507 1505
1507 1494 1505
1494 1507 1492
1507 1495 1492
1507 1506 1508
1508 1509 1507
1509 1508 1510
1495 1507 1511
1512 1509 1510
1509 1512 1513
1514 1509 1513
1513 1515 1514
1515 1513 1516
1516 1517 1515
1517 1516 1518
1509 1514 1519
1509 1519 1507
1507 1519 1511
1514 1511 1519
1513 1520 1516
1520 1513 1512
1516 1521 1518
1521 1516 1520
1521 1522 1518
1522 1521 1523
1523 1524 1522
1524 1525 1522
1525 1524 1526
1527 1526 1524
1526 1527 1528
1524 1523 1529
1524 1530 1527
1530 1524 1529
1531 1527 1530
1527 1531 1532
1528 1527 1532
1531 1533 1532
1533 1534 1532
1528 1532 1534
1534 1533 1535
1533 1536 1535
1536 1533 1537
1537 1538 1536
1538 1537 1539
1540 1538 1539
1538 1540 1541
1541 1540 1542
1528 1534 1543
1533 1531 1544
1544 1537 1533
1537 1544 1545
1545 1539 1537
1539 1545 1546
1546 1540 1539
1540 1546 1547
1547 1542 1540
1545 1548 1546
1541 1548 1538
1548 1545 1549
1544 1549 1545
1538 1549 1536
1549 1538 1548
1549 1535 1536
1542 1547 1550
1550 1546 1548
1546 1550 1547
1542 1550 1541
1548 1541 1550
1549 1544 1551
1544 1552 1551
1552 1544 1531
1531 1553 1552
1543 1552 1553
1553 1531 1530
1530 1554 1553
1554 1530 1529
1523 1554 1529
1554 1523 1555
1523 1556 1555
1556 1523 1521
1521 1557 1556
1557 1521 1520
1520 1558 1557
1558 1520 1512
1512 1559 1558
1559 1512 1510
1508 1559 1510
1559 1508 1560
1506 1560 1508
1560 1506 1561
1504 1561 1506
1561 1504 1562
1503 1562 1504
1562 1503 1563
1564 1563 1503
1500 1564 1503
1563 1564 1565
1566 1565 1564
1564 1567 1566
1500 1567 1564
1567 1500 1499
1565 1566 1568
1569 1568 1566
1566 1570 1569
1567 1570 1566
1570 1567 1571
1571 1567 1499
1569 1570 1572
1570 1571 1572
1571 1573 1572
1573 1574 1572
1569 1572 1574
1574 1573 1575
1573 1571 1576
1499 1576 1571
1573 1576 1568
1576 1499 1577
1497 1577 1499
1577 1497 1578
1491 1578 1497
1578 1491 1579
1493 1579 1491
1579 1493 1580
1496 1580 1493
1580 1496 1581
1501 1581 1496
1581 1501 1582
1583 1582 1501
1584 1583 1501
1584 1585 1583
1585 1586 1583
1586 1585 1587
1586 1587 1588
1588 1589 1586
1588 1590 1589
1591 1589 1590
1589 1591 1592
1593 1592 1591
1592 1593 1594
1595 1594 1593
1594 1595 1596
1597 1596 1595
1596 1597 1598
1599 1587 1585
1587 1599 1600
1600 1588 1587
1601 1590 1588
1588 1600 1601
1590 1601 1602
1603 1590 1602
1590 1603 1591
1593 1604 1595
1604 1593 1605
1605 1591 1603
1591 1605 1593
1606 1595 1604
1595 1606 1597
1607 1597 1606
1597 1607 1608
1608 1598 1597
1609 1608 1607
1608 1609 1610
1610 1611 1608
1598 1608 1611
1611 1610 1612
1610 1613 1612
1614 1610 1609
1610 1614 1613
1613 1614 1615
1613 1615 1612
1604 1616 1606
1616 1604 1617
1605 1617 1604
1616 1618 1606
1618 1616 1619
1619 1620 1618
1620 1619 1621
1622 1620 1621
1620 1622 1623
1624 1623 1622
1623 1624 1625
1626 1625 1624
1625 1626 1627
1628 1627 1626
1627 1628 1629
1630 1629 1628
1629 1630 1631
1632 1631 1630
1631 1632 1633
1632 1634 1633
1633 1634 1635
1635 1634 1636
1632 1636 1634
1621 1637 1622
1637 1624 1622
1628 1638 1630
1638 1628 1639
1626 1639 1628
1636 1632 1640
1640 1630 1638
1630 1640 1632
1639 1626 1641
1624 1641 1626
1624 1637 1642
1641 1624 1642
1639 1641 1643
1644 1642 1637
1637 1645 1644
1645 1637 1646
1637 1621 1646
1621 1647 1646
1647 1621 1619
1619 1648 1647
1648 1619 1616
1616 1649 1648
1649 1616 1617
1648 1650 1647
1650 1646 1647
1646 1650 1645
1650 1648 1651
1648 1649 1651
1642 1644 1652
1652 1641 1642
1641 1652 1643
1617 1543 1649
1543 1617 1528
1617 1605 1528
1605 1653 1528
1653 1526 1528
1653 1654 1526
1653 1655 1654
1656 1654 1655
1655 1601 1656
1601 1517 1656
1517 1601 1600
1600 1515 1517
1515 1600 1599
1599 1514 1515
1514 1599 1657
1585 1657 1599
1657 1585 1584
1584 1511 1657
1511 1514 1657
1511 1584 1495
1495 1584 1501
1601 1655 1602
1658 1602 1655
1602 1658 1603
1603 1658 1605
1605 1658 1653
1655 1653 1658
1517 1518 1659
1522 1659 1518
1659 1522 1525
1659 1656 1517
1656 1659 1660
1660 1659 1525
1654 1656 1660
1525 1654 1660
1525 1526 1654
1661 1592 1662
1592 1661 1589
1663 1589 1661
1589 1663 1586
1664 1586 1663
1586 1664 1583
1582 1583 1664
1592 1594 1662
1663 1665 1664
1665 1663 1666
1667 1664 1665
1664 1667 1582
1668 1582 1667
1582 1668 1581
1668 1580 1581
1580 1668 1669
1669 1579 1580
1579 1669 1670
1670 1578 1579
1578 1670 1671
1666 1672 1665
1672 1666 1673
1674 1673 1666
1673 1674 1675
1676 1675 1674
1675 1676 1677
1678 1677 1676
1677 1678 1679
1680 1679 1678
1679 1680 1681
1682 1681 1680
1681 1682 1683
1684 1683 1682
1683 1684 1685
1686 1685 1684
1685 1686 1687
1688 1687 1686
1687 1688 1689
1690 1689 1688
1689 1690 1691
1692 1691 1690
1691 1692 1693
1694 1693 1692
1695 1684 1682
1684 1695 1696
1696 1686 1684
1682 1697 1695
1697 1682 1680
1680 1698 1697
1698 1680 1678
1678 1699 1698
1699 1678 1676
1700 1690 1688
1690 1700 1701
1701 1692 1690
1694 1692 1702
1692 1701 1702
1676 1703 1699
1703 1676 1674
1674 1704 1703
1704 1674 1666
1666 1705 1704
1705 1666 1706
1663 1706 1666
1706 1663 1707
1708 1707 1663
1707 1708 1709
1710 1709 1708
1708 1711 1710
1708 1712 1711
1712 1708 1713
1663 1713 1708
1712 1713 1714
1713 1715 1714
1715 1713 1716
1716 1717 1715
1717 1716 1594
1594 1718 1717
1718 1594 1596
1596 1719 1718
1719 1596 1598
1711 1720 1710
1720 1711 1721
1712 1721 1711
1714 1722 1712
1721 1712 1722
1722 1714 1723
1714 1724 1723
1724 1714 1715
1725 1717 1718
1717 1725 1726
1715 1726 1724
1726 1715 1717
1718 1727 1725
1727 1718 1719
1719 1728 1727
1728 1719 1729
1598 1729 1719
1729 1609 1728
1609 1729 1730
1611 1730 1729
1729 1598 1611
1730 1611 1612
1730 1614 1609
1614 1730 1731
1730 1612 1731
1612 1615 1731
1731 1615 1614
1732 1725 1727
1725 1732 1733
1733 1726 1725
1734 1732 1727
1732 1734 1735
1620 1735 1734
1735 1620 1736
1620 1737 1736
1737 1620 1623
1623 1738 1737
1738 1623 1625
1625 1739 1738
1739 1625 1627
1627 1740 1739
1740 1627 1629
1629 1741 1740
1741 1629 1631
1631 1742 1741
1742 1631 1633
1618 1620 1734
1727 1618 1734
1618 1727 1606
1728 1606 1727
1606 1728 1607
1609 1607 1728
1742 1633 1743
1633 1635 1743
1635 1636 1743
1636 1742 1743
1638 1740 1741
1740 1638 1639
1742 1636 1640
1639 1739 1740
1739 1639 1744
1741 1640 1638
1640 1741 1742
1744 1738 1739
1738 1744 1745
1746 1738 1745
1738 1746 1737
1746 1736 1737
1736 1746 1747
1748 1736 1747
1736 1748 1735
1749 1735 1748
1735 1749 1732
1750 1732 1749
1732 1750 1733
1746 1645 1747
1645 1746 1644
1745 1644 1746
1650 1749 1748
1650 1747 1645
1747 1650 1748
1749 1650 1651
1749 1651 1750
1644 1745 1652
1744 1652 1745
1652 1744 1643
1639 1643 1744
1751 1733 1750
1733 1751 1752
1752 1751 1753
1751 1754 1753
1754 1751 1755
1755 1756 1754
1756 1755 1757
1758 1756 1757
1758 1759 1752
1759 1758 1760
1757 1760 1758
1760 1761 1759
1761 1760 1762
1760 1763 1762
1764 1762 1763
1762 1764 1765
1764 1766 1765
1766 1767 1765
1767 1766 1768
1769 1768 1766
1768 1769 1770
1771 1770 1769
1770 1771 1772
1773 1771 1769
1771 1773 1774
1775 1771 1774
1771 1775 1776
1771 1776 1772
1777 1776 1775
1776 1777 1778
1779 1778 1777
1778 1779 1780
1781 1780 1779
1780 1781 1782
1783 1780 1782
1783 1778 1780
1784 1783 1782
1783 1784 1785
1785 1786 1783
1778 1783 1786
1786 1776 1778
1786 1785 1787
1787 1788 1786
1776 1786 1788
1788 1787 1789
1789 1790 1788
1790 1776 1788
1790 1789 1791
1790 1791 1792
1790 1792 1793
1793 1792 1709
1793 1794 1790
1776 1790 1794
1794 1793 1795
1710 1795 1793
1793 1709 1710
1795 1710 1720
1796 1791 1789
1791 1796 1797
1797 1792 1791
1792 1797 1798
1798 1709 1792
1789 1799 1796
1799 1789 1787
1787 1800 1799
1800 1787 1785
1785 1801 1800
1801 1785 1784
1709 1798 1707
1784 1802 1801
1802 1784 1803
1803 1804 1802
1804 1803 1805
1806 1805 1803
1807 1804 1805
1808 1807 1805
1808 1805 1806
1809 1808 1806
1809 1806 1810
1803 1784 1810
1806 1803 1810
1804 1807 1811
1812 1808 1809
1804 1812 1802
1809 1813 1812
1813 1809 1814
1814 1809 1810
1782 1814 1810
1784 1782 1810
1814 1815 1813
1815 1814 1781
1782 1781 1814
1781 1816 1815
1816 1781 1779
1779 1817 1816
1817 1779 1777
1777 1818 1817
1818 1777 1775
1775 1819 1818
1819 1775 1774
1773 1819 1774
1819 1773 1820
1821 1820 1773
1769 1821 1773
1821 1769 1766
1766 1764 1821
1764 1822 1821
1820 1821 1822
1822 1764 1823
1763 1823 1764
1823 1763 1824
1763 1825 1824
1825 1763 1826
1763 1760 1826
1760 1757 1826
1757 1825 1826
1825 1757 1755
1827 1822 1823
1822 1827 1828
1822 1828 1820
1823 1829 1827
1829 1823 1824
1825 1829 1824
1829 1825 1830
1825 1755 1830
1755 1751 1830
1830 1831 1829
1751 1832 1830
1832 1831 1830
1832 1833 1831
1833 1834 1831
1543 1833 1832
1832 1649 1543
1651 1649 1832
1553 1833 1543
1834 1833 1554
1554 1833 1553
1554 1555 1834
1556 1834 1555
1834 1556 1835
1557 1835 1556
1835 1557 1836
1557 1558 1836
1558 1837 1836
1559 1837 1558
1651 1832 1750
1836 1838 1835
1838 1839 1835
1834 1835 1839
1839 1840 1834
1840 1841 1834
1841 1840 1842
1834 1841 1843
1844 1838 1836
1836 1837 1844
1845 1838 1844
1844 1846 1845
1847 1845 1846
1846 1848 1847
1848 1846 1849
1849 1850 1848
1850 1849 1560
1560 1851 1850
1851 1560 1561
1561 1852 1851
1852 1561 1562
1562 1853 1852
1853 1562 1563
1845 1847 1854
1855 1560 1849
1559 1560 1855
1855 1856 1559
1856 1849 1846
1849 1856 1855
1846 1844 1856
1853 1857 1852
1857 1853 1858
1858 1671 1857
1859 1671 1858
1859 1853 1563
1853 1859 1858
1565 1859 1563
1859 1565 1860
1860 1565 1568
1577 1859 1860
1576 1577 1860
1576 1860 1568
1578 1859 1577
1578 1671 1859
1670 1857 1671
1857 1670 1861
1669 1861 1670
1861 1669 1862
1668 1862 1669
1862 1668 1863
1667 1863 1668
1863 1667 1864
1665 1864 1667
1864 1665 1672
1847 1863 1864
1863 1847 1848
1848 1862 1863
1862 1851 1861
1852 1861 1851
1861 1852 1857
1851 1862 1850
1862 1848 1850
1864 1854 1847
1854 1864 1672
1672 1865 1854
1854 1865 1845
1845 1865 1866
1838 1845 1866
1866 1839 1838
1839 1866 1867
1867 1866 1868
1868 1866 1865
1868 1869 1867
1869 1839 1867
1868 1870 1869
1869 1870 1871
1839 1869 1840
1871 1840 1869
1840 1871 1842
1872 1842 1871
1842 1872 1873
1842 1873 1874
1873 1875 1874
1876 1873 1872
1873 1876 1877
1873 1877 1875
1878 1877 1876
1877 1878 1879
1877 1879 1875
1875 1879 1880
1880 1879 1881
1881 1882 1880
1875 1880 1882
1882 1881 1883
1882 1883 1884
1884 1885 1882
1883 1886 1884
1885 1884 1887
1888 1885 1887
1888 1882 1885
1888 1889 1882
1875 1882 1889
1874 1875 1889
1887 1884 1890
1890 1884 1891
1886 1891 1884
1892 1887 1890
1892 1893 1887
1893 1888 1887
1893 1892 1894
1894 1895 1893
1895 1888 1893
1895 1896 1888
1896 1889 1888
1897 1896 1895
1896 1898 1889
1899 1897 1895
1895 1894 1899
1897 1899 1900
1900 1901 1897
1902 1897 1901
1897 1902 1896
1898 1896 1902
1901 1829 1902
1829 1843 1902
1843 1898 1902
1903 1829 1901
1829 1903 1827
1904 1827 1903
1828 1827 1904
1905 1828 1904
1904 1906 1905
1907 1905 1906
1906 1908 1907
1909 1907 1908
1907 1909 1910
1911 1910 1909
1910 1911 1818
1912 1818 1911
1818 1912 1817
1913 1817 1912
1817 1913 1816
1914 1816 1913
1816 1914 1815
1908 1906 1915
1916 1910 1818
1819 1916 1818
1916 1819 1917
1917 1910 1916
1910 1917 1907
1905 1907 1917
1918 1914 1913
1914 1918 1919
1919 1918 1920
1921 1919 1920
1921 1914 1919
1914 1921 1815
1921 1813 1815
1813 1921 1922
1922 1812 1813
1801 1922 1921
1802 1922 1801
1802 1812 1922
1800 1801 1921
1800 1921 1920
1923 1800 1920
1918 1923 1920
1800 1923 1799
1924 1799 1923
1799 1924 1796
1925 1796 1924
1796 1925 1797
1925 1798 1797
1798 1925 1926
1926 1707 1798
1707 1926 1706
1927 1706 1926
1706 1927 1705
1926 1928 1927
1928 1926 1925
1925 1929 1928
1929 1925 1924
1924 1930 1929
1930 1924 1923
1923 1918 1930
1928 1908 1927
1908 1928 1909
1929 1909 1928
1913 1930 1918
1930 1913 1912
1912 1929 1930
1929 1912 1911
1909 1929 1911
1927 1915 1705
1915 1927 1908
1931 1705 1915
1915 1906 1931
1906 1932 1931
1906 1904 1932
1903 1932 1904
1932 1903 1933
1933 1934 1932
1934 1931 1932
1934 1933 1935
1903 1935 1933
1934 1935 1936
1935 1900 1936
1935 1903 1901
1901 1900 1935
1936 1900 1937
1900 1938 1937
1698 1936 1937
1936 1698 1699
1934 1704 1931
1704 1934 1703
1703 1936 1699
1936 1703 1934
1937 1697 1698
1697 1937 1939
1940 1939 1937
1940 1937 1938
1939 1695 1697
1695 1939 1941
1941 1696 1695
1696 1941 1942
1943 1696 1942
1943 1942 1944
1944 1942 1941
1696 1943 1945
1686 1696 1945
1945 1688 1686
1688 1945 1700
1945 1946 1700
1946 1945 1943
1946 1943 1947
1947 1943 1944
1946 1701 1700
1701 1946 1948
1948 1946 1949
1949 1946 1947
1948 1702 1701
1702 1948 1950
1950 1694 1702
1694 1950 1951
1951 1952 1694
1952 1951 1953
1951 1954 1953
1955 1953 1954
1953 1955 1956
1956 1952 1953
1955 1957 1956
1954 1951 1958
1958 1951 1950
1959 1958 1950
1952 1956 1960
1957 1960 1956
1950 1948 1961
1959 1950 1961
1961 1948 1949
1961 1949 1962
1959 1961 1962
1962 1949 1963
1963 1964 1962
1965 1964 1963
1964 1965 1966
1966 1965 1886
1886 1883 1966
1965 1891 1886
1963 1947 1965
1949 1947 1963
1947 1967 1965
1891 1965 1967
1968 1891 1967
1968 1890 1891
1892 1890 1968
1947 1944 1967
1969 1892 1968
1968 1967 1970
1967 1944 1970
1969 1968 1970
1939 1969 1970
1944 1941 1970
1941 1939 1970
1939 1940 1969
1894 1969 1940
1894 1892 1969
1899 1894 1940
1899 1940 1938
1900 1899 1938
1568 1569 1971
1574 1971 1569
1971 1574 1575
1575 1573 1971
1573 1568 1971
1535 1549 1551
1551 1534 1535
1534 1551 1552
1552 1543 1534
1972 1973 1974
1974 1975 1972
1975 1974 1976
1977 1975 1976
1975 1977 1978
1979 1978 1977
1978 1979 1980
1979 1753 1980
1753 1979 1981
1979 1756 1981
1756 1758 1981
1756 1979 1982
1977 1982 1979
1982 1977 1983
1976 1983 1977
1983 1976 1984
1974 1984 1976
1984 1974 1985
1985 1974 1973
1986 1983 1984
1983 1986 1987
1987 1982 1983
1987 1975 1978
1975 1987 1986
1980 1987 1978
1982 1987 1988
1987 1980 1988
1753 1988 1980
1984 1989 1986
1989 1984 1985
1973 1989 1985
1754 1982 1988
1982 1754 1756
1988 1753 1754
1973 1972 1989
1972 1986 1989
1986 1972 1975
1752 1981 1758
1752 1753 1981
1726 1752 1990
1990 1752 1759
1990 1759 1991
1992 1990 1991
1991 1993 1992
1722 1992 1993
1767 1722 1993
1722 1767 1721
1768 1721 1767
1721 1768 1720
1770 1720 1768
1720 1770 1795
1770 1794 1795
1794 1770 1772
1776 1794 1772
1992 1722 1723
1723 1994 1992
1994 1723 1724
1724 1726 1994
1993 1995 1767
1767 1995 1765
1995 1762 1765
1762 1995 1761
1996 1761 1995
1995 1993 1996
1993 1991 1996
1761 1996 1991
1761 1991 1759
1726 1990 1994
1990 1992 1994
1726 1733 1752
1716 1661 1662
1661 1716 1713
1713 1663 1661
1716 1662 1594
1808 1812 1997
1997 1807 1808
1807 1997 1811
1811 1997 1804
1804 1997 1812
1832 1751 1750
1820 1828 1998
1819 1820 1998
1819 1998 1917
1917 1998 1905
1828 1905 1998
1705 1931 1704
1829 1831 1843
1834 1843 1831
1843 1841 1898
1898 1841 1874
1874 1889 1898
1842 1874 1841
1999 2000 2001
1687 1999 2001
2001 1685 1687
1685 2001 2002
2001 2003 2002
2000 2003 2001
2004 1685 2002
2003 2004 2002
1685 2004 1683
1999 1687 1689
1691 1999 1689
1999 1691 2005
2005 2006 1999
2006 2000 1999
2007 1683 2004
1683 2007 1681
2008 1681 2007
2009 2008 2007
1681 2008 1679
1870 1679 2008
1870 2008 1871
1871 2008 2010
2009 2010 2008
1679 1870 1677
1870 1675 1677
1675 1870 1868
1868 1673 1675
1673 1868 1865
1865 1672 1673
1872 2010 2009
1871 2010 1872
2007 2011 2009
2007 2012 2011
1876 2009 2011
1872 2009 1876
2011 2012 2013
2011 2013 1878
1876 2011 1878
1878 2013 2014
1878 2014 1879
1879 2014 1881
2014 2015 1881
2013 2015 2014
2016 1881 2015
1883 1881 2016
2016 1966 1883
1966 2016 2017
2017 2016 2015
2017 1964 1966
1964 2017 2018
2018 1962 1964
2013 2019 2015
2013 2012 2019
2015 2019 2017
2000 2017 2019
2018 2017 2000
2006 2018 2000
1962 2018 2006
2020 1962 2006
2000 2019 2003
2019 2012 2003
2003 2012 2004
2020 2006 2005
2021 2020 2005
2005 1693 2021
1694 2021 1693
2021 1694 2022
1693 2005 1691
1952 2022 1694
2022 1952 2023
1954 2022 2023
2023 1955 1954
1955 2023 2024
1952 2024 2023
1955 2024 1957
2022 1954 1958
1958 2021 2022
1959 2021 1958
2024 1952 1960
1957 2024 1960
1959 2020 2021
1959 1962 2020
1559 1856 1837
1856 1844 1837
2004 2012 2007
2025 2026 2027
2026 2025 2028
2027 2029 2025
2029 2027 2030
2030 2031 2029
2031 2030 2032
2025 2033 2028
2034 2028 2033
2028 2034 2035
2033 2025 2036
2029 2036 2025
2035 2037 2028
2037 2026 2028
2026 2037 2038
2039 2038 2037
2038 2039 2040
2039 2041 2040
2041 2042 2040
2037 2043 2039
2043 2041 2039
2041 2043 2044
2045 2041 2044
2041 2045 2046
2046 2042 2041
2047 2042 2046
2046 2045 2047
2047 2048 2042
2049 2048 2047
2050 2048 2049
2051 2050 2049
2037 2052 2043
2052 2037 2035
2053 2043 2052
2054 2044 2043
2045 2044 2054
2054 2043 2053
2042 2055 2040
2056 2040 2055
2040 2056 2038
2050 2057 2048
2058 2048 2057
2055 2042 2058
2048 2058 2042
2057 2050 2059
2050 2060 2059
2050 2051 2060
2034 2052 2035
2052 2034 2061
2052 2061 2053
2062 2061 2034
2034 2063 2062
2034 2064 2063
2064 2034 2033
2064 2065 2063
2065 2064 2066
2067 2066 2064
2033 2067 2064
2066 2067 2068
2068 2067 2069
2070 2068 2069
2069 2071 2070
2071 2069 2072
2069 2073 2072
2071 2072 2074
2071 2074 2070
2074 2068 2070
2068 2074 2075
2074 2076 2075
2074 2072 2076
2069 2036 2073
2036 2069 2067
2067 2033 2036
2066 2077 2065
2066 2078 2077
2066 2068 2078
2068 2079 2078
2068 2075 2079
2075 2080 2079
2076 2072 2080
2075 2076 2080
2079 2080 2081
2080 2082 2081
2082 2083 2081
2083 2082 2084
2081 2083 2085
2086 2083 2084
2084 2087 2086
2087 2084 2088
2084 2089 2088
2089 2090 2088
2090 2089 2091
2092 2090 2091
2091 2093 2092
2094 2092 2093
2092 2094 2095
2095 2094 2096
2091 2097 2093
2091 2098 2097
2097 2098 2032
2089 2084 2099
2091 2100 2098
2091 2089 2100
2101 2097 2032
2030 2101 2032
2101 2030 2102
2027 2102 2030
2102 2027 2103
2097 2101 2104
2104 2093 2097
2096 2094 2105
2093 2105 2094
2093 2104 2106
2105 2093 2106
2095 2096 2107
2096 2105 2107
2032 2098 2031
2098 2108 2031
2108 2098 2100
2108 2100 2109
2089 2109 2100
2099 2109 2089
2080 2109 2099
2080 2099 2082
2026 2103 2027
2103 2026 2110
2038 2110 2026
2110 2038 2056
2110 2056 2111
2056 2112 2111
2056 2113 2112
2113 2056 2114
2056 2055 2114
2055 2115 2114
2115 2055 2058
2115 2058 2116
2116 2058 2057
2116 2057 2117
2117 2057 2059
2118 2117 2059
2110 2111 2119
2119 2111 2120
2111 2112 2120
2062 2119 2120
2120 2061 2062
2061 2120 2121
2120 2112 2121
2112 2113 2121
2061 2121 2053
2119 2062 2063
2122 2119 2063
2123 2119 2122
2124 2123 2122
2125 2124 2122
2125 2122 2063
2125 2126 2124
2124 2126 2123
2125 2127 2126
2127 2123 2126
2127 2125 2065
2125 2063 2065
2119 2123 2128
2123 2127 2128
2121 2129 2053
2129 2054 2053
2054 2129 2130
2130 2045 2054
2045 2130 2131
2045 2131 2132
2045 2132 2047
2132 2049 2047
2049 2132 2133
2133 2051 2049
2051 2133 2134
2051 2134 2060
2065 2077 2127
2135 2127 2077
2127 2135 2128
2135 2119 2128
2119 2135 2136
2137 2136 2135
2077 2137 2135
2119 2136 2110
2138 2136 2137
2138 2110 2136
2103 2110 2138
2138 2102 2103
2102 2138 2139
2139 2101 2102
2101 2139 2140
2140 2104 2101
2104 2140 2141
2141 2106 2104
2142 2138 2137
2143 2138 2142
2144 2138 2143
2145 2138 2144
2145 2139 2138
2144 2083 2145
2083 2086 2145
2086 2139 2145
2086 2140 2139
2140 2086 2087
2087 2141 2140
2141 2087 2146
2088 2146 2087
2146 2088 2090
2090 2147 2146
2147 2141 2146
2147 2106 2141
2147 2090 2092
2092 2107 2147
2107 2092 2095
2147 2105 2106
2105 2147 2107
2085 2083 2144
2143 2085 2144
2085 2143 2148
2085 2148 2081
2081 2148 2149
2081 2149 2079
2149 2078 2079
2148 2142 2149
2142 2078 2149
2142 2148 2143
2078 2142 2137
2137 2077 2078
2031 2073 2029
2036 2029 2073
2031 2072 2073
2031 2108 2072
2072 2108 2109
2072 2109 2080
2121 2113 2150
2121 2150 2129
2151 2150 2113
2152 2151 2113
2153 2152 2113
2152 2153 2154
2155 2154 2153
2153 2156 2155
2157 2155 2156
2158 2157 2156
2157 2158 2159
2160 2159 2158
2158 2161 2160
2161 2162 2160
2162 2161 2163
2161 2158 2164
2156 2164 2158
2163 2165 2162
2165 2163 2166
2166 2167 2165
2167 2166 2168
2169 2167 2168
2167 2169 2170
2171 2167 2170
2167 2171 2172
2170 2173 2171
2173 2170 2174
2170 2169 2175
2170 2175 2174
2174 2175 2176
2174 2177 2173
2177 2174 2178
2178 2174 2176
2178 2176 2179
2177 2178 2180
2180 2178 2181
2182 2180 2181
2183 2182 2181
2182 2183 2184
2184 2185 2182
2185 2184 2186
2180 2182 2187
2185 2187 2182
2187 2185 2188
2186 2189 2185
2189 2188 2185
2189 2186 2190
2190 2191 2189
2191 2190 2192
2191 2193 2189
2188 2189 2193
2193 2191 2194
2192 2195 2191
2195 2194 2191
2195 2192 2196
2197 2195 2196
2197 2198 2195
2194 2195 2198
2197 2196 2199
2197 2199 2198
2192 2199 2196
2199 2194 2198
2184 2200 2186
2200 2187 2188
2190 2201 2192
2201 2193 2194
2199 2192 2201
2194 2199 2201
2201 2190 2202
2193 2201 2202
2188 2202 2200
2202 2188 2193
2187 2200 2203
2200 2184 2203
2183 2203 2184
2203 2183 2204
2180 2203 2204
2203 2180 2187
2202 2186 2200
2186 2202 2190
2204 2183 2205
2181 2205 2183
2181 2206 2205
2207 2206 2181
2208 2205 2206
2206 2209 2208
2209 2206 2210
2209 2211 2208
2209 2212 2211
2212 2213 2211
2213 2212 2214
2179 2210 2206
2207 2179 2206
2215 2212 2209
2215 2209 2210
2212 2215 2216
2214 2212 2216
2181 2178 2207
2207 2178 2179
2216 2217 2214
2217 2218 2214
2219 2217 2216
2219 2215 2210
2179 2219 2210
2219 2216 2215
2176 2219 2179
2175 2219 2176
2220 2214 2218
2214 2220 2213
2218 2221 2220
2221 2218 2222
2223 2222 2218
2217 2223 2218
2222 2223 2224
2224 2225 2222
2225 2224 2226
2226 2227 2225
2225 2227 2228
2228 2222 2225
2222 2228 2221
2169 2219 2175
2169 2229 2219
2229 2169 2230
2169 2168 2230
2230 2168 2231
2231 2232 2230
2231 2233 2232
2233 2231 2234
2234 2118 2233
2118 2234 2117
2168 2166 2231
2231 2166 2234
2163 2234 2166
2163 2117 2234
2163 2161 2117
2117 2161 2116
2161 2115 2116
2115 2161 2164
2164 2114 2115
2114 2164 2235
2164 2156 2235
2156 2153 2235
2235 2113 2114
2113 2235 2153
2118 2236 2233
2236 2118 2237
2118 2059 2237
2237 2059 2238
2239 2238 2059
2239 2059 2060
2238 2239 2240
2239 2241 2240
2242 2241 2239
2239 2060 2242
2241 2243 2240
2243 2244 2240
2243 2245 2244
2245 2246 2244
2246 2247 2244
2248 2247 2246
2248 2249 2247
2249 2248 2250
2251 2249 2250
2250 2248 2252
2246 2252 2248
2252 2246 2253
2246 2254 2253
2254 2246 2245
2245 2243 2254
2255 2250 2252
2250 2255 2256
2256 2257 2250
2250 2257 2251
2258 2251 2257
2251 2258 2259
2260 2259 2258
2259 2260 2261
2262 2261 2260
2261 2262 2263
2264 2257 2256
2255 2264 2256
2257 2264 2265
2265 2258 2257
2258 2265 2266
2260 2258 2266
2267 2255 2252
2268 2252 2253
2268 2267 2252
2254 2268 2253
2269 2259 2261
2259 2269 2270
2261 2271 2269
2271 2261 2263
2272 2271 2263
2272 2263 2273
2263 2262 2273
2274 2272 2273
2274 2275 2272
2274 2276 2275
2276 2274 2277
2276 2278 2275
2278 2276 2279
2279 2280 2278
2281 2277 2274
2277 2281 2282
2281 2283 2282
2283 2281 2284
2274 2273 2285
2274 2285 2281
2271 2272 2286
2275 2286 2272
2280 2287 2278
2287 2275 2278
2286 2275 2288
2275 2287 2288
2276 2289 2279
2279 2289 2280
2280 2289 2287
2289 2276 2290
2277 2290 2276
2287 2290 2288
2290 2287 2289
2282 2291 2277
2290 2277 2291
2291 2282 2292
2283 2292 2282
2292 2283 2293
2294 2293 2283
2294 2283 2295
2283 2284 2295
2295 2296 2294
2296 2297 2294
2293 2294 2298
2299 2298 2294
2297 2299 2294
2300 2295 2284
2300 2296 2295
2300 2284 2301
2302 2296 2300
2303 2302 2300
2284 2281 2301
2281 2285 2301
2304 2301 2285
2297 2296 2305
2296 2302 2306
2296 2306 2305
2307 2301 2304
2307 2300 2301
2262 2307 2304
2273 2262 2304
2304 2285 2273
2262 2308 2307
2309 2307 2308
2309 2310 2307
2310 2309 2311
2311 2309 2312
2312 2302 2303
2312 2313 2302
2306 2302 2313
2310 2314 2307
2312 2303 2314
2310 2311 2314
2314 2311 2312
2314 2303 2315
2314 2315 2307
2312 2309 2316
2316 2317 2312
2317 2313 2312
2317 2316 2318
2318 2319 2317
2319 2318 2320
2318 2264 2320
2264 2321 2320
2321 2264 2322
2264 2318 2265
2316 2265 2318
2264 2255 2322
2265 2316 2266
2309 2266 2316
2266 2309 2308
2317 2323 2313
2317 2319 2323
2324 2319 2320
2324 2325 2319
2319 2325 2323
2325 2324 2326
2324 2327 2326
2324 2328 2327
2324 2320 2328
2266 2308 2260
2262 2260 2308
2327 2328 2329
2329 2325 2326
2327 2329 2326
2330 2329 2328
2329 2330 2331
2325 2329 2331
2328 2320 2330
2321 2330 2320
2330 2321 2332
2322 2332 2321
2332 2322 2333
2322 2267 2333
2333 2267 2129
2268 2129 2267
2129 2268 2130
2254 2130 2268
2130 2254 2131
2254 2132 2131
2254 2243 2132
2241 2132 2243
2132 2241 2133
2242 2133 2241
2133 2242 2134
2242 2060 2134
2255 2267 2322
2333 2129 2150
2333 2150 2334
2151 2334 2150
2151 2335 2334
2335 2336 2334
2336 2335 2337
2337 2338 2336
2339 2336 2338
2338 2157 2339
2157 2340 2339
2340 2157 2159
2159 2341 2340
2342 2340 2341
2343 2342 2341
2342 2343 2344
2340 2342 2345
2345 2339 2340
2346 2344 2343
2344 2346 2347
2348 2347 2346
2347 2348 2349
2348 2350 2349
2350 2348 2351
2348 2171 2351
2171 2348 2172
2173 2351 2171
2351 2173 2352
2351 2352 2353
2351 2353 2350
2177 2352 2173
2352 2177 2354
2354 2355 2352
2355 2353 2352
2177 2180 2354
2180 2204 2354
2204 2356 2354
2356 2204 2357
2356 2358 2354
2356 2357 2358
2358 2355 2354
2204 2205 2357
2208 2357 2205
2357 2208 2359
2359 2208 2211
2359 2211 2360
2213 2360 2211
2360 2213 2361
2360 2362 2359
2362 2363 2359
2363 2357 2359
2357 2363 2358
2362 2360 2364
2361 2364 2360
2364 2361 2217
2217 2361 2365
2219 2364 2217
2219 2363 2362
2358 2363 2219
2219 2362 2364
2355 2358 2219
2353 2355 2219
2220 2361 2213
2361 2220 2365
2221 2365 2220
2365 2221 2366
2366 2223 2365
2217 2365 2223
2223 2366 2224
2367 2224 2366
2224 2367 2226
2226 2367 2227
2367 2228 2227
2228 2366 2221
2366 2228 2367
2350 2353 2219
2350 2219 2229
2229 2230 2350
2350 2230 2349
2230 2368 2349
2368 2230 2232
2233 2368 2232
2368 2233 2236
2349 2368 2347
2368 2236 2347
2344 2347 2236
2344 2236 2237
2344 2237 2342
2237 2369 2342
2369 2237 2238
2369 2238 2370
2240 2370 2238
2370 2240 2244
2244 2371 2370
2371 2244 2247
2247 2372 2371
2372 2247 2249
2249 2373 2372
2373 2374 2372
2373 2249 2251
2251 2270 2373
2270 2251 2259
2375 2369 2370
2375 2370 2371
2375 2342 2369
2371 2376 2375
2372 2376 2371
2334 2376 2372
2372 2377 2334
2372 2374 2377
2270 2378 2373
2269 2378 2270
2378 2269 2379
2271 2379 2269
2379 2271 2380
2286 2380 2271
2380 2286 2381
2381 2286 2288
2374 2332 2377
2332 2333 2377
2377 2333 2334
2376 2345 2375
2342 2375 2345
2345 2376 2382
2334 2382 2376
2339 2345 2382
2336 2339 2382
2382 2334 2336
2298 2378 2379
2298 2299 2378
2299 2383 2378
2383 2384 2378
2384 2385 2378
2378 2385 2386
2385 2387 2386
2330 2386 2387
2387 2331 2330
2330 2373 2386
2378 2386 2373
2373 2330 2374
2330 2332 2374
2297 2383 2299
2383 2297 2305
2305 2384 2383
2384 2305 2306
2313 2384 2306
2384 2313 2385
2385 2323 2387
2323 2385 2313
2387 2325 2331
2325 2387 2323
2388 2389 2390
2389 2388 2391
2392 2391 2388
2391 2392 2393
2390 2394 2388
2388 2394 2395
2395 2396 2388
2388 2396 2392
2396 2395 2397
2398 2397 2395
2398 2399 2397
2398 2400 2399
2401 2400 2398
2395 2402 2398
2395 2394 2402
2398 2402 2403
2398 2403 2404
2404 2405 2398
2405 2401 2398
2404 2406 2405
2405 2406 2407
2407 2406 2408
2401 2405 2409
2405 2407 2409
2410 2409 2407
2409 2411 2401
2400 2401 2411
2411 2409 2412
2410 2412 2409
2413 2397 2399
2399 2400 2413
2397 2413 2414
2414 2396 2397
2396 2414 2415
2415 2392 2396
2392 2415 2416
2412 2410 2417
2418 2417 2410
2418 2410 2419
2419 2410 2407
2419 2407 2420
2417 2418 2421
2422 2418 2419
2418 2422 2421
2420 2422 2419
2417 2421 2422
2416 2393 2392
2393 2416 2423
2423 2424 2393
2424 2423 2425
2425 2426 2424
2427 2424 2426
2424 2427 2428
2428 2391 2424
2424 2391 2393
2426 2429 2427
2429 2426 2155
2155 2157 2429
2154 2155 2426
2426 2425 2154
2422 2420 2430
2420 2431 2430
2432 2425 2423
2416 2432 2423
2425 2432 2433
2433 2154 2425
2154 2433 2152
2431 2434 2430
2435 2434 2431
2416 2436 2432
2436 2416 2437
2415 2437 2416
2437 2415 2438
2439 2432 2436
2432 2439 2433
2440 2433 2439
2433 2440 2152
2430 2434 2441
2430 2441 2422
2441 2442 2422
2442 2417 2422
2442 2412 2417
2412 2442 2443
2151 2152 2440
2414 2438 2415
2414 2444 2438
2413 2444 2414
2445 2444 2413
2445 2411 2443
2412 2443 2411
2411 2445 2400
2400 2445 2413
2446 2443 2442
2447 2445 2443
2446 2447 2443
2448 2447 2446
2447 2448 2449
2450 2447 2449
2445 2447 2450
2446 2451 2448
2451 2446 2452
2452 2453 2451
2453 2454 2451
2454 2455 2451
2455 2448 2451
2448 2455 2456
2449 2448 2456
2456 2455 2406
2455 2408 2406
2404 2456 2406
2456 2457 2449
2404 2457 2456
2457 2450 2449
2457 2458 2450
2454 2459 2455
2455 2459 2460
2460 2408 2455
2408 2460 2461
2461 2462 2408
2462 2463 2408
2463 2462 2464
2465 2464 2462
2464 2465 2466
2465 2467 2466
2467 2465 2468
2408 2463 2469
2468 2470 2467
2468 2471 2470
2467 2472 2466
2472 2467 2473
2470 2471 2474
2474 2467 2470
2467 2474 2473
2464 2475 2463
2475 2469 2463
2475 2464 2476
2476 2466 2472
2466 2476 2464
2473 2477 2472
2476 2435 2475
2435 2476 2478
2478 2472 2477
2472 2478 2476
2475 2435 2431
2469 2475 2431
2431 2420 2469
2407 2469 2420
2469 2407 2408
2468 2479 2471
2479 2474 2471
2474 2480 2473
2480 2474 2479
2468 2480 2479
2465 2480 2468
2480 2465 2481
2465 2482 2481
2482 2465 2462
2462 2461 2482
2483 2480 2481
2483 2478 2477
2480 2483 2473
2484 2482 2461
2482 2484 2485
2481 2485 2483
2485 2481 2482
2473 2483 2477
2435 2485 2484
2485 2435 2478
2478 2483 2485
2484 2486 2435
2435 2486 2434
2486 2487 2434
2486 2459 2487
2459 2488 2487
2488 2459 2454
2453 2488 2454
2488 2453 2489
2453 2452 2489
2452 2488 2489
2459 2486 2460
2484 2460 2486
2487 2488 2441
2487 2441 2434
2441 2488 2442
2442 2488 2452
2442 2452 2446
2460 2484 2461
2159 2160 2490
2162 2490 2160
2490 2162 2491
2165 2491 2162
2491 2165 2492
2167 2492 2165
2492 2167 2172
2493 2490 2491
2490 2493 2494
2495 2494 2493
2494 2495 2496
2493 2497 2495
2172 2497 2498
2497 2493 2498
2491 2498 2493
2498 2491 2492
2498 2492 2172
2496 2499 2494
2499 2496 2500
2500 2501 2499
2501 2500 2502
2502 2503 2501
2503 2502 2504
2504 2505 2503
2505 2504 2506
2506 2507 2505
2507 2506 2508
2508 2509 2507
2509 2508 2510
2510 2511 2509
2511 2510 2512
2513 2511 2512
2511 2513 2514
2513 2515 2514
2516 2515 2513
2515 2516 2517
2518 2517 2516
2517 2518 2519
2520 2519 2518
2519 2520 2521
2520 2522 2521
2521 2523 2519
2523 2521 2524
2522 2524 2521
2525 2514 2515
2525 2515 2517
2517 2526 2525
2526 2519 2523
2519 2526 2517
2514 2525 2527
2528 2527 2525
2528 2529 2527
2529 2528 2530
2529 2530 2531
2527 2529 2532
2529 2531 2394
2532 2529 2394
2402 2394 2531
2531 2533 2402
2530 2533 2531
2520 2534 2522
2534 2523 2524
2522 2534 2524
2523 2534 2535
2535 2526 2523
2520 2535 2534
2535 2520 2518
2518 2536 2535
2536 2525 2526
2526 2535 2536
2536 2518 2516
2516 2537 2536
2537 2516 2513
2525 2536 2537
2525 2537 2538
2513 2538 2537
2538 2539 2525
2538 2532 2539
2528 2525 2539
2528 2539 2540
2540 2530 2528
2541 2533 2530
2540 2541 2530
2513 2542 2538
2542 2513 2512
2510 2542 2512
2542 2510 2543
2508 2543 2510
2543 2508 2544
2506 2544 2508
2544 2506 2545
2504 2545 2506
2545 2504 2546
2502 2546 2504
2546 2502 2547
2500 2547 2502
2547 2500 2548
2496 2548 2500
2548 2496 2549
2495 2549 2496
2549 2495 2550
2497 2550 2495
2550 2497 2551
2172 2551 2497
2550 2490 2549
2490 2550 2552
2551 2552 2550
2343 2490 2552
2490 2343 2341
2341 2159 2490
2552 2346 2343
2346 2552 2553
2552 2551 2553
2551 2172 2553
2553 2348 2346
2348 2553 2172
2554 2549 2490
2494 2554 2490
2554 2494 2499
2501 2554 2499
2554 2501 2555
2503 2555 2501
2555 2503 2556
2505 2556 2503
2556 2505 2557
2505 2558 2557
2558 2505 2507
2507 2559 2558
2559 2507 2509
2509 2560 2559
2560 2509 2511
2511 2561 2560
2560 2543 2559
2543 2560 2542
2542 2560 2561
2545 2556 2557
2558 2545 2557
2556 2545 2546
2546 2555 2556
2542 2561 2538
2559 2544 2558
2544 2559 2543
2545 2558 2544
2538 2561 2532
2514 2532 2561
2511 2514 2561
2514 2527 2532
2539 2532 2540
2532 2394 2540
2540 2394 2541
2562 2541 2394
2563 2562 2394
2563 2457 2562
2457 2563 2564
2565 2564 2563
2563 2566 2565
2566 2563 2394
2457 2564 2458
2457 2403 2562
2390 2566 2394
2389 2566 2390
2566 2389 2567
2567 2568 2566
2566 2568 2565
2568 2567 2569
2457 2404 2403
2568 2570 2565
2570 2568 2571
2569 2571 2568
2572 2565 2570
2565 2572 2564
2573 2564 2572
2564 2573 2458
2571 2569 2574
2575 2574 2569
2575 2569 2567
2428 2575 2567
2567 2389 2428
2391 2428 2389
2427 2575 2428
2575 2427 2576
2429 2576 2427
2576 2429 2338
2157 2338 2429
2338 2337 2576
2577 2576 2337
2576 2577 2575
2574 2575 2577
2571 2574 2578
2577 2578 2574
2578 2577 2579
2337 2579 2577
2579 2337 2335
2573 2572 2444
2439 2578 2579
2578 2439 2436
2436 2571 2578
2571 2436 2437
2437 2570 2571
2570 2437 2438
2572 2438 2444
2572 2570 2438
2579 2440 2439
2440 2579 2335
2335 2151 2440
2445 2573 2444
2450 2573 2445
2458 2573 2450
2084 2082 2099
2562 2403 2533
2533 2403 2402
2541 2562 2533
2549 2554 2548
2554 2547 2548
2547 2554 2555
2555 2546 2547
2293 2298 2379
2380 2293 2379
2293 2380 2292
2381 2292 2380
2292 2381 2291
2290 2291 2381
2290 2381 2288
2315 2300 2307
2303 2300 2315
2580 2581 2582
2583 2581 2580
2581 2583 2584
2585 2584 2583
2584 2585 2586
2587 2586 2585
2586 2587 2588
2588 2589 2586
2589 2588 2590
2591 2590 2588
2591 2588 2587
2587 2592 2591
2593 2591 2592
2594 2593 2592
2594 2595 2593
2596 2595 2594
2596 2594 2597
2598 2595 2596
2595 2598 2599
2600 2595 2599
2595 2600 2593
2591 2593 2600
2599 2601 2600
2599 2598 2601
2598 2602 2601
2598 2603 2602
2596 2603 2598
2602 2603 2604
2604 2605 2602
2604 2606 2605
2604 2607 2606
2607 2608 2597
2604 2603 2608
2604 2608 2607
2603 2596 2608
2597 2608 2596
2607 2597 2609
2594 2609 2597
2610 2605 2606
2610 2606 2607
2611 2605 2610
2612 2611 2610
2611 2612 2613
2614 2612 2610
2614 2610 2607
2615 2614 2607
2614 2616 2612
2612 2616 2613
2617 2613 2616
2616 2614 2618
2618 2619 2616
2616 2619 2617
2619 2618 2620
2621 2620 2618
2620 2621 2622
2620 2623 2619
2623 2620 2624
2620 2622 2624
2623 2624 2625
2624 2626 2625
2624 2622 2626
2627 2614 2615
2627 2618 2614
2627 2621 2618
2613 2617 2628
2629 2628 2617
2619 2623 2629
2629 2617 2619
2628 2629 2630
2631 2630 2629
2631 2629 2623
2630 2631 2632
2633 2625 2626
2633 2626 2634
2634 2635 2633
2636 2635 2634
2636 2637 2635
2638 2637 2636
2638 2639 2637
2637 2639 2635
2639 2638 2640
2640 2641 2639
2641 2640 2642
2643 2642 2640
2642 2643 2644
2645 2644 2643
2644 2645 2646
2647 2646 2645
2646 2647 2648
2649 2648 2647
2648 2649 2650
2651 2650 2649
2652 2639 2641
2639 2652 2653
2654 2653 2652
2653 2654 2655
2656 2655 2654
2655 2656 2657
2658 2657 2656
2657 2658 2659
2660 2659 2658
2656 2660 2658
2659 2660 2661
2650 2651 2662
2662 2651 2663
2663 2651 2664
2651 2649 2664
2665 2661 2660
2660 2656 2665
2661 2665 2666
2655 2633 2653
2653 2633 2635
2653 2635 2639
2655 2625 2633
2657 2625 2655
2623 2625 2657
2657 2659 2623
2665 2667 2666
2667 2665 2668
2669 2667 2668
2667 2669 2670
2670 2666 2667
2666 2670 2661
2632 2670 2669
2670 2632 2631
2661 2670 2631
2661 2631 2659
2659 2631 2623
2668 2665 2656
2671 2669 2668
2672 2671 2668
2672 2668 2654
2654 2668 2656
2652 2672 2654
2673 2669 2671
2669 2673 2632
2671 2674 2673
2674 2675 2673
2676 2673 2675
2673 2676 2677
2678 2677 2676
2678 2679 2677
2679 2680 2677
2680 2679 2681
2682 2680 2681
2680 2682 2683
2682 2684 2683
2684 2682 2685
2685 2686 2684
2686 2687 2684
2687 2683 2684
2685 2687 2686
2682 2687 2685
2683 2687 2688
2687 2682 2688
2683 2688 2689
2680 2630 2677
2630 2680 2628
2683 2628 2680
2689 2628 2683
2690 2628 2689
2690 2689 2691
2689 2688 2691
2690 2613 2628
2690 2611 2613
2611 2690 2692
2693 2611 2692
2611 2693 2605
2694 2605 2693
2605 2694 2602
2695 2602 2694
2602 2695 2601
2696 2693 2692
2690 2696 2692
2693 2696 2697
2697 2694 2693
2696 2698 2697
2699 2698 2696
2696 2700 2699
2696 2690 2700
2690 2691 2700
2701 2698 2699
2702 2701 2699
2699 2700 2702
2703 2702 2700
2701 2702 2704
2705 2704 2702
2702 2703 2705
2704 2705 2706
2621 2704 2706
2706 2622 2621
2707 2706 2705
2706 2707 2708
2706 2708 2622
2707 2709 2708
2708 2709 2626
2708 2626 2622
2627 2701 2704
2627 2704 2621
2700 2691 2703
2710 2703 2691
2703 2710 2711
2705 2711 2707
2711 2705 2703
2710 2712 2711
2712 2707 2711
2712 2710 2713
2714 2626 2709
2714 2634 2626
2634 2714 2715
2636 2634 2715
2636 2715 2716
2638 2636 2716
2717 2638 2716
2716 2715 2717
2638 2717 2718
2719 2718 2717
2718 2719 2720
2720 2721 2718
2721 2720 2722
2722 2723 2721
2723 2722 2724
2724 2725 2723
2725 2724 2726
2726 2727 2725
2727 2726 2650
2728 2727 2650
2717 2729 2719
2729 2717 2730
2730 2731 2729
2731 2730 2732
2732 2733 2731
2733 2732 2734
2734 2735 2733
2735 2734 2736
2736 2737 2735
2737 2733 2735
2737 2736 2738
2650 2662 2728
2662 2663 2728
2663 2664 2728
2728 2664 2727
2738 2739 2737
2733 2737 2739
2739 2738 2740
2732 2730 2714
2730 2715 2714
2730 2717 2715
2732 2714 2709
2734 2732 2709
2707 2734 2709
2734 2707 2736
2741 2739 2740
2739 2741 2742
2741 2743 2742
2743 2741 2744
2744 2741 2740
2740 2738 2744
2744 2713 2743
2713 2744 2712
2738 2712 2744
2738 2736 2712
2736 2707 2712
2742 2733 2739
2745 2742 2743
2746 2742 2745
2746 2731 2742
2731 2733 2742
2729 2731 2746
2747 2745 2743
2743 2713 2747
2745 2747 2674
2674 2747 2675
2676 2675 2747
2747 2748 2676
2678 2676 2748
2678 2748 2679
2749 2679 2748
2679 2749 2681
2749 2682 2681
2682 2749 2688
2750 2745 2674
2750 2674 2751
2752 2751 2674
2671 2752 2674
2752 2671 2753
2672 2753 2671
2754 2751 2752
2754 2750 2751
2754 2752 2755
2752 2753 2755
2756 2754 2755
2757 2756 2755
2672 2757 2753
2753 2757 2755
2758 2756 2757
2759 2757 2672
2757 2759 2758
2758 2759 2760
2761 2760 2759
2760 2761 2762
2762 2763 2760
2763 2762 2764
2765 2760 2763
2760 2765 2758
2766 2765 2763
2764 2766 2763
2761 2759 2767
2759 2672 2768
2768 2767 2759
2768 2672 2652
2641 2768 2652
2641 2769 2768
2768 2769 2767
2641 2770 2769
2642 2770 2641
2642 2771 2770
2772 2770 2771
2770 2772 2773
2770 2773 2769
2769 2773 2774
2769 2774 2767
2771 2775 2772
2776 2775 2771
2771 2644 2776
2644 2771 2642
2644 2777 2776
2777 2644 2646
2646 2778 2777
2778 2646 2648
2648 2779 2778
2648 2650 2779
2726 2778 2779
2726 2779 2650
2778 2724 2777
2724 2778 2726
2777 2722 2776
2722 2777 2724
2776 2780 2775
2780 2772 2775
2722 2780 2776
2772 2780 2781
2782 2774 2773
2781 2782 2773
2781 2773 2772
2719 2782 2781
2720 2719 2781
2780 2722 2720
2720 2781 2780
2719 2783 2782
2719 2729 2783
2783 2729 2746
2784 2783 2746
2784 2746 2785
2746 2786 2785
2746 2745 2786
2745 2750 2786
2785 2758 2784
2758 2785 2756
2785 2787 2756
2786 2787 2785
2750 2787 2786
2754 2787 2750
2756 2787 2754
2758 2788 2784
2788 2761 2784
2761 2788 2762
2789 2762 2788
2762 2789 2764
2765 2788 2758
2788 2765 2789
2766 2789 2765
2764 2789 2766
2761 2790 2784
2783 2784 2790
2774 2790 2761
2774 2761 2767
2783 2790 2782
2782 2790 2774
2791 2600 2695
2791 2695 2792
2600 2601 2695
2791 2591 2600
2590 2591 2791
2793 2590 2791
2791 2792 2793
2793 2792 2794
2794 2795 2793
2587 2793 2795
2795 2794 2796
2796 2794 2797
2792 2797 2794
2798 2796 2797
2798 2799 2796
2797 2800 2798
2800 2797 2801
2797 2792 2801
2801 2792 2802
2801 2802 2800
2695 2802 2792
2800 2802 2803
2800 2803 2804
2804 2798 2800
2803 2805 2804
2805 2803 2697
2805 2697 2806
2805 2806 2807
2799 2808 2807
2805 2808 2804
2805 2807 2808
2798 2804 2808
2799 2798 2808
2698 2806 2697
2698 2807 2806
2701 2807 2698
2694 2697 2803
2803 2695 2694
2695 2803 2802
2807 2701 2809
2810 2807 2809
2807 2810 2609
2810 2809 2627
2809 2701 2627
2609 2810 2607
2810 2627 2615
2810 2615 2607
2609 2799 2807
2796 2799 2609
2609 2811 2796
2594 2811 2609
2811 2812 2796
2811 2594 2812
2594 2592 2812
2587 2812 2592
2812 2587 2795
2812 2795 2796
2813 2587 2585
2585 2814 2813
2814 2585 2583
2583 2815 2814
2815 2583 2580
2587 2813 2816
2589 2816 2813
2816 2589 2590
2590 2793 2816
2587 2816 2793
2813 2817 2589
2817 2813 2814
2817 2586 2589
2586 2817 2584
2818 2584 2817
2814 2818 2817
2818 2814 2815
2584 2818 2581
2818 2582 2581
2582 2818 2819
2820 2582 2819
2580 2582 2820
2580 2820 2821
2821 2818 2815
2818 2821 2819
2820 2819 2821
2580 2821 2815
2822 2649 2647
2649 2822 2664
2647 2823 2822
2823 2647 2645
2643 2823 2645
2823 2643 2824
2640 2824 2643
2824 2640 2638
2822 2727 2664
2727 2822 2725
2823 2725 2822
2725 2823 2723
2721 2823 2824
2823 2721 2723
2718 2824 2638
2824 2718 2721
2673 2630 2632
2630 2673 2677
2749 2710 2691
2710 2749 2748
2688 2749 2691
2747 2710 2748
2710 2747 2713
2825 2826 2827
2827 2828 2825
2828 2827 2829
2829 2830 2828
2830 2829 2831
2831 2832 2830
2832 2831 2833
2834 2833 2831
2833 2834 2835
2835 2836 2833
2836 2832 2833
2832 2836 2837
2838 2837 2836
2839 2837 2838
2839 2838 2840
2841 2839 2840
2841 2842 2839
2840 2843 2841
2843 2840 2844
2845 2840 2838
2840 2845 2844
2836 2845 2838
2844 2845 2846
2844 2846 2843
2843 2846 2847
2843 2847 2848
2848 2841 2843
2847 2849 2848
2849 2847 2850
2849 2850 2851
2849 2851 2852
2852 2842 2853
2849 2853 2848
2849 2852 2853
2841 2848 2853
2842 2841 2853
2852 2854 2842
2839 2842 2854
2855 2851 2850
2855 2852 2851
2856 2855 2850
2857 2855 2856
2856 2858 2857
2859 2855 2857
2859 2852 2855
2860 2852 2859
2861 2859 2857
2857 2858 2861
2862 2861 2858
2859 2861 2863
2864 2863 2861
2861 2862 2864
2863 2864 2865
2866 2863 2865
2865 2867 2866
2868 2865 2864
2865 2868 2869
2865 2869 2867
2868 2870 2869
2869 2870 2871
2869 2871 2867
2872 2860 2859
2872 2859 2863
2872 2863 2866
2858 2873 2862
2873 2874 2862
2864 2874 2868
2874 2864 2862
2874 2873 2875
2875 2876 2874
2876 2868 2874
2876 2875 2877
2878 2871 2870
2878 2879 2871
2879 2878 2880
2881 2879 2880
2881 2880 2882
2883 2881 2882
2884 2883 2882
2882 2880 2884
2883 2884 2885
2886 2885 2884
2885 2886 2887
2887 2888 2885
2888 2887 2889
2889 2890 2888
2890 2889 2891
2891 2892 2890
2892 2891 2893
2893 2894 2892
2894 2893 2895
2896 2894 2895
2884 2897 2886
2897 2884 2898
2898 2899 2897
2899 2898 2900
2900 2901 2899
2901 2900 2902
2902 2903 2901
2903 2902 2904
2904 2905 2903
2905 2901 2903
2905 2904 2906
2895 2907 2896
2907 2908 2896
2908 2909 2896
2896 2909 2894
2906 2910 2905
2901 2905 2910
2910 2906 2911
2900 2898 2878
2898 2880 2878
2898 2884 2880
2900 2878 2870
2902 2900 2870
2868 2902 2870
2902 2868 2904
2912 2910 2911
2910 2912 2913
2912 2914 2913
2914 2912 2915
2915 2912 2911
2911 2906 2915
2915 2877 2914
2877 2915 2876
2906 2876 2915
2906 2904 2876
2904 2868 2876
2913 2901 2910
2916 2913 2914
2917 2913 2916
2917 2899 2913
2899 2901 2913
2897 2899 2917
2918 2916 2914
2914 2877 2918
2916 2918 2919
2919 2918 2920
2921 2920 2918
2918 2922 2921
2923 2921 2922
2923 2922 2924
2925 2924 2922
2924 2925 2926
2925 2927 2926
2927 2925 2928
2929 2927 2928
2927 2929 2930
2930 2929 2931
2931 2929 2932
2928 2932 2929
2930 2931 2932
2932 2927 2930
2932 2928 2933
2927 2932 2933
2928 2934 2933
2875 2925 2922
2925 2875 2873
2928 2925 2873
2934 2928 2873
2935 2934 2873
2935 2936 2934
2934 2936 2933
2935 2873 2858
2856 2935 2858
2935 2856 2937
2856 2938 2937
2938 2856 2850
2850 2939 2938
2939 2850 2847
2847 2940 2939
2940 2847 2846
2938 2941 2937
2941 2935 2937
2941 2938 2942
2939 2942 2938
2941 2942 2943
2944 2941 2943
2941 2944 2945
2935 2941 2945
2935 2945 2936
2946 2944 2943
2946 2947 2944
2944 2947 2945
2948 2945 2947
2947 2946 2949
2949 2950 2947
2947 2950 2948
2950 2949 2951
2866 2951 2949
2951 2866 2867
2951 2952 2950
2952 2951 2953
2951 2867 2953
2952 2953 2954
2953 2871 2954
2953 2867 2871
2872 2949 2946
2872 2866 2949
2945 2948 2936
2948 2955 2936
2955 2948 2956
2950 2952 2956
2956 2948 2950
2957 2955 2956
2957 2956 2952
2955 2957 2958
2959 2954 2871
2959 2871 2879
2879 2960 2959
2881 2960 2879
2881 2961 2960
2883 2961 2881
2883 2962 2961
2961 2962 2960
2962 2883 2963
2963 2964 2962
2964 2963 2965
2966 2965 2963
2965 2966 2967
2968 2967 2966
2967 2968 2969
2970 2969 2968
2969 2970 2971
2972 2971 2970
2971 2972 2895
2973 2895 2972
2974 2962 2964
2962 2974 2975
2976 2975 2974
2975 2976 2977
2978 2977 2976
2977 2978 2979
2980 2979 2978
2979 2980 2981
2982 2981 2980
2978 2982 2980
2981 2982 2983
2895 2973 2907
2907 2973 2908
2908 2973 2909
2973 2972 2909
2984 2983 2982
2982 2978 2984
2983 2984 2985
2977 2959 2975
2975 2959 2960
2975 2960 2962
2977 2954 2959
2979 2954 2977
2952 2954 2979
2979 2981 2952
2984 2986 2985
2986 2984 2987
2988 2986 2987
2986 2988 2989
2989 2985 2986
2985 2989 2983
2958 2989 2988
2989 2958 2957
2983 2989 2957
2983 2957 2981
2981 2957 2952
2987 2984 2978
2990 2988 2987
2991 2990 2987
2991 2987 2976
2976 2987 2978
2974 2991 2976
2992 2988 2990
2988 2992 2958
2990 2919 2992
2919 2920 2992
2921 2992 2920
2992 2921 2993
2923 2993 2921
2923 2924 2993
2924 2994 2993
2994 2924 2926
2927 2994 2926
2994 2927 2933
2990 2995 2919
2995 2996 2919
2997 2919 2996
2997 2916 2919
2916 2997 2998
2917 2916 2998
2999 2997 2996
2999 2996 2995
2999 3000 2997
2997 3000 2998
3001 3000 2999
3002 3000 3001
2917 2998 3002
2998 3000 3002
3003 3002 3001
3004 2917 3002
3002 3003 3004
3003 3005 3004
3005 3006 3004
3006 3005 3007
3008 3007 3005
3007 3008 3009
3010 3005 3003
3005 3010 3008
3011 3008 3010
3009 3008 3011
3006 3012 3004
3004 3013 2917
3013 3004 3012
3013 2897 2917
2886 2897 3013
2886 3013 3014
3013 3012 3014
2886 3014 3015
2887 2886 3015
2887 3015 3016
3017 3016 3015
3015 3018 3017
3015 3014 3018
3014 3019 3018
3014 3012 3019
3016 3017 3020
3021 3016 3020
3016 2889 2887
2889 3016 3021
3022 2889 3021
2889 3022 2891
3023 2891 3022
2891 3023 2893
2893 3023 3024
2893 3024 2895
2971 3024 3023
2971 2895 3024
2969 3023 3022
3023 2969 2971
2967 3022 3021
3022 2967 2969
3021 3020 3025
3025 3020 3017
3025 2967 3021
3017 3026 3025
3027 3018 3019
3026 3018 3027
3026 3017 3018
2964 3026 3027
2965 3026 2964
2967 3025 2965
2965 3025 3026
2964 3027 3028
2964 3028 2974
3028 2991 2974
3029 2991 3028
3029 3030 2991
2991 3030 3031
2991 3031 2990
2995 2990 3031
3030 3029 3003
3003 3001 3030
3030 3001 3032
3031 3030 3032
2995 3031 3032
2999 2995 3032
3001 2999 3032
3003 3029 3033
3006 3033 3029
3033 3006 3007
3007 3034 3033
3034 3007 3009
3010 3033 3034
3033 3010 3003
3011 3010 3034
3009 3011 3034
3006 3029 3035
3019 3006 3035
3019 3012 3006
3027 3019 3035
3028 3027 3035
3028 3035 3029
3036 2940 2845
3036 3037 2940
2845 2940 2846
3036 2845 2836
2836 2835 3036
2835 3038 3036
3036 3038 3037
3038 3039 3037
3039 3038 3040
2832 3040 3038
3040 3041 3039
3041 3042 3039
3042 3037 3039
3043 3042 3041
3043 3041 3044
3045 3042 3043
3042 3045 3046
3037 3042 3046
3046 3047 3037
3046 3045 3047
3045 3048 3047
3045 3049 3048
3043 3049 3045
3048 3049 3050
3050 2942 3048
3050 3051 2942
3050 3052 3051
3044 3052 3053
3050 3049 3053
3050 3053 3052
3049 3043 3053
3044 3053 3043
2943 2942 3051
2943 3051 3052
2946 2943 3052
2942 2939 3048
3048 2940 3047
2940 3048 2939
2940 3037 3047
3052 3054 2946
3055 3054 3052
3052 2854 3055
3055 2872 3054
3054 2872 2946
2854 2852 3055
3055 2860 2872
3055 2852 2860
2854 3052 3044
3041 2854 3044
2854 3041 3056
2839 2854 3056
3056 3041 3057
3056 3057 2839
2839 3057 2837
2832 2837 3057
3057 3040 2832
3057 3041 3040
3058 2832 3059
2832 3058 2830
3060 2830 3058
2830 3060 2828
3061 2828 3060
2828 3061 2825
3059 2834 3058
2834 3059 2835
3038 2835 3059
2832 3038 3059
3058 3062 3060
3062 3058 2834
2831 3062 2834
3062 2831 2829
2829 3063 3062
3060 3063 3061
3063 3060 3062
3063 2829 2827
2826 3063 2827
3063 2826 3064
3065 3064 2826
2825 3065 2826
2825 3066 3065
3063 3066 3061
3066 3063 3064
3065 3066 3064
2825 3061 3066
2894 3067 2892
3067 2894 2909
3068 2892 3067
2892 3068 2890
3068 2888 2890
2888 3068 3069
3069 2885 2888
2885 3069 2883
2972 3067 2909
3067 2972 2970
2970 3068 3067
3068 2970 2968
2966 3068 2968
3068 2966 3069
2963 3069 2966
3069 2963 2883
2918 2875 2922
2875 2918 2877
2955 2994 2936
2994 2955 2993
2933 2936 2994
2955 2992 2993
2992 2955 2958
3070 3071 3072
3071 3070 3073
3074 3071 3073
3075 3074 3073
3074 3075 3076
3077 3076 3075
3076 3077 1404
1420 3077 3075
3077 1420 1408
1408 1406 3077
1421 1420 3075
3073 1421 3075
1423 1421 3073
3070 1423 3073
3070 3072 1425
1425 1423 3070
1406 1403 3077
1403 1404 3077
3078 3072 3071
3078 1425 3072
3079 3074 3076
3074 3079 3080
3074 3080 3071
3071 3080 3078
3076 3081 3079
3081 3076 1404
3081 3082 3079
3082 3081 3083
3083 3084 3082
3082 3084 3085
3085 3079 3082
3080 3079 3085
3085 3084 3086
3085 3086 3087
3087 3080 3085
3078 3080 3087
1425 3078 3087
3087 3088 1425
3086 3088 3087
1425 3088 3089
1425 3089 1427
3089 1428 1427
3089 3090 1428
3091 1428 3090
1428 3091 1431
3092 1431 3091
1431 3092 1433
3093 1433 3092
1433 3093 1435
3093 1436 1435
3086 3084 3094
3095 3088 3086
3086 3094 3095
3096 3089 3088
3095 3096 3088
3089 1438 3090
3096 1438 3089
3090 1439 3091
1439 3090 1440
1440 3090 1438
3091 1441 3092
1441 3091 1439
3092 1442 3093
1442 3092 1441
1442 1436 3093
3097 1438 3096
3096 3098 3097
3095 3098 3096
3099 3098 3095
3100 3099 3095
3095 3101 3100
3094 3101 3095
3102 3101 3094
3103 3100 3101
3103 3101 3102
3103 3102 3083
3104 3103 3083
3104 3083 3105
3105 3106 3104
3105 3107 3106
3106 3107 3108
3109 3108 3107
3107 3110 3109
3110 3111 3109
3112 3108 3109
3104 3106 3112
3112 3106 3108
3113 3112 3109
3109 3111 3113
3111 1398 3113
3111 1399 1398
3110 3107 1400
1400 3107 1401
1402 3110 1400
1401 3107 3114
3114 3107 3105
3114 1404 1401
3115 3110 1402
3116 3110 3115
3116 1399 3111
3116 3111 3110
3116 1397 1399
3116 1396 1397
3116 3117 1396
3117 1402 1396
3118 1402 3117
3118 3115 1402
3116 3119 3117
3116 3115 3119
3119 3120 3117
3118 3117 3120
3119 3115 3120
3118 3120 3115
3114 3081 1404
3105 3081 3114
3083 3081 3105
3083 3102 3084
3094 3084 3102
3121 3122 3123
3122 3121 3124
3123 3125 3121
3125 3123 3126
3123 3127 3126
3127 3123 3128
3122 3128 3123
3128 3122 3129
3122 3124 1446
1446 1444 3122
3122 1444 3129
3130 1446 3124
1448 1446 3130
3126 3131 3125
3131 3126 3132
3131 3132 3133
3132 3134 3133
3126 3134 3132
3134 3126 3127
1444 1445 3129
3131 3133 3135
3135 3133 3134
3136 3127 3128
3136 3125 3137
3127 3136 3137
3137 3131 3135
3134 3137 3135
3137 3134 3127
3128 3138 3136
3138 3128 3129
3138 3121 3136
3121 3138 3124
3125 3136 3121
3131 3137 3125
1448 3130 3139
3138 3139 3124
3130 3124 3139
3139 3140 1448
3097 3140 3139
1448 3140 3141
3140 3142 3141
3143 3142 3140
3143 3140 3097
3144 3097 3139
3139 3138 3144
3144 1445 1438
1438 3097 3144
3138 3129 3144
3144 3129 1445
3145 3142 3143
3146 3145 3143
3147 3145 3146
3147 3146 3148
3148 3149 3147
3149 1486 3147
3149 3148 3150
1486 3149 3151
3145 3147 3152
3147 1486 3152
3152 3153 3145
3153 3142 3145
3152 3154 3153
3154 3152 3155
3155 3152 1486
3154 3156 3153
3153 3156 3142
3154 3157 3156
3141 3156 3157
3142 3156 3141
3158 3141 3157
3159 3158 3157
3157 3154 3159
3141 3158 3160
3141 3160 1448
3160 3161 1448
1448 3161 1455
1456 3158 3159
1457 1456 3159
1457 3159 3162
3154 3162 3159
3162 3154 3155
3162 1459 1457
3163 1459 3162
1459 3163 1461
1462 1461 3163
3158 1463 3160
1463 3158 1456
3160 1464 3161
1464 3160 1463
1465 3161 1464
3161 1465 3164
1467 3164 1465
3164 1467 3165
1469 3164 3165
1469 3165 1470
1470 3165 1467
3164 1469 1471
1462 3163 1472
1472 3163 3166
3166 3163 3162
3166 1474 1472
1471 3161 3164
3161 1471 1455
1474 3166 3167
3162 3167 3166
3155 3167 3162
3155 1477 3167
3167 1477 1474
1486 1477 3155
1486 3168 1388
3168 1387 1388
1383 1387 3168
1486 3151 3168
3168 3151 3169
3169 1383 3168
1386 3169 3151
1386 3151 3170
3151 3149 3170
3170 3171 1386
1386 3171 3113
3113 3172 1386
1386 3172 1391
1391 3172 1398
3113 1398 3172
3171 3112 3113
3171 3173 3112
3173 3171 3170
3112 3173 3174
3173 3170 3150
3174 3173 3150
3170 3149 3150
3150 3100 3174
3112 3174 3104
3104 3174 3103
3174 3100 3103
3150 3148 3100
3099 3100 3148
3148 3146 3099
3099 3146 3098
3143 3098 3146
3098 3143 3097
1416 1437 1418
1416 1424 1437
1385 3175 1386
1385 3176 3175
3176 1383 3175
1383 3176 1380
3177 1380 3176
1380 3177 1378
3177 1362 1378
1384 3177 3176
3176 1385 1384
3177 1384 1365
1362 3177 1365
1386 3175 3169
1383 3169 3175
1362 1361 1378
1365 1379 1372
1351 1353 1360
1360 1353 1358
932 909 880
882 880 909
